7.63386 -0.654128 -0.82247 -1.06866 4.31283 9.58173 1.23332 -0.415545 5.54672 8.69172 6.46703 -1.65279 1.46131 3.53268 6.59263 8.44354 2.1233 2.13426 3.7531 8.61184 4.52843 0.848491 3.10317 6.11988 7.88896 3.3971 6.42 6.37869 1.57996 1.69598 2.10396 3.7868 4.58563 9.27072 5.73376 2.38374 3.39713 3.55466 4.33577 5.44633 6.7334 6.68334 -0.361866 3.84675 8.56713 1.29956 -4.16105 1.34243 3.44116 7.80052 
5.59588 1.76403 5.22999 4.53059 -3.3916 3.35389 7.64311 0.100035 -5.53262 0.104073 0.43649 6.89858 -0.486486 -2.69851 -1.56858 -3.33016 8.13176 1.73043 -3.3399 1.95045 2.69657 7.10751 -6.83734 0.475369 3.35929 -3.07344 0.752105 -1.75705 -0.325391 6.36504 1.76697 -0.948627 4.50533 8.76474 -2.93042 0.947815 -4.31216 3.6252 3.74647 5.3651 4.79683 5.3844 1.1543 0.142752 -1.57344 0.487464 2.98841 6.64018 3.14547 7.52675 
7.13632 -1.53406 -4.82821 0.209557 7.00112 9.30847 -3.79967 -5.8454 0.611789 6.75212 2.14604 2.12528 5.59242 2.12533 0.0223562 1.70205 6.66189 -1.84423 -0.41717 0.433398 8.56723 4.61723 1.82223 3.6217 8.43928 -1.17762 -0.980802 6.61012 1.87213 -7.45909 -1.42854 9.04462 -7.04556 -3.90086 -6.78501 5.54796 5.11407 -2.37341 5.53825 4.90288 4.60786 8.60422 8.28143 0.481267 4.80207 0.765648 -4.64357 1.78215 -1.11556 0.333147 
0.903212 5.44098 1.42271 -4.3384 -2.6605 -2.33901 1.39688 8.62981 0.165524 -4.58635 -2.95576 -0.600766 5.98039 8.3345 -3.76007 4.50876 4.62476 4.15435 5.12583 3.60522 0.631962 5.21914 9.1045 -2.07191 -2.33809 0.159518 0.993729 5.01608 -0.0871363 -4.13344 2.14912 1.59953 0.376014 5.94575 6.36104 6.19826 4.18853 -0.833584 -5.61875 2.64542 10.9505 4.69151 1.00674 4.42514 1.51764 0.607837 2.16672 5.68345 -4.8393 -0.0578932 
10.0904 -2.4766 -0.00805988 1.3874 8.00167 5.4214 3.46334 1.88605 -1.28341 -0.5696 8.98465 2.45874 -9.98367 -1.15055 -4.78981 -4.72743 -4.08666 8.75655 -0.759324 -1.61921 -1.61872 0.392557 1.16837 4.10024 5.19797 4.45143 0.563563 0.0210837 2.93964 9.58147 -5.24183 -3.95284 -3.31617 2.72859 4.20404 -3.35717 0.113784 2.86817 5.84139 -1.82829 0.43211 -4.07544 8.34961 2.82779 0.982051 -3.11468 2.31657 5.99785 1.216 0.929091 
7.1945 -1.64444 0.357049 8.21034 2.35503 0.212717 5.02351 8.09794 6.70894 -6.86799 -0.364233 -1.61809 5.62596 2.02029 4.54989 7.57536 6.28269 4.32536 5.00283 -4.35818 -3.16492 1.78895 2.24792 3.19091 2.66487 4.36536 7.45863 2.65188 -3.51249 -1.14181 1.98332 9.77856 -0.0560763 4.79199 9.9255 3.50546 -4.03984 3.09244 5.9775 2.66126 2.94028 -4.30822 1.88841 -0.477517 3.16835 4.66518 0.582666 -5.4502 -1.41553 0.692534 
0.350101 -0.27855 -4.66161 3.3197 7.07376 0.844564 4.2489 1.59214 8.16246 14.0353 8.14087 2.2906 -3.78719 1.63537 -1.56834 1.67346 5.81978 5.0252 -1.51336 2.9556 4.53515 4.4207 -6.40497 0.844819 -2.77183 -1.50093 4.43199 9.10343 3.08892 -1.34196 -6.28682 3.47911 -1.1031 7.17558 3.97197 -1.71383 -2.77996 5.35753 2.70888 -2.75794 -1.40192 8.22159 -0.147295 -5.65635 -0.487674 1.48898 4.49077 8.98205 0.83045 -7.47083 
3.77705 -0.0845846 2.06638 7.30904 7.56966 -4.20028 -1.08508 6.13675 6.46418 -7.06964 2.65055 0.434394 1.27061 9.07345 -0.507521 0.716807 3.62153 4.34006 2.81098 5.57272 1.50598 -1.24899 0.129854 8.92618 -2.00492 3.42203 6.81375 2.54923 3.43211 7.5619 6.39248 -0.75818 6.04025 2.25917 1.89131 2.65694 5.96255 -3.15662 -0.25837 3.18161 3.96638 2.28958 6.00128 5.07524 -0.716206 4.98334 -3.96979 -0.0671235 -0.0185674 7.0725 
1.94352 3.77981 7.09517 2.92578 2.85701 6.19765 -2.16558 -3.29205 -1.11524 3.36638 9.23527 3.80787 -0.0405693 1.24602 7.0078 1.41908 -2.82561 3.32008 14.8559 3.59562 1.56551 2.92366 -6.78347 -6.10532 2.99963 -3.09352 -2.24914 6.29152 7.78986 4.62233 0.297985 2.24956 3.7855 6.20188 2.07135 3.89758 0.0786788 -0.181671 1.82473 4.76125 13.9916 7.87432 -1.15149 6.19715 2.66471 -1.03478 -1.44436 0.363181 3.91698 1.12355 
1.71535 6.48373 3.54632 6.49074 7.57003 4.0003 0.96484 5.64151 7.79234 7.39834 2.76178 -1.54095 2.08981 7.35271 -2.12589 -1.68464 0.096293 8.06488 9.03217 -3.18363 6.17112 9.97702 2.02113 3.42432 1.18303 -0.359441 2.27093 9.41727 -8.82633 -3.53556 -4.26489 5.91741 5.16684 3.62442 3.63733 3.15599 2.95537 -4.00982 5.10205 6.6683 -0.411526 4.5357 10.5706 9.91483 1.48568 0.126359 -5.59023 1.46556 -1.61107 1.09445 
-2.83217 5.13917 1.55968 -2.47159 5.14655 7.12155 1.27798 1.03254 2.20323 4.53854 5.7319 0.873317 -1.81166 -2.38074 -2.00723 8.2433 9.88512 5.22028 5.04826 4.91067 -2.8705 2.0883 -2.86606 0.593345 5.72224 9.9576 -0.366912 -2.05978 2.81281 7.89556 -3.27875 -3.31649 -3.70676 9.80287 -2.08245 -1.13635 1.26884 3.79546 2.66879 -6.32037 -2.69757 -5.67774 -5.4324 3.2674 6.79892 7.14248 -2.81322 -6.77746 4.20005 4.84048 
-1.94396 -0.0328895 -0.585509 5.97491 3.72241 3.46352 5.665 2.61678 2.44081 -1.52943 4.32821 8.80957 3.09536 -3.52345 -4.87135 -2.98171 0.203253 0.490863 -1.51899 1.74206 12.6225 6.89369 4.5873 0.860038 -3.36281 1.7836 5.25799 5.90912 -2.0424 2.44351 2.04937 -5.47178 -3.90557 3.16107 6.0789 1.97189 2.8894 -1.73098 -1.07253 0.755258 5.32574 7.75078 2.68265 7.83308 7.05473 -3.53973 2.1448 9.12187 5.2972 -3.77481 
3.71917 0.660966 1.53257 7.62132 1.59075 1.79465 6.61549 6.67319 0.427958 5.531 8.25136 -4.21515 5.02744 8.57837 1.18228 1.39405 6.68039 1.07326 -3.55702 0.0956921 0.419605 -0.708492 1.80608 -5.74975 4.05919 6.24658 -1.8305 2.60631 3.04639 5.78285 1.25505 0.464501 5.03723 5.04729 -2.33667 4.13336 5.43808 3.84756 7.30402 -4.46966 5.97984 3.91505 1.99251 5.57773 13.6611 5.45925 3.93442 2.80289 -6.21084 3.7098 
5.71 1.37395 -0.190184 7.46925 6.16274 -2.65018 -1.27121 -1.55772 -4.73012 6.37881 6.45266 -1.22378 -0.859014 -2.61617 1.81492 13.8239 5.76084 3.77423 8.24889 3.06922 -1.16574 1.36672 2.42545 8.75628 -1.4952 -7.80517 2.29471 1.27821 7.08701 8.00865 2.74078 3.46548 -0.532339 -0.468516 1.62322 9.48155 -2.35803 3.45496 -1.17793 10.5278 4.0725 2.62941 -1.6039 3.18634 4.9989 -2.95636 2.77455 4.9197 9.67041 -2.83534 
0.991625 4.23012 6.7306 3.65419 -5.29723 0.299067 0.398966 6.2898 2.10837 4.88112 7.32356 1.20472 -0.421332 7.05865 -2.4884 0.217844 -4.43813 9.2625 10.2376 -2.38336 3.60346 6.87794 4.481 1.56661 4.39219 4.36808 -3.69416 -2.36626 -1.6107 -2.62136 -0.0152401 10.5859 -1.74284 -4.01737 -0.895415 3.8311 7.60698 4.82614 -1.8905 -0.0868364 2.46276 8.368 -3.42633 3.04183 3.47282 5.83305 13.5706 6.20683 -6.45604 -1.04924 
-1.7213 4.47127 1.78582 -3.27834 -5.71258 3.46532 9.04738 -2.02855 -1.95109 -1.3701 8.66149 5.83945 -4.26126 3.24614 4.0057 2.12091 -0.187715 -3.39062 0.567317 1.637 10.645 -4.15124 -3.09092 -1.03971 0.467935 3.41274 3.48578 4.57046 3.278 1.22321 2.06043 3.16029 8.76846 1.43471 -1.62107 4.87361 2.94267 -1.29851 4.86906 8.21361 3.68 10.522 5.39717 0.958142 2.02007 -0.639451 -1.33252 3.45877 7.1027 -4.45476 
5.54588 7.91559 -1.93299 1.47022 -0.206079 1.9542 5.15888 7.16269 -4.03451 0.95623 2.76391 0.8092 1.62267 8.95143 1.51354 -3.09247 -1.06437 11.856 -2.31946 5.16342 -1.4322 -1.77234 1.58478 7.28409 3.35521 -5.48045 -1.31188 2.07831 3.5929 3.86769 -1.86664 5.71012 4.2365 5.0325 6.54061 -3.80373 -8.89054 4.97693 -5.85696 2.8835 2.76958 0.66243 4.37914 8.15291 -1.52159 2.67885 4.92659 -3.06815 1.17517 0.0643387 
1.01148 2.59852 12.2878 1.47276 -4.05675 0.22038 6.56495 4.34486 3.37437 4.82846 10.7719 -0.752646 -1.80005 1.96341 5.45081 1.13909 -0.503889 5.37297 9.0082 5.12703 5.14267 -1.6887 0.814835 6.83069 5.03503 5.65104 0.743774 -4.80799 1.46376 4.05096 1.56848 9.22644 0.714214 -0.377988 7.78281 4.62678 -2.27707 2.86504 5.13801 5.66666 -6.09948 0.6444 2.46324 10.1799 4.32274 4.03124 5.76406 -1.44548 3.6054 1.95906 
4.87481 -2.43468 -11.276 -0.140812 -0.196417 5.7772 4.03716 4.92739 6.86847 2.18299 3.57799 4.8968 4.61068 1.54466 -0.469118 5.21675 2.01992 7.11562 12.7886 -4.16986 1.19914 -1.85562 -0.763054 -0.698465 -0.683875 0.757485 4.69631 5.58872 2.42444 1.07326 -2.96931 -0.733821 -1.58235 4.33864 8.11574 2.01615 5.99397 2.42296 -8.48988 1.5313 0.910232 3.00387 7.22139 -2.01443 -1.05459 2.86234 11.2369 6.74135 5.90906 8.13214 
1.99519 -2.41044 3.31586 3.47087 -1.29897 1.03047 5.57309 -0.623199 -2.0645 -2.13656 5.0984 7.59573 4.34833 2.60905 3.45517 -1.10263 -4.89095 -3.12954 5.24831 2.66645 -1.68655 1.28803 9.36786 -2.8966 4.1164 -1.67708 -0.770998 0.362913 6.51296 7.52911 -5.56283 -4.76433 -1.06786 6.59634 1.44502 1.49214 9.2598 0.513357 -3.41188 -0.348582 6.57573 7.51937 -3.7424 -3.88054 5.24003 1.82631 5.06911 -4.14679 -3.56917 5.72348 
9.80097 -3.20717 -3.70076 1.27443 5.06873 10.1242 6.57892 0.044051 5.6066 5.49487 -1.21605 -0.61348 -1.5191 -0.623134 4.78774 2.7769 -2.04628 1.42988 8.65431 2.32621 -9.52161 -1.88211 2.96112 6.07429 4.52247 7.8744 -1.56319 -1.72801 1.5575 2.03544 -1.49781 3.73382 8.33065 2.41895 6.39264 1.98578 -0.127976 5.26137 8.4873 -3.02137 2.28751 2.71064 9.35152 3.01779 0.805771 7.18946 2.88405 -2.77627 0.905711 6.19105 
-2.96725 -1.3792 4.01933 7.62269 -5.2681 2.88083 10.1624 -3.38262 -0.0363592 0.191694 5.8722 5.48401 -3.4251 -0.879706 2.32314 10.3158 9.09242 3.02066 0.11275 1.92288 5.87517 3.45042 4.22275 2.45454 -2.11174 0.886208 3.70947 6.1548 -0.969577 -2.4658 4.57871 9.24031 -3.25128 7.54234 3.49969 0.920972 5.58668 -3.01181 2.54151 6.89925 2.20717 -6.69616 -3.47297 5.34107 2.00501 -0.512982 2.17368 7.57653 1.24915 3.34143 
-4.99142 1.34692 1.51045 1.77227 4.88411 4.78395 1.40777 1.45014 4.94024 8.99568 2.1403 -0.324419 -1.1324 0.16028 7.31092 -0.189808 -10.8474 2.46166 5.31077 3.65474 6.1222 5.77476 3.07469 -0.867127 -7.82528 -1.83143 3.86593 3.13848 3.99742 6.59328 3.95088 -6.27619 -3.17553 -1.12773 1.00166 9.94401 6.28228 2.49268 11.0552 10.9359 3.16362 4.19116 3.87764 1.9218 1.68185 -4.74028 0.986404 0.837663 7.00726 3.41164 
7.15082 0.811776 -3.00408 -0.675421 -2.77483 4.38867 5.96461 -1.75451 -1.48321 0.156598 -2.20136 6.10435 6.144 0.548685 8.37027 6.23775 -0.182962 2.4123 -0.562665 -0.221411 2.55241 8.86976 -2.26592 0.211685 0.0724484 4.15597 4.70696 -1.71317 5.2884 1.00948 1.02061 7.43892 3.08118 -3.37042 0.836862 -0.915498 2.13014 17.3735 -1.68521 -1.41042 0.395956 3.90952 3.3633 3.99615 4.59092 2.62683 -0.337986 -1.53442 0.957284 2.37012 
-0.616614 1.47958 1.6616 6.87643 -3.47169 -4.30099 0.531179 5.43613 4.70274 5.3051 -4.13364 2.49255 0.505635 7.30437 8.75282 5.25351 10.2697 7.8118 -4.86278 -3.16302 0.324666 3.29289 2.99671 5.27741 9.27412 -2.81929 3.50826 6.29105 -2.12552 -3.02461 -0.269729 6.59746 5.06581 3.79903 -0.485239 -7.4623 -2.46737 -0.0216227 2.32103 0.801504 5.74677 5.29238 -4.83535 5.49094 8.54904 4.59792 5.19624 -2.41379 -3.74824 -0.397253 
1.24937 -1.12593 -1.82607 0.687202 2.90801 5.98415 -1.7313 -3.0216 1.46528 1.72379 4.0403 3.32785 -3.62492 6.20291 1.95682 3.22929 11.5243 1.00184 4.13596 2.78651 6.3536 3.48969 -0.00805587 0.382702 8.54056 8.13528 -1.13997 4.0818 -3.04201 -2.62567 3.64714 12.1759 3.94214 6.12859 6.98594 -1.34879 1.97173 2.46001 1.53745 -0.745784 -1.5775 -0.3549 6.31387 11.8525 -5.74077 1.14141 3.80762 11.0446 1.36118 -2.18171 
7.17734 5.83849 -1.33481 5.18297 1.21972 2.40087 1.1054 3.77446 7.31812 -1.24299 4.35469 4.33537 4.65765 6.45459 3.44322 8.30411 6.68198 -8.29593 -1.50685 1.55465 1.50844 0.867619 5.37681 2.33112 -3.61256 1.01085 8.91177 5.55663 -1.88927 -0.548537 0.305606 -3.36108 4.7382 10.174 -2.66262 6.58012 8.28402 -0.130076 2.43142 4.62071 3.16512 -4.19257 3.12805 3.62284 3.78674 6.85666 2.26139 5.40265 3.84553 4.13258 
0.605036 9.64195 9.85848 -1.17759 2.39053 4.24255 8.51622 1.46349 -2.94759 2.90971 6.61458 -0.934917 4.08591 4.07357 8.71531 7.38813 3.60398 4.36239 2.65424 5.27473 3.42673 -4.21245 3.92819 7.2413 3.88324 -1.13355 -6.6106 2.12789 -0.262951 6.49238 -0.749719 -0.20542 2.42687 6.9451 -1.74862 1.31916 -1.93178 9.08449 8.12631 -3.07673 6.52553 0.899596 -3.94641 -1.37434 -3.53962 -0.330098 0.984006 9.11325 -1.0343 0.552845 
1.20525 -3.06968 -2.00239 10.5975 1.91414 -1.64343 -1.10321 2.39419 4.97412 -4.02054 3.25098 -0.343681 -6.36315 -1.11139 -2.50876 5.89549 3.04457 -4.54299 -0.320049 -2.10047 5.90491 8.48271 -2.18602 -2.77678 -1.09672 -1.22903 2.89319 6.07245 6.22286 5.40824 -1.83764 -4.75994 3.39336 4.53966 -0.767785 1.65937 9.2327 6.79226 0.686559 3.07657 8.49975 5.96714 0.230662 5.31755 7.44155 -4.524 1.35465 -2.91013 -0.802247 4.87325 
7.47221 8.60702 3.77619 1.58604 0.26634 3.33975 6.51395 -0.602401 -4.16069 -1.30244 10.863 7.01586 -0.269847 2.01914 0.0835283 2.45779 -0.551727 2.178 6.53457 -1.98378 -1.76297 2.06613 5.8014 7.295 7.42033 -3.47825 5.12503 4.15218 -0.706472 -0.337279 5.24663 10.3706 -4.60712 -0.458488 -4.38828 -2.23748 3.54669 3.52704 6.25429 6.90558 -0.277192 4.9934 4.21161 7.89452 9.0777 -4.73342 2.88165 -3.77862 0.642683 1.66273 
1.26421 -2.22106 -0.274273 5.29547 3.40198 -2.69442 3.33539 13.7877 4.3921 1.25355 -1.56862 -1.3247 2.78279 6.02904 2.80575 4.23197 10.146 3.63157 -3.29409 -0.447862 3.76325 3.44498 -2.15276 4.24068 11.3319 2.98609 -2.00809 1.92631 0.261842 -0.815285 8.27236 6.7919 1.84585 3.65683 -2.17507 2.01882 3.95328 6.32312 5.16552 6.7067 6.88854 -2.97996 1.67714 5.51503 5.31679 -5.88506 4.76313 3.91423 9.21617 4.20917 
2.63052 -5.5967 -0.0631904 -0.633092 0.617214 4.56743 6.6989 -6.72112 2.45227 4.83048 2.90812 2.64737 5.26121 10.2045 2.06084 2.8439 5.25252 1.5156 2.78122 2.17915 -3.3957 1.72834 1.1861 6.73013 1.56366 -4.75805 2.51423 4.08521 9.40066 4.98368 5.44104 -0.837559 -1.65162 1.59056 11.3087 6.93471 0.24101 -2.88735 0.903901 0.297127 3.02926 2.92983 4.19013 6.81909 -2.81047 0.07115 -0.952755 9.4855 11.7748 5.08764 
-4.2253 -2.1222 8.00376 2.75316 -0.0441171 4.16669 4.28308 3.82051 -0.657906 -0.946254 5.67623 6.51519 4.06657 3.68028 -1.68727 4.52471 5.18836 9.17859 7.17013 1.06259 3.53886 -1.32565 2.49448 0.00408948 3.75463 8.54024 -4.62618 -4.35342 2.10774 1.63218 -0.185745 9.48686 12.9481 -0.292591 6.62168 4.94904 -5.16699 2.6735 -2.86316 3.81602 2.64055 -1.69315 1.98124 3.30135 4.93459 -1.29707 -1.69387 1.38517 9.00147 0.901549 
6.6267 5.49124 -0.307918 3.45847 11.8368 1.26415 0.390866 2.88868 5.91242 1.96972 -1.74554 5.57545 10.6756 2.92456 4.47983 0.240366 4.25123 0.706916 -2.70824 -4.23531 5.14462 12.8651 -1.5199 3.67916 -0.335089 -0.436106 0.168338 0.545198 3.84707 5.42458 -2.17741 5.64292 9.60464 -2.51948 4.24619 3.52448 -2.16998 -0.775754 5.12528 0.618242 -3.27926 -2.46458 6.23497 5.68615 2.14716 5.81263 3.95437 -1.77243 -2.40277 -2.12481 
-0.146711 -6.67686 0.708257 -2.44808 4.22893 8.37462 -0.216923 -0.927875 1.62748 8.8202 3.29002 -4.9682 4.87901 7.75525 2.37912 -7.49405 -0.798146 -0.901541 6.39454 4.19959 1.07404 5.79497 -2.9215 4.94102 -6.61016 -2.79725 1.20023 5.46877 5.46799 7.24122 -3.45167 -3.64297 -1.89825 -1.51871 4.54159 2.76354 -2.42134 2.0048 7.87448 2.14751 -0.853052 3.14206 5.9658 -0.452797 -2.58651 2.08142 11.9606 0.701256 1.6371 4.58257 
0.670147 5.15474 5.62607 1.54832 -4.56358 1.62466 3.85077 5.24847 1.57298 -0.905081 -0.730203 6.77246 -2.11766 -5.81935 1.05767 5.59929 4.00423 3.77886 -5.58717 2.68784 6.42198 3.48494 -0.76929 0.900649 0.118047 6.86385 -1.43756 -2.38698 0.588889 0.992825 4.01408 1.92133 7.31033 -1.88882 -3.16256 -1.21922 3.53411 1.09617 1.25702 7.33773 2.29374 -4.72365 2.96261 4.04033 0.636278 10.3446 7.10286 -4.65766 3.73563 1.53433 
3.9623 -0.472912 7.47029 4.59576 1.02345 5.30003 1.45857 -3.05713 0.486411 8.0173 -4.72354 -4.8616 -2.50089 6.256 -2.81389 -3.01733 0.931788 6.38348 -0.00602468 5.15268 6.16189 1.61648 5.13835 5.17967 -3.90616 6.64966 9.2932 4.93655 -2.90067 -4.12568 0.563236 11.3561 1.51815 3.26176 5.84398 2.46097 -4.43347 -1.6487 0.27417 3.11905 2.9812 1.13286 5.41153 2.97831 0.648141 4.16867 5.49395 -2.63631 1.13208 10.1286 
-4.96878 -6.16713 -3.18752 -1.13626 12.1773 2.26853 -1.58842 -0.797172 6.96404 2.63893 -3.31551 1.37503 5.27888 9.43797 2.83635 0.597071 6.44092 -2.11128 -1.53088 -2.29233 7.94906 -0.850961 -1.9807 0.624512 7.45777 5.0758 -3.4576 -5.00709 4.05627 6.63757 -0.143455 4.81611 11.9218 -0.49967 5.2242 3.0587 1.4311 5.34845 4.3181 -5.9259 3.42062 3.5664 4.80904 6.52916 -0.674548 3.10398 4.3497 4.72874 11.8086 1.65506 
3.45121 3.22327 5.91088 -0.073123 -0.0225105 0.544013 3.18341 2.3619 6.06496 8.04511 -1.44048 5.0641 3.32172 -0.892032 -1.06977 7.01361 -2.33027 -9.09682 -1.80706 4.57772 0.874083 1.73886 3.14849 7.10027 -2.49787 -1.89209 -0.865755 7.07307 6.96125 7.07969 6.86424 -0.349808 4.72897 9.49663 -1.12827 -1.70491 4.00465 5.90779 7.2047 0.0842565 4.11301 2.0643 -0.0844412 5.0108 9.14603 -6.72494 -0.0495634 1.32162 7.83862 8.60255 
-3.05022 -0.781549 2.78614 -3.24001 -3.49771 6.44245 5.09863 -0.000337942 0.940606 1.67673 3.76472 5.66783 1.41197 -3.56384 -1.16573 9.28165 0.835715 1.76359 1.7921 7.07227 0.203788 -3.24691 3.99196 8.31496 -0.236452 3.13491 9.78008 5.69026 -1.37985 0.364304 -1.43149 -2.81878 3.46562 10.2214 4.28463 4.81915 1.85017 1.27708 6.68403 7.27685 -3.37255 3.98444 4.25826 4.32708 1.85771 0.376156 1.64934 5.25312 -2.8762 -0.851991 
9.4368 1.08872 5.51356 6.71479 4.64645 7.2926 -1.9041 -0.610947 4.20104 3.43355 -0.895716 2.14154 12.1296 3.82658 -4.174 -1.09776 -0.259441 0.742435 7.83837 1.4017 1.44422 0.525384 10.2795 -0.0143164 0.926113 0.670441 6.04649 8.99044 3.54771 7.76635 2.7085 2.21538 4.15 -6.63701 0.559299 4.32143 1.22899 -4.36308 1.77764 7.55517 5.7586 7.6565 4.76592 -1.57207 5.79696 3.00543 -2.31795 3.02203 -1.0473 4.8696 
6.89797 11.3398 -8.83676 -1.68696 -5.29792 -2.07727 -0.761428 7.19801 9.10565 -2.47234 0.523447 4.65012 -3.74657 -0.820891 -5.79477 -0.464668 10.0664 -0.490622 0.872296 -2.86733 -3.14397 10.114 -1.0317 3.99936 0.802097 9.09549 9.36191 7.32398 2.62912 0.32407 5.35671 4.69014 3.86577 5.05831 4.44684 4.55089 -0.44533 0.486521 2.75492 3.40509 5.13467 -0.521837 -3.0982 0.50089 8.32401 1.96312 4.69218 9.28126 -2.35546 -0.839949 
-1.62747 -0.0767186 5.0766 5.68956 -3.15232 3.0466 2.56339 8.57738 6.68666 -2.5801 3.04845 -5.82175 -3.16439 -3.38803 0.282061 3.70354 7.93062 1.41953 0.31631 5.23617 8.04981 2.73647 9.25682 11.4925 -0.0950711 0.839962 -2.31869 -0.205671 -4.64511 -0.341455 9.66659 -1.91563 3.49379 8.27198 6.99802 1.02859 0.82599 5.94795 -2.61839 2.84266 -1.3181 3.37174 2.80279 -8.10459 0.00786591 2.60315 1.98333 5.19292 8.30622 -3.33392 
3.17945 6.20135 -0.579974 0.176172 -1.40288 5.53251 6.79407 -4.30286 3.61812 11.4286 -2.99575 -1.88465 -0.241893 2.67743 6.75794 -6.76383 2.28225 -1.25816 11.7545 -3.99994 -8.7706 -2.34189 4.92527 5.69432 0.735102 2.61975 6.85382 2.27784 -0.623151 2.63881 5.22186 2.59132 -4.02977 1.93757 -2.35785 3.77891 12.4312 5.56258 1.62962 -1.09168 2.02366 4.01815 4.02706 7.95353 7.54884 1.06526 2.75169 0.129164 2.44192 4.18837 
6.55274 8.47717 1.84383 2.36281 -1.86814 -1.89105 -0.178552 2.82873 4.66293 -0.611874 -7.78054 -0.38493 6.12585 4.97983 -3.15247 2.33668 7.82489 9.29313 -2.03295 3.42392 0.274227 -8.86466 8.15216 -1.6508 4.79306 5.96469 -2.29169 2.55197 6.23053 4.32651 -3.12214 4.39004 4.4861 1.58619 -2.20089 -2.49481 -1.15499 8.30149 3.25188 -2.85773 -4.06379 0.925938 4.31589 8.58411 2.05021 1.95789 5.11354 -9.78799 3.02603 -0.289568 
-3.57903 2.0728 -4.35875 -0.435092 8.51824 1.32363 5.44492 -0.241833 1.82685 -0.755926 0.37444 6.88859 -0.362925 -4.5555 8.0222 0.390613 0.807992 -1.51996 9.77619 3.37932 -1.99843 5.67651 -0.183423 -0.643327 2.28169 10.2372 -0.540836 -4.75798 -1.82786 -0.528083 1.52704 8.80009 6.60445 0.517657 4.70826 5.3152 2.70096 4.72846 0.440792 1.76891 1.4688 5.33323 4.50323 -3.642 0.757463 11.4292 4.7513 0.28435 3.96735 0.496164 
-1.86416 6.6069 4.28268 -1.85806 6.06055 0.118812 -0.948891 7.60444 -0.183974 -6.8674 0.508044 3.62632 0.194717 0.0604273 8.92705 8.75736 -0.458018 5.96724 0.666195 2.71692 -1.57688 -2.85688 2.14892 10.0623 -3.61449 4.06281 1.38316 1.14924 8.50936 5.26969 -2.74466 4.09019 1.10399 3.83707 8.62305 1.32874 5.18873 10.3099 4.14814 -1.28846 2.44445 4.4479 5.69334 3.74783 4.02154 -4.96222 -1.84106 -5.57786 7.82013 7.37008 
-0.734848 4.24255 7.21379 -3.01549 6.16684 -0.104368 -0.76211 -3.38589 4.9536 1.23403 -5.63615 5.33904 4.13299 -3.48302 3.46842 5.99431 4.76841 4.03555 -4.14652 2.49659 0.0166403 8.57095 -4.68708 2.05967 -0.50418 -1.36083 3.54429 2.06118 -1.22144 0.612567 10.9525 -0.474428 0.423041 0.696371 -0.589815 6.47673 -0.970728 3.33143 10.5286 0.47473 0.00653313 0.31805 -1.80625 -4.65081 7.45203 3.92983 -4.3644 4.14636 6.35145 1.54141 
7.75415 -1.5804 1.77882 -2.88975 -0.447766 11.0868 -0.494455 -1.15477 1.39752 -2.52387 -0.694213 8.74344 4.27938 -6.95191 0.898859 10.4639 0.438691 -4.535 -1.3824 2.93942 10.7186 -1.274 -4.65358 1.13037 10.4904 2.5902 -0.245218 2.86911 7.7645 7.16321 -1.50808 -1.51489 4.66629 6.03769 -5.56874 1.21098 -1.40603 -4.86978 -0.598155 5.64449 -0.381261 5.20683 2.25495 1.50162 7.39575 1.49693 -0.539107 -0.911568 1.69563 4.19194 
2.86382 4.94461 9.48449 2.0771 0.875495 5.614 3.17938 2.74065 7.90651 -1.98942 -3.81803 2.09901 7.2058 3.48007 -8.51983 2.20819 6.90049 2.53017 4.14791 8.5577 1.53689 3.5774 7.43664 2.37618 -9.19671 5.82647 4.36799 1.10454 1.84998 12.6883 3.24762 -1.40706 4.03599 4.4141 7.16062 2.60691 -2.38872 2.91972 7.50097 3.268 -1.14099 1.66974 1.52065 9.69521 1.0128 4.09999 5.42679 5.56346 -2.52285 2.85504 
-1.91874 7.27355 8.81372 4.95349 -3.23297 -5.53002 4.10901 5.89642 2.79278 7.3386 -2.72822 0.762435 1.7188 -1.15516 1.44502 9.47334 -3.88712 -3.05504 -0.786324 -2.29084 5.36441 2.38576 -3.65399 2.68424 5.93696 1.15371 -4.61714 6.84517 2.86981 -1.12559 1.50605 6.13378 1.44238 -4.87199 2.51156 5.40346 1.59566 -7.48967 -0.941385 -1.31979 5.64769 2.98746 -5.71797 6.06832 4.10295 1.8785 7.86329 1.68287 3.88779 4.51052 
-0.90326 3.05075 4.72489 0.332122 1.21307 5.77391 5.09495 4.29153 8.73084 1.21308 -3.37069 5.3811 2.34047 1.17879 -0.10035 3.65399 5.46286 2.85461 2.68894 9.1663 -1.39674 -1.59951 1.728 4.38152 -2.12192 -1.27468 -2.38583 6.08536 5.90148 0.790586 4.75485 10.496 -6.13685 2.06968 5.60462 3.40219 2.04724 4.85593 6.46276 -2.25471 1.87899 2.67025 5.64109 4.66693 -3.05941 0.370953 -0.393238 13.408 -1.89562 0.953671 
9.82806 3.84066 2.04503 2.59248 -4.06027 -2.88563 2.04128 8.34387 6.79646 4.40835 0.751907 0.258581 -1.96254 0.872135 6.73703 7.04439 0.0547385 4.81701 3.47958 0.622219 2.48317 1.58582 6.39313 5.76131 0.0189664 2.60067 5.61114 -2.59516 9.01202 4.68856 2.07145 4.5342 -0.554708 0.735292 0.720174 4.1022 4.79232 -3.46912 1.36941 8.20442 4.03601 -1.77536 -1.7704 0.0814495 5.65804 7.27642 -4.39521 -2.45673 -1.53216 4.7537 
0.448398 -1.82718 11.8499 5.14819 -3.81484 6.66674 -0.139467 -2.26202 3.2227 1.13232 -2.11147 8.39313 -2.8148 -1.28639 2.82057 3.24496 0.944666 1.98687 11.3522 2.70783 3.62313 4.35405 0.766039 1.74554 5.08273 -4.28959 -1.15498 -4.51622 4.64329 12.227 -6.4082 -0.769347 0.406192 1.15558 2.63829 7.24935 2.99363 1.14124 -0.327919 -3.75416 1.62527 5.80745 6.03512 -2.08258 -2.88639 -1.91525 0.201755 7.74281 -0.276819 -1.83388 
-2.85487 -1.6742 3.36941 6.72317 4.61894 5.90828 1.03577 -0.400862 3.49478 6.77202 1.16864 5.87109 10.2734 -1.1344 -6.07409 -4.37071 -1.15976 6.01519 4.7394 2.41102 4.50732 3.48255 -2.49086 -1.01822 1.78954 10.6844 -4.9323 9.11823 -1.94518 -0.762775 -1.31884 1.15921 1.84861 4.6782 1.00927 -2.4355 1.46091 7.36839 4.64114 -6.94315 -2.94802 2.89964 6.40903 5.05041 3.19742 -3.91725 3.50705 1.23831 4.89241 7.2244 
4.49653 6.21988 3.24522 -4.17624 -1.03886 3.43323 8.4584 -5.41575 3.95571 -2.47508 -5.23803 -1.31049 6.03765 2.95888 2.7188 -2.52144 2.24817 -3.49497 0.799263 4.47277 -3.12638 -4.37333 7.33096 0.856064 -2.20588 2.18449 -0.975789 1.32913 -4.33705 4.57505 4.54337 -3.56134 0.663963 0.221577 6.78685 9.17073 -0.255268 -5.05801 0.579021 5.86107 9.97618 -2.04804 2.1742 5.77863 6.75598 3.95701 -2.01551 0.4294 -0.939302 0.479817 
1.73934 0.0515923 1.34438 7.31878 -0.997247 -6.10722 1.43418 2.60324 7.95687 4.29709 -0.453717 2.87331 7.17371 2.89523 -3.63547 0.473949 7.05469 0.394026 -1.69245 3.07414 7.38464 5.72202 3.53062 -4.54377 1.19727 0.223796 6.24356 5.61493 4.26767 1.39047 -0.70238 2.38091 5.81323 9.64271 6.38089 5.10167 2.20565 0.963696 3.66185 2.80776 1.58548 6.1797 -0.26308 2.12275 7.27543 9.78611 2.65711 1.37058 2.59153 -0.427706 
5.26693 4.25541 2.59465 3.60077 6.81726 4.16868 0.860741 -5.53861 3.36747 1.1471 2.5916 5.03082 0.148541 4.23198 7.91083 3.59272 -4.85413 0.721467 0.216803 8.08873 6.90955 5.13625 7.21714 5.10026 -0.982133 1.0917 4.25797 -0.538187 2.43384 5.74056 -4.3412 0.371785 -2.1327 -2.83763 0.938007 2.1492 5.94362 -3.27517 6.6163 -0.24597 4.92632 5.51793 -2.3757 5.45457 4.74117 -2.14422 -0.125219 -3.60164 3.67466 6.6087 
-1.86966 3.1699 6.64151 8.4927 0.62466 -0.0460264 4.71854 6.09017 -4.18418 6.22169 2.1047 3.53471 6.06073 6.79869 -0.316444 -2.02994 -0.415732 2.59622 13.2062 3.44227 -9.53481 3.77519 1.23547 6.33753 7.46854 -4.7965 1.48613 -0.294142 3.36709 7.16742 3.9842 0.522904 -2.10173 0.229986 -2.3744 3.85465 5.18704 1.42459 8.83049 3.45047 -2.76414 2.99294 6.26459 -3.85424 3.45252 1.69952 2.86005 8.45633 -3.48041 1.70424 
-4.44794 -2.12671 -1.34909 8.7755 3.47329 -11.9111 2.12685 -4.95526 -4.7192 -3.645 6.30745 5.79478 -0.594493 -0.444264 2.17698 5.69871 0.588226 -2.31219 -1.6667 5.63345 6.25472 4.39128 5.5102 3.73528 7.89926 6.0274 -2.36059 6.76859 1.37494 2.68196 9.77601 6.63381 -4.56744 -0.986371 -2.06715 -0.837494 2.27771 -1.61394 -1.48521 3.22484 9.52224 -1.44628 -6.49318 -5.01947 -2.34689 -2.56143 7.2094 8.66023 -4.67242 0.680982 
9.73539 8.51438 3.0707 -3.92447 -8.2568 0.0263286 3.75192 1.89321 3.77448 5.43951 -0.773736 2.47992 8.27678 -1.42762 1.18523 1.97834 7.81414 4.15678 -3.2376 -4.02425 1.24683 11.8446 3.69764 7.84514 7.42032 6.54607 7.26425 -2.2715 -3.25794 0.795474 6.14091 3.65598 1.95389 4.2659 7.94522 0.751489 4.37913 7.15801 4.65847 -1.68054 2.35591 6.91876 2.69943 -3.47858 3.51368 6.2853 4.7755 -4.58442 -0.934201 -2.53499 
0.366533 -1.12072 -0.179801 1.51528 2.67206 -3.81538 -0.161279 -2.13588 8.34589 7.18721 -0.726899 -0.212133 -2.49303 0.712757 7.63438 -2.63334 2.21732 1.22719 7.27733 -0.127338 -1.0116 -1.56345 1.96882 4.64347 0.931255 5.25641 -0.378778 -6.50753 -6.61226 4.60086 3.23802 2.89427 1.27958 7.00286 2.4019 -2.01302 3.13894 9.09023 -0.407905 -1.55525 6.60173 2.26429 2.54591 3.68419 9.38136 -1.05998 -2.02098 3.11058 8.31062 -1.62482 
-2.62592 0.182037 8.10437 4.84892 -2.37281 1.52619 -0.473727 -3.38741 -1.4279 -0.466096 5.37844 3.46391 2.30526 10.6801 4.90465 -0.745979 4.26645 -1.32649 2.75994 5.09684 6.39412 -6.2814 -4.65667 1.50773 1.74151 4.28419 10.4734 0.445007 1.73549 7.87667 7.45051 5.55532 0.281549 -0.426454 3.08608 6.03539 -7.18218 1.60393 1.50471 0.953446 12.5262 3.86146 0.598823 4.73063 1.37669 1.97389 1.79525 3.66711 7.48537 -0.944023 
9.61648 1.61223 -1.62074 2.1553 14.1017 2.8446 -1.83025 0.455887 5.6597 4.55564 -3.04844 9.73273 -0.207461 -3.22493 1.44751 4.14038 6.69555 -1.00261 -3.04071 2.50209 1.17886 2.34248 4.82553 4.70473 -4.10376 1.49679 2.81639 5.18512 1.83428 -8.68356 7.17468 6.98367 -0.362899 4.80182 -0.26758 1.50526 4.69991 3.4191 -2.30461 1.53498 0.0561286 7.66759 11.3523 -2.12134 3.66977 2.78082 5.79657 -3.84123 1.22424 -1.0208 
3.53521 3.29123 4.74566 1.59045 -5.81631 4.37957 4.14211 11.4271 -0.757161 -1.88934 2.38369 6.44207 5.083 2.33553 1.25659 -2.75696 0.46366 4.02513 10.6036 6.42778 -4.65592 -0.0787834 2.43426 5.29672 8.71335 5.93762 0.171125 -0.172106 4.10594 0.799126 -1.59021 -1.0435 0.145257 11.0037 5.85446 -2.9236 1.92579 2.3508 5.43143 3.7615 -0.704316 -2.56688 0.0812684 11.6674 4.74112 -5.88468 -0.769277 1.06719 4.93192 -3.57569 
0.0409578 -1.05584 -0.93804 2.82855 7.12774 -7.57284 6.31331 2.32001 3.34972 7.1604 -3.80856 0.691479 1.8621 3.92211 7.71409 -2.00602 0.328837 3.20969 0.133304 3.808 5.61767 -5.71242 -2.15747 0.568904 2.02639 0.686827 2.29183 8.81073 -1.42289 0.659706 3.7406 6.45573 -2.4006 1.73167 2.94337 6.07496 7.98261 1.18575 2.48643 3.37651 5.61384 6.07264 -6.62227 -1.27981 -2.63349 5.75973 7.79232 -1.36716 5.00626 5.59983 
-2.37833 -6.41978 7.85239 2.55572 -0.430636 0.215169 5.58007 1.44877 2.14367 8.221 2.73171 -2.49811 6.06567 6.09853 0.0494653 4.56622 7.00845 -1.50632 -3.59116 0.574191 2.68855 11.3772 -6.89056 -6.09112 -1.26718 2.6218 4.1559 -0.579545 2.4381 6.23065 6.06783 1.39277 5.85239 -1.18727 -3.24172 5.09014 2.36904 3.72951 7.55621 -3.84665 2.72952 6.1108 2.64224 -0.88704 2.40028 8.17352 -0.457586 1.18751 7.52922 -1.73995 
0.343767 7.00242 0.833077 -4.34907 3.80839 2.87259 9.71408 6.37879 -0.869625 6.07144 8.66668 2.66599 1.26418 -7.07035 -2.89499 2.95165 6.0116 -1.73319 1.66681 5.77399 4.85816 0.603599 8.81553 -1.84339 -5.49432 -2.88648 7.59083 6.18703 -0.6851 8.66731 4.30052 -1.83488 4.16846 11.2758 1.08841 1.38365 -0.733866 -1.12473 -1.43378 8.8 0.220194 -4.87713 0.356601 4.47356 5.64045 -2.02806 3.98999 1.56183 8.75319 1.45322 
9.40932 6.21813 3.02056 0.850572 -1.74315 3.57765 3.15979 -3.03264 0.878317 9.77573 1.83605 -7.62887 -0.70998 -2.48734 3.45003 9.39296 4.78166 -5.04086 3.95745 9.58606 2.61029 4.91137 2.33519 -4.04331 2.6056 1.09596 3.25395 6.96027 1.84701 3.4437 1.26281 12.5194 -2.26919 1.90749 -1.39145 -0.438375 8.66554 4.04186 -3.50402 1.52145 -3.17152 -2.45713 9.95474 -0.282766 -8.08847 -1.12984 6.86517 3.10728 -1.9597 0.472304 
5.24924 -0.819863 3.7506 5.01108 -5.50333 1.01373 0.0494734 5.39809 10.803 8.16838 7.49666 0.462339 4.65772 8.64888 -3.11486 -1.12848 3.07705 5.27561 -4.38405 0.66525 0.618487 9.07814 0.473001 -6.03637 3.90451 1.68336 -1.27761 -0.462567 2.20729 2.83844 -2.47725 2.56398 -3.86086 0.0692996 7.19966 0.532264 5.18376 10.3025 4.23596 4.02848 -3.44378 5.62153 8.84937 5.2446 -0.712072 -2.18187 2.09688 8.88403 6.54464 1.90864 
1.92671 7.20225 4.3443 7.52333 7.41339 -0.366093 6.14397 0.293736 7.53405 7.12467 2.21895 5.24639 -1.19774 -2.48778 2.09055 10.1947 1.07902 -2.38253 2.785 6.39544 -0.949425 3.23694 5.14107 9.75667 8.28985 3.33918 4.06268 1.4801 3.76355 9.34093 4.38919 -4.21331 0.518726 1.27114 -1.16534 -3.20121 1.27524 1.36425 4.8991 12.8448 -3.00708 1.2152 3.81672 5.2035 4.83116 -3.37108 -5.84689 4.37764 7.13504 -1.90216 
2.49064 -3.72037 -3.07796 10.2229 2.72751 -3.35902 -5.18298 6.23804 3.78646 0.0487086 -3.77778 0.968531 10.52 3.10484 5.64044 1.64254 -2.40129 -3.47912 6.4412 10.0078 -5.10504 8.37698 4.15071 0.935035 3.64005 1.0138 0.270967 3.09814 9.22661 -0.146286 4.46081 5.74222 6.97425 3.29663 0.624945 4.34394 2.01186 -6.62725 2.03596 0.667563 1.93695 3.2362 11.0013 7.08027 -0.737049 8.15882 6.7286 -4.09211 -2.71818 -6.18979 
-3.42413 0.0925057 9.0629 2.65358 -2.0081 -0.240015 4.34859 6.36871 2.60273 -2.0659 3.53555 3.53068 -3.41279 3.45416 2.80517 5.39751 2.89735 -10.8667 0.612482 -3.15942 4.56619 3.71517 1.62923 1.87915 1.16312 10.3078 3.27922 -5.07292 3.09023 -2.61203 0.0780431 9.4988 4.74409 3.57316 7.92374 1.20152 0.341978 6.05339 4.40885 -4.13157 6.20412 -0.300167 2.81901 -1.82475 0.770803 3.44612 5.5997 1.34201 5.17613 -0.615547 
0.927831 2.45556 3.84804 -0.513118 3.51572 7.17556 -0.064857 0.213887 2.41 10.0296 0.281866 -5.22949 0.135172 5.97491 2.69288 2.51727 5.206 2.14296 -2.42669 0.385937 7.18909 5.35744 1.00421 4.53434 4.68583 3.62889 7.49034 7.67586 -0.441879 2.69511 -4.39839 5.38218 0.138748 6.01773 3.81093 -6.17172 1.64551 9.73493 8.95833 -2.55769 3.442 -0.653742 2.06219 8.67159 -4.4318 -5.75382 2.82126 -1.71944 2.3601 10.0163 
4.52171 1.18252 8.39823 -1.88829 4.49484 3.76813 6.38013 7.33387 0.663736 -3.37904 -0.78609 1.01531 4.8424 -2.19167 4.07407 -4.98944 2.80827 10.9142 1.13169 4.54204 -0.537526 1.86809 7.78181 10.8471 6.53126 2.53994 9.78402 6.1966 -1.63917 5.46964 -0.768659 -0.203596 0.271972 7.87571 3.43471 3.05147 1.66487 2.75836 2.18444 -2.54086 -0.651854 5.04514 1.37552 -1.24337 3.84826 7.28491 7.11742 2.32904 1.68867 7.34315 
-3.90994 4.01489 4.01774 9.5891 3.72552 -3.2876 0.0733331 2.31928 4.9826 0.961448 2.18119 6.26185 2.32507 -4.14124 4.95376 8.1484 12.391 9.26755 3.34745 0.965824 -7.14999 -1.03821 2.64461 0.606298 -2.4865 1.00611 7.4047 1.89222 2.4017 11.0874 4.85204 -3.18255 8.19642 1.80465 3.98872 3.056 4.82827 5.43235 -0.78208 4.30691 10.5969 -6.61501 0.0654346 0.531341 5.48587 4.53245 1.15443 -0.938158 5.41936 3.41911 
3.5962 5.25175 -1.94902 -1.43485 5.26902 8.37307 -2.70713 1.85835 -1.97453 -1.84554 8.63773 3.22603 -1.40001 3.91177 -0.202098 -3.41222 3.63729 0.641274 5.57931 12.9783 1.43208 5.14077 5.76203 1.34065 5.11437 -2.01294 -5.82312 6.97134 5.58841 3.10375 8.0204 4.56961 -4.06813 1.35169 2.849 6.83528 8.60602 3.41673 -2.66073 5.83438 5.47817 3.16328 9.41283 5.87572 -5.42642 3.884 7.27506 1.47274 2.19546 1.55854 
5.13789 12.3664 4.97185 -6.88256 2.41382 0.118271 -2.22995 9.93164 6.50434 -3.67012 5.72341 5.92527 4.59129 8.77406 -0.157128 -0.60312 6.58276 -0.854815 2.89716 1.33389 1.35567 10.7117 0.286709 -5.87423 1.2416 6.06553 8.28242 0.584314 -10.1141 1.68722 -0.819229 0.0295916 3.09199 5.09191 3.02159 0.317047 2.79208 3.01544 12.1091 -2.87802 3.52712 4.8406 6.93253 -1.52563 1.50303 0.830518 5.46054 4.87565 -4.39414 1.9654 
-0.584798 -2.17353 1.42797 9.84734 -2.03244 0.411776 -2.62499 0.757251 1.39458 1.81834 8.53929 3.71389 3.91798 8.59262 6.45687 -1.49779 -2.04263 2.15699 1.76832 1.82664 8.37207 5.46764 4.35442 1.48831 -1.87902 0.209002 6.54961 -0.0547645 -4.99445 -0.445689 9.16525 -1.16227 -2.04141 -3.47086 -0.758412 4.71915 1.12262 -7.01626 3.43064 3.06794 4.33749 0.929062 -4.74359 -4.56981 3.2728 3.99659 -5.60692 1.66652 7.21346 6.95957 
5.99168 -4.98347 -3.37439 3.39047 6.29638 0.534318 6.44038 -2.28195 -5.37468 0.296807 7.4689 4.04805 0.43322 -3.32817 -0.183259 0.313625 10.0024 -0.0772684 1.78838 3.0348 0.717015 1.71171 0.292324 1.64868 1.94914 4.50955 -4.20043 2.29442 6.47687 4.11721 -2.92906 -3.09976 -0.138154 0.48949 8.08599 2.40607 -1.72205 1.24566 6.81496 1.0546 -1.31668 1.44307 8.05901 4.18842 4.08454 2.33043 -5.38062 0.425706 -0.550952 6.33979 
0.932055 4.14715 3.92313 5.0369 2.0269 -3.08813 0.750515 1.64767 2.95004 7.4059 -0.564614 -1.2889 -0.116553 4.54749 7.17692 3.1602 7.21981 9.17933 3.17841 1.75078 0.130491 2.25081 5.29623 -2.95232 -0.048553 0.467124 6.32797 6.24875 -5.93584 0.381142 -1.01912 5.19496 5.65504 -3.90685 -1.35927 2.30824 8.29193 4.1918 -3.03371 -1.4468 0.120045 4.50527 1.33474 6.48487 0.200492 -0.357383 8.12625 1.26372 1.36244 2.10092 
3.36528 3.69905 2.19326 4.14677 3.34179 3.97536 1.17591 -3.24814 0.10353 2.01496 8.83033 2.31239 -7.97729 -1.23665 -0.617039 11.4476 1.2492 1.66507 1.55587 5.72637 0.316336 -4.63387 4.7538 3.33363 4.50128 0.933088 -0.851359 -0.268661 8.45129 0.210414 -5.20337 -2.85302 1.46477 2.59346 5.5346 3.37441 -5.23018 1.66112 6.69124 2.69719 -0.987273 7.69198 1.67322 0.270061 1.83389 7.74513 -2.40487 2.072 -0.64277 8.28731 
1.19833 3.93796 2.83898 -2.40523 5.46841 5.75195 5.15768 5.87887 -1.75831 -1.77865 -0.954894 2.66664 3.84202 6.06541 -2.61958 1.49227 1.43457 3.87762 4.67841 -0.716201 1.11365 0.680662 9.32033 3.98913 4.58192 7.345 1.06273 -5.45779 -2.30605 -0.266425 2.14078 5.93799 -3.80044 -3.7535 -0.732123 0.607145 3.22266 5.64931 -7.70237 5.4461 -2.99856 -0.205999 10.0413 5.79035 -0.371166 -6.13836 1.58775 -4.71803 2.49643 7.55164 
6.32141 -0.914 2.54495 -1.51471 -1.69506 2.43982 11.6437 4.69179 2.04532 -5.50084 -4.13365 1.87177 1.33467 1.05832 3.67841 4.74459 -5.43603 0.956897 -1.13836 8.89748 -0.903932 0.758082 -4.56901 3.35295 -2.50622 0.121664 3.96328 8.68192 3.26036 3.08668 -0.0243098 0.835819 3.09245 8.17687 -1.74174 -4.93778 2.02048 7.1004 7.00826 5.05832 -1.59046 0.111436 6.92196 4.87791 -5.79414 3.91429 6.7029 -1.10912 4.13419 8.18419 
7.70419 1.34752 5.57911 0.969236 1.08999 -1.90502 6.10665 0.330554 -4.91221 -1.09464 6.56745 6.02769 -3.01267 0.00832639 0.582285 8.7665 6.6937 -1.76739 4.90592 0.422659 2.04436 7.92662 -1.14626 -4.38812 0.341299 4.10874 7.32444 -2.04034 0.946302 3.22805 10.7277 6.14911 3.35537 1.98651 1.87838 3.53526 3.57536 -0.0258556 1.28239 1.70107 11.3122 -0.273763 -2.81232 -0.0501653 5.50618 5.37934 -5.27559 -1.12904 -4.63384 4.07497 
-1.79477 -1.54936 2.02851 3.0599 7.83444 -1.81271 -1.9541 0.0718076 5.048 6.73856 7.72142 2.6173 -5.39285 0.00882243 3.03166 2.71687 3.243 8.2464 -6.04362 -0.253918 -0.276457 3.93758 3.239 4.69091 3.2258 -1.35319 3.62888 6.87218 5.90129 0.738894 1.26097 7.37266 7.00255 -0.0383227 3.51959 4.14319 5.19673 5.66941 -4.09692 0.609658 -0.825557 -1.68789 2.95261 6.18765 0.624443 5.7955 2.53009 2.72388 12.0727 4.03959 
-0.724073 1.31457 10.4134 0.0327884 3.31395 2.25702 5.34004 8.9716 1.42995 3.44007 1.97823 2.7815 6.22561 4.26318 2.42231 4.63581 -4.06873 2.32242 0.972343 4.86395 2.3249 6.21959 8.87024 2.67424 0.641823 5.35905 -1.97255 0.10445 1.54099 3.02636 6.61698 3.11353 5.76077 9.69394 -0.72527 -0.608543 -1.32501 1.66019 10.0938 1.49091 -8.98629 -7.7168 -1.9188 -2.35454 -1.95859 10.0598 -3.25767 2.54546 1.39451 6.21276 
4.66827 4.93042 5.58172 -3.46409 4.33933 5.99586 0.838355 3.99405 6.51325 0.442677 -5.27212 0.0216081 -2.00518 2.6001 6.87141 1.48614 1.09401 2.08287 -2.00386 -3.2361 -5.2323 5.75455 10.3132 1.08507 6.87726 1.71053 -7.66145 -2.14903 2.64756 4.07642 4.58698 0.956935 0.511235 5.0343 5.97701 -5.74567 4.54227 0.388858 2.88007 6.57764 2.88123 -4.75046 1.1806 7.60078 6.79644 3.31553 -2.87317 -1.98438 2.35924 11.0019 
-3.36482 1.34148 9.14329 1.52542 -7.11176 1.8118 6.87659 0.993362 0.545998 2.5071 8.78667 8.50721 -1.66051 0.430534 1.13511 -0.718888 5.24746 5.87148 -3.69028 3.30549 4.20458 3.67531 6.79205 0.433961 -5.01512 -1.67221 0.808157 3.6553 0.290437 0.478596 0.930386 9.20771 3.97969 4.06334 2.36557 4.68337 4.40009 -0.419348 5.8783 7.3996 5.32704 7.92663 3.16046 -0.93193 2.34531 6.10099 7.38246 -0.178154 4.97716 0.488398 
-0.512909 0.426408 0.220062 7.97343 7.29444 -1.7332 6.37831 -2.00905 1.98196 6.13849 -1.63951 1.23972 -1.64861 -5.42846 1.54878 11.7783 4.92302 -1.66182 3.35 5.64954 4.71933 2.74867 5.82936 2.40329 -2.78625 0.990717 9.95174 -6.10077 -4.11553 -4.13893 1.32153 1.8161 -1.32166 -0.79511 7.67328 1.29113 -6.1705 -1.81648 3.52995 13.6106 3.01183 4.92403 1.45756 -1.34736 5.02234 3.92177 -1.49742 1.27039 7.60595 1.30979 
0.320022 10.6388 -5.88415 -4.64676 0.74545 -2.06803 7.7341 3.42226 1.57908 0.504206 8.55461 6.57032 0.346559 6.91109 -1.462 -3.76037 -1.99684 1.73248 9.10943 -6.62011 3.00496 1.81292 7.2049 5.676 -0.560864 0.715635 -3.6304 -0.372863 -1.1895 3.64052 5.4342 -3.4711 3.901 6.0072 12.9302 3.28233 -0.475748 3.89213 -1.6408 1.68665 -1.55122 -0.228383 8.53286 3.76958 -0.0881841 -1.79262 -0.269942 7.11938 -1.97932 -3.55845 
10.4142 8.06864 2.39289 -0.473923 2.25551 8.11394 -1.26668 -0.0843375 1.15464 4.51664 7.07638 2.3813 4.18653 10.7619 1.98459 1.42455 6.81351 -2.58265 -2.88473 -1.3131 -3.1687 -0.269709 8.59693 2.76737 -7.84517 -0.370396 -1.52631 4.80567 4.2684 -3.74222 1.76472 3.61568 5.64123 3.61028 -4.09883 -1.30262 -5.58681 8.90314 4.71123 -2.67605 5.08387 -3.51564 -4.12617 -0.0207579 3.01999 6.46599 -5.18607 3.33153 1.07077 3.95476 
2.66011 -4.19311 -3.15003 -1.13651 12.6556 0.291068 2.33675 5.51999 -5.01771 2.85737 -1.81839 12.179 2.62063 -3.80414 -0.232717 6.96276 1.41831 2.96653 3.14973 5.49786 4.4486 4.10874 3.692 -0.981217 0.975346 4.54301 7.02917 -2.67963 3.6952 6.20741 10.9772 3.14923 0.797608 6.82671 8.66058 0.329788 0.397439 -2.59159 3.45291 0.583446 2.62145 10.6257 3.32859 1.6667 5.19606 4.51521 4.46771 -3.29734 -3.48433 -1.08533 
0.568435 0.37321 1.51918 5.44966 -2.47372 -2.18363 -0.141372 5.4281 10.4271 -1.81229 3.00121 0.521972 7.10212 7.21734 -6.29337 -7.28365 1.3983 6.23807 3.00778 3.38769 -0.0749598 0.65546 8.8617 -2.16364 -2.27785 1.25412 5.54258 5.83724 9.57448 -1.74593 -6.38963 5.21455 6.75746 -1.40552 -0.00256961 10.4026 -7.98423 -5.4291 -2.17109 -3.3915 6.99061 2.21509 4.65908 8.36515 -5.60471 0.296825 1.33017 5.93997 10.5406 1.5343 
7.50353 1.55121 -0.511213 -2.72302 -1.02354 7.59107 -8.31968 -1.88992 -0.021926 1.00798 0.693552 0.71436 4.91751 -2.27826 1.81279 0.698493 3.82312 10.9423 2.95886 1.62318 5.63469 -2.49833 1.6947 1.00958 2.92287 11.0178 -1.18619 -10.3499 1.71343 3.46789 4.08343 1.59119 -0.250887 1.11185 9.50746 1.14384 -5.26297 2.00945 0.315757 -2.43618 2.31384 11.9983 4.28117 8.05767 -1.41582 -3.11523 3.80409 5.9294 -3.08752 4.01115 
13.1362 1.35553 -4.98385 -0.835734 0.401511 5.50364 0.88897 2.40979 2.37194 6.05205 6.74502 -3.93287 2.95304 5.01061 -3.65387 -4.71785 2.68969 2.32607 4.66568 5.7498 9.39514 1.84474 -2.40476 5.96045 3.17157 2.42494 1.76717 -0.90003 1.22875 10.8148 9.37417 2.22695 5.50881 -1.07552 -2.16542 -2.00736 7.11536 1.99087 -1.99354 -2.0052 6.79674 6.8798 1.57088 8.40663 8.2029 -0.841366 6.23605 7.42516 -0.344766 2.48728 
5.05196 -8.02582 -5.72847 6.87894 12.2338 -3.00425 1.02625 0.526393 5.2967 3.9804 -0.544305 2.48781 7.23635 2.72515 4.13486 4.36371 -3.87046 -3.57325 1.10182 -4.23717 -1.86297 9.38341 4.37309 -4.23749 -0.255483 1.26671 0.737721 5.27233 -4.01812 -0.345336 4.35087 8.91915 5.58524 3.68236 -2.32866 2.64787 8.45988 3.28066 1.71475 4.01791 6.15821 5.38592 -4.23746 5.9114 8.91981 3.22249 5.63741 2.14111 5.47233 -3.08118 
3.47461 -10.0097 -4.76086 -1.57005 -1.21296 -1.0175 -6.80249 1.77015 3.11249 -2.17599 2.5653 9.8146 -1.40442 0.932264 1.94809 8.21932 6.06479 2.8637 1.13732 3.01597 3.64357 6.49764 -0.842997 4.44209 2.75407 3.06831 0.776939 -1.19522 -2.13021 8.08686 -3.63478 -0.169338 -0.0472118 5.76406 -0.918504 -4.82205 2.39122 2.87139 7.48663 6.34356 -1.63932 6.25639 4.51758 1.99486 7.85942 -0.54569 1.92285 8.3886 1.08962 3.90064 
-1.44928 -1.71152 3.14817 7.46273 0.437192 1.70822 2.28698 3.30481 6.61444 -1.23356 -5.8357 0.699814 8.60738 1.31548 -3.93733 2.02743 6.35231 7.18463 -1.43805 -6.18973 2.00284 1.25391 10.4228 -2.7841 -2.4354 -0.696183 2.82533 13.3868 -1.63818 -2.9074 0.382806 2.72878 6.03179 -0.240205 1.73854 3.85873 9.5663 1.08164 4.33077 2.42687 4.16163 6.57202 3.44895 -1.51576 6.39681 5.2008 -2.3548 5.47488 9.9826 -0.215798 
3.4092 -0.123084 6.74843 8.60494 0.155732 3.23203 -0.161571 1.04379 0.556939 5.73364 4.50953 1.10978 0.0667595 -0.0416137 4.72105 2.43957 2.51384 7.71538 3.00093 -0.428291 7.92261 9.70235 -7.12886 0.80438 3.65793 -1.38663 -0.691041 0.138413 8.01875 2.73339 -6.75403 1.20601 5.67429 6.66995 -5.74998 5.07264 0.289266 -3.72737 0.119454 8.73195 3.67142 5.37478 6.17941 -0.714456 0.463459 1.01814 3.97497 2.85328 7.34643 -4.1669 
