2.27988 4.26573 7.80324 7.91232 3.54141 3.9423 5.15894 6.24294 7.69812 2.63434 
2.94542 -3.73931 4.11559 6.00814 5.45144 -2.16863 -1.56963 2.03179 -0.629363 2.22889 
5.54086 2.08699 -0.330016 0.042666 1.58393 0.407909 1.4794 10.4857 -0.556098 1.31484 
13.062 -0.992211 -2.48954 5.23918 0.582776 1.85168 4.15895 4.14989 2.80143 5.07068 
4.38131 2.97769 0.115684 -0.865454 -1.06048 9.69231 2.54751 -2.03596 -0.739508 2.07156 
-0.865415 -0.253877 5.81575 -0.532211 -2.09375 3.47854 1.69962 -0.055155 6.51675 -0.0980581 
2.68537 -2.71705 -0.947847 -1.10349 4.22972 5.3428 -2.80078 4.76186 5.92919 7.15525 
-1.39884 4.22719 6.49727 -4.21303 -1.01827 0.740141 4.10716 7.17056 -6.6887 -1.63322 
5.63628 -0.0638195 1.50012 3.54762 5.17854 8.82527 -0.686688 2.57227 3.7844 2.34731 
2.54563 7.73088 -6.60475 3.86966 -1.30201 4.54083 7.71097 2.95142 -1.54376 -1.31485 
1.01032 -3.20004 -0.40242 7.68294 8.39644 -5.66732 4.06751 5.03597 2.69162 3.8334 
1.62636 -6.54361 -1.53074 -0.461777 7.76773 8.4044 1.60639 1.80983 6.17629 7.2254 
-3.47968 -3.56266 3.11119 7.56166 10.2905 8.31184 4.0272 3.77474 -4.60056 -1.22386 
6.49378 3.5503 -3.45587 0.424154 1.26269 -1.80629 7.3882 2.68584 -8.48557 2.11247 
2.9237 5.39387 4.48862 0.519404 -2.4242 -1.11522 0.739248 9.4819 8.78475 -0.185679 
10.2938 -1.02984 1.91409 0.145427 0.95495 7.69478 -4.42347 1.50932 1.73652 -0.12794 
-1.06485 7.39007 4.54645 -7.43488 -3.97855 1.66292 1.37535 6.66382 -2.63873 1.80418 
-4.64837 1.66516 0.242527 3.77616 8.40048 -6.33327 -1.48834 -1.24501 4.70907 0.860441 
4.736 1.97785 -4.99274 0.0435285 -1.24276 3.47578 5.37995 1.67681 -1.77445 4.36373 
0.0246861 1.10464 5.80802 6.34786 -2.17114 6.11845 7.54942 4.62766 4.75977 -0.0496509 
3.11222 -3.34883 1.56487 1.59381 -2.80141 6.30078 0.470684 -7.1904 -3.87901 5.39185 
1.77316 6.68662 4.52074 -1.73179 3.51549 7.80025 -0.0776639 4.06376 2.24617 1.96566 
-4.88647 3.99997 11.0772 5.87292 5.16253 -2.87939 -2.15882 4.87944 -0.0633721 -1.59004 
7.93126 4.01683 -4.36643 1.28396 7.56775 10.2639 -1.81177 1.30082 1.80375 3.9618 
5.96349 -6.41146 3.13784 4.19664 7.63624 4.0713 -1.19654 1.89802 -0.524245 7.33813 
-0.940137 6.39875 10.796 -3.59136 -0.0212123 5.89458 5.73423 -3.39652 3.76118 -1.66846 
-1.59594 -0.318984 4.7185 -1.65339 2.38039 2.59783 10.7279 1.92924 -2.95504 2.78038 
-6.12437 4.99873 0.0391504 1.43455 3.88049 -2.62298 3.75331 2.9385 6.61237 3.47251 
4.98468 9.06863 6.72817 5.17117 -2.31922 -0.389089 1.2947 -3.20684 2.37999 3.21481 
-2.012 -0.788727 -2.71372 8.02271 8.31608 -8.3971 1.84151 -3.2972 2.7976 -0.563021 
2.60487 4.54015 -2.80003 -1.13749 0.941806 1.79009 10.3681 -2.86691 2.2738 2.10641 
-1.41613 1.13007 10.2349 -2.18126 -4.32314 -2.67885 0.359411 4.57873 5.81161 -3.22094 
3.32027 -2.18083 -4.73452 -5.01236 7.80045 5.06857 2.34473 5.30465 9.81518 -0.802532 
5.85694 -3.21248 5.72624 8.63874 0.0333065 -1.71995 -3.9107 3.46614 3.92029 8.5342 
2.54954 9.01808 -7.69022 -1.01128 -0.465834 -0.391637 6.43147 0.841278 -4.79891 0.74 
-5.75388 -4.21628 1.6414 2.55994 7.91822 5.4898 -2.16303 1.14224 2.25641 7.61589 
1.51832 9.20654 0.789194 -0.827015 -0.81375 0.449147 4.70125 2.50971 -4.80153 2.39716 
-3.60403 1.71796 0.114 5.35322 5.91734 -2.49243 3.1123 5.95069 4.72709 0.936215 
4.54446 -2.02143 4.58588 -0.000797005 2.55092 -0.0149832 7.74314 2.15353 3.17382 9.07101 
-1.32714 -5.85332 -0.684208 5.53266 0.165467 4.77401 10.2212 1.67786 4.89206 -1.31768 
3.67885 3.69525 5.06819 3.97595 -1.77532 3.56117 1.77203 9.33387 1.12581 -5.82973 
2.80186 -4.74279 0.143388 1.20847 6.17801 -5.21883 0.849488 1.51806 0.877316 5.99273 
2.7897 8.40088 3.17805 -2.14914 -1.4516 3.85555 1.10778 5.17479 1.41889 -4.08497 
5.87382 -3.99902 3.08992 3.49032 6.2234 -2.74361 -3.32207 1.77948 2.00836 1.50359 
5.06005 5.25868 -0.53237 -2.25919 2.58128 3.17792 6.04383 -8.01255 -1.79537 -1.28913 
-2.65925 -0.204098 1.8911 6.94498 -1.84561 1.04648 1.83684 2.72998 6.03996 -2.27056 
-0.22431 -0.873913 -0.992357 0.907587 -0.069779 8.41673 -0.677553 1.42302 3.06356 10.5555 
-0.293121 2.81105 -4.3028 3.01234 -0.425195 -0.853803 4.792 9.95737 8.45804 1.69028 
-0.869539 -1.38662 8.78914 2.06923 4.35704 -0.171071 2.18806 3.86832 -0.999182 -3.3201 
4.65726 -6.19586 2.11366 1.02927 -2.95615 8.62581 1.24692 -1.26382 0.00988048 3.84118 
0.646155 3.29737 6.27182 -3.38379 -2.17075 2.17714 10.0211 4.23331 -0.543421 -1.21 
1.4885 2.72686 3.55525 8.12115 12.0345 7.97486 -0.502763 0.197104 1.77236 0.247684 
5.43327 -5.18492 -0.849414 5.99026 3.55133 0.824062 1.88605 1.0507 4.11349 9.20517 
-0.226853 -1.03203 -0.764769 -1.98723 -0.864377 8.20748 3.05436 2.45167 2.5892 8.19795 
1.40905 3.22005 2.51229 -1.56451 -2.15255 9.5413 2.2484 -2.03847 5.46208 5.12833 
-2.58168 1.45749 5.72601 3.89055 4.28541 1.68839 -0.820717 3.03758 10.8086 8.54453 
1.69561 9.41762 7.42188 2.56067 -4.20542 -0.529924 4.89393 -3.39653 -0.900448 -1.95444 
8.29821 7.02836 0.266317 6.13213 5.70527 -1.76885 4.06622 1.06283 0.11108 4.10879 
-1.30278 5.51567 -0.873473 1.12392 -0.0199611 13.1255 7.62868 1.65465 6.47386 0.00523112 
5.01998 -4.29178 4.4165 2.6888 2.49703 -1.79794 1.0108 8.0097 7.69487 5.82656 
9.0123 -1.77871 1.21323 5.52105 8.15015 -0.4471 4.09687 2.05151 -0.0106587 2.08974 
-1.23362 3.62722 -2.847 -1.10337 -5.72809 2.41848 5.60694 -2.09522 4.55722 6.3669 
10.0535 5.02263 4.1163 4.40679 0.902503 5.76815 5.81678 -4.54465 -0.982422 -2.81351 
-0.717124 2.36279 -3.7586 5.84422 6.37644 -4.02383 3.66191 3.48265 4.25625 1.70677 
6.94543 1.39951 -5.19641 -1.1808 0.143545 6.84282 7.5379 -4.69831 -0.423862 -0.727413 
0.241581 4.36546 7.20658 -1.76144 -2.53832 -3.26706 -0.951722 6.81232 5.73683 -0.358293 
1.78368 1.53448 -0.234979 3.06838 7.44763 0.552146 -2.31735 0.846879 10.1719 5.52553 
12.6383 -2.31028 -0.538964 -1.93098 1.10023 8.76608 3.34304 0.875243 -1.46935 0.561445 
9.00216 0.490315 0.993706 0.519437 5.61721 0.676667 2.97798 8.27915 7.05927 0.018202 
9.56942 2.10321 1.11722 6.0024 4.74187 -0.940363 3.66313 3.92535 -4.98799 0.4725 
2.05608 1.79717 4.13405 4.42222 -2.79067 1.81999 8.32177 2.66771 2.89047 0.579444 
3.47637 4.44192 -1.20777 1.32284 6.61878 4.29037 -1.99919 -3.47949 2.627 -1.24754 
2.30804 3.61237 8.87129 7.17263 -2.84273 -0.436378 5.04847 6.66563 -2.77511 2.25188 
5.65161 6.10394 -3.3895 4.47829 9.90206 3.46315 -1.52731 -2.69024 4.0552 4.80444 
-1.8532 2.22598 7.39222 -7.04746 5.94553 4.39036 3.89945 6.31733 -3.64975 0.169251 
0.349647 1.70368 2.49872 6.55366 4.26795 3.49253 0.316765 -2.71312 -4.03291 7.81906 
-5.13219 -4.4181 -1.99912 7.58131 7.32872 0.609479 3.70842 0.0884553 4.29905 6.88723 
2.42887 1.35393 3.35721 10.7913 2.34667 -3.56769 4.00411 -1.44035 1.31464 4.96988 
-1.82944 4.30452 -1.00293 0.234352 5.52497 9.514 -7.39627 -4.66532 -2.73929 -3.97475 
-4.6494 2.69337 1.29464 0.294078 3.84396 7.45046 4.80719 7.23705 7.6685 -3.79189 
5.47035 -0.114364 -3.40214 3.0843 -4.23146 -1.58806 0.703449 2.80138 4.33564 6.12207 
2.58311 6.72242 6.27979 -2.86951 -3.34563 -4.42564 -0.233401 0.292445 -0.201272 1.10455 
3.86412 2.39173 3.99683 5.27331 6.47213 5.1294 -4.42062 -2.45375 3.16004 5.46176 
-2.29332 -2.37142 -3.33487 2.85993 5.84026 3.28201 6.4305 4.45653 -5.62151 -0.970504 
1.76079 4.61074 3.67618 4.32492 10.0565 4.97429 0.99916 6.5539 -2.05462 -1.1164 
3.55444 -3.60289 4.57167 4.55276 3.27658 6.76213 10.8887 0.386433 -4.23178 -1.55106 
2.33459 -5.63818 6.91509 3.54505 7.30022 4.95986 -1.36976 2.56919 2.43602 4.76027 
8.42928 8.26629 0.44312 -6.70337 -0.489536 -2.09203 7.20266 3.7798 -2.51601 3.24024 
-5.72783 1.99987 9.09885 5.22453 4.03705 2.93417 -2.45495 -1.4731 4.19216 -0.389027 
3.83391 0.12633 -2.9524 -0.6068 -1.84262 7.43504 0.626822 -5.32907 1.18666 6.3106 
-0.350324 2.38559 4.26979 6.69341 -4.54727 -2.05275 -3.66937 6.38942 -1.84964 0.340732 
7.36434 2.05797 0.0721356 3.29938 4.61738 6.99905 -1.53204 -3.60199 2.34911 2.63011 
-0.348886 2.71626 6.51179 8.27645 2.09473 1.74183 5.75984 5.26161 -2.66728 0.266536 
-1.29361 2.55249 -0.126315 -0.364489 -1.58621 1.04438 8.69926 4.63915 -1.66474 5.93769 
1.72346 -3.61731 -0.355835 7.22076 -2.35932 -0.555839 0.489755 2.17898 -0.177201 5.00799 
4.94516 9.10122 1.79991 -6.15795 1.52493 0.414928 5.76748 5.12812 -2.94556 2.95595 
-6.88661 -5.81576 -1.17011 0.778815 6.82978 3.97825 -5.38426 0.742578 2.70364 6.64844 
6.08274 5.44996 3.401 -3.68578 -1.60386 0.539945 7.61943 -2.20144 -3.7895 -1.15351 
-1.56922 2.08073 -0.779547 4.19979 10.5812 -3.42611 -3.67777 1.01142 4.05284 2.31027 
-2.82473 6.8394 0.566214 2.02249 3.40725 3.7001 5.8619 5.06247 -1.08904 -2.49633 
