2.37324 5.88342 6.02744 2.56269 2.06412 4.33405 10.3233 -0.22201 -0.376946 3.94187 6.40687 7.61612 4.46397 6.62373 1.19259 -0.0823572 6.07897 8.3813 8.26902 3.24991 
4.19609 -3.63375 2.41272 -4.49644 5.50449 2.9655 -1.57897 2.47166 8.36699 -0.112163 5.46977 -6.9233 0.230659 -4.33274 3.08373 -0.46349 6.58756 8.36442 -1.62589 3.56176 
6.29301 -7.53577 2.66312 3.91123 5.6962 6.24725 3.22718 -6.94461 -2.14563 -3.01404 4.41077 7.86177 -5.44397 5.14394 -4.16888 1.12716 4.8462 2.63256 0.556951 4.43811 
6.12592 -4.08436 1.43421 5.09213 7.27794 1.66313 -6.80036 1.77678 -0.606884 11.9147 -1.59496 0.926477 5.67819 2.03964 -3.55693 -1.24029 6.76232 0.772264 -3.39902 1.81372 
-1.06521 -2.9362 2.0249 8.33922 2.60551 5.22671 11.5882 -0.45563 -2.14568 -1.17846 -2.3051 3.35645 11.0623 3.30097 -0.0487642 5.15129 1.32721 0.688654 4.26447 9.21598 
9.23636 7.5211 5.54125 4.65612 -2.82305 3.04188 -1.26054 -0.00313917 -4.65355 4.48998 1.25518 -1.04208 2.53164 2.92482 -7.08858 -1.68407 3.72102 2.86294 -3.86783 0.0193616 
3.9053 -1.22262 -2.15197 -0.509544 -4.69677 4.57227 13.2278 0.364173 4.49962 1.29113 1.36714 0.826365 3.08577 5.0319 2.75745 3.82447 3.01565 0.26191 3.13793 2.09182 
0.884435 3.02639 9.36563 2.06361 -6.80347 4.33849 1.8948 -0.781018 -3.16476 10.0373 6.10823 -4.18897 0.0405838 1.99607 6.11429 5.40577 -2.55608 -0.0207226 4.15984 0.534944 
-1.03399 4.77518 2.22736 3.3858 -1.57019 0.623517 1.97075 8.3462 0.405866 -1.09157 -0.801302 -0.181396 -0.341515 5.71089 4.35964 -6.47761 5.10263 7.55919 6.89587 6.70519 
8.61455 10.5101 1.41221 -2.38041 -1.02157 5.1616 0.116123 -0.121167 1.84435 4.29327 7.72424 1.31462 3.3666 7.73597 6.32384 4.16969 -0.672253 -6.63868 0.128719 0.989877 
4.27838 3.44749 4.57766 6.26734 -4.68336 -3.34275 -5.31723 7.29157 -0.946422 -0.64092 0.399313 5.23629 7.28835 -4.58559 1.69489 5.47232 1.24164 -3.16597 -2.20373 5.74344 
-2.35659 3.24022 0.732296 7.7972 -1.737 -3.49243 4.74089 -0.993654 -1.44215 0.450533 9.51141 -0.424867 -1.11764 6.23861 9.00592 -3.42645 -2.47096 -0.36976 0.931744 8.08223 
3.63559 6.41725 -0.921575 -0.145804 1.49228 4.7448 9.26153 0.28038 -7.54609 0.683508 4.23145 4.13007 2.28904 -0.87487 3.18531 -2.7457 10.1334 -3.50003 -0.122382 -4.75138 
4.00064 -5.17296 2.31546 -0.22185 6.16548 2.52416 -0.291274 1.73638 3.74626 6.49736 -3.89867 3.04202 2.60338 4.4644 5.50319 -1.54782 7.82613 1.22856 -0.292412 3.58285 
11.0684 -1.76191 5.65194 1.72347 -2.37456 1.86115 3.75612 8.88057 4.66182 4.73865 7.72484 -1.99977 -0.829947 -2.35447 0.903876 9.48177 -3.84171 -0.955528 -0.582258 4.82007 
-6.42946 1.28152 8.67869 -2.50586 -1.92001 -1.6582 10.0034 8.83287 1.18218 7.67012 8.32397 1.70205 3.13559 -2.43414 -3.76409 -0.202742 7.60928 -1.68 -8.03889 0.11907 
5.04333 6.87381 6.54375 -5.27986 -1.7577 7.44055 1.99443 -0.782913 -1.46203 -4.73284 6.86257 5.4765 -6.41627 4.51523 5.24562 3.3459 8.90651 0.0218881 -0.02304 5.53932 
7.64696 -2.60777 0.260741 8.64575 8.63581 2.41872 5.71178 3.23165 2.01556 0.510768 -2.06168 -2.28314 4.52881 -2.24362 -1.36605 3.95289 3.181 3.38048 5.89585 1.12768 
0.196515 -2.37925 4.68822 1.18977 -0.423007 -1.88007 2.25435 11.6632 10.126 6.61299 6.16327 -1.36688 4.83241 1.84021 -0.649596 2.56717 -1.41636 0.0534769 1.96823 11.8861 
1.85025 -0.0534731 6.22197 2.1411 -3.34461 -0.949457 9.05373 4.49192 -1.94202 -1.38893 -0.709536 9.62558 2.77433 3.60472 8.56527 -5.982 9.27273 -0.518501 2.4343 5.94258 
6.4663 8.60053 -1.80356 2.74218 4.28578 -0.74681 -0.985853 0.254209 4.62178 7.21102 -0.977038 -2.70715 1.09842 -6.91018 -7.28081 7.79216 5.79413 0.603778 0.0802963 -1.00526 
5.91713 1.46916 0.818655 6.93186 0.913467 -2.41924 -2.87988 9.24193 1.24108 -2.37565 1.5411 4.8598 7.26635 7.9292 8.57781 5.17891 -1.0482 5.65107 6.09446 -3.37912 
1.7418 -4.71729 0.391964 0.570949 9.32362 -0.776036 2.2915 1.97245 0.465809 2.26005 6.21409 8.99325 -9.28131 -3.41775 -1.95965 7.88021 -2.66626 -0.133531 -0.0542199 10.8604 
-1.1144 -6.61163 -3.20165 5.97006 6.2328 4.66372 4.57895 5.38147 -2.62016 -0.399682 0.956263 3.23959 0.0915412 2.64189 4.62443 7.55499 0.819437 1.50152 1.02302 6.15633 
1.80278 7.11618 6.27763 0.98343 4.07615 2.91975 -7.53537 1.18813 -3.19731 5.94159 3.15942 -4.24884 0.549949 7.30021 -0.455687 5.07817 5.56987 6.50119 -1.34982 0.51108 
0.0155646 -2.85425 -1.44545 9.39526 3.38317 -0.192111 2.37295 7.0158 0.961591 -4.26329 -0.194854 9.47708 -1.16851 -3.97211 1.46098 -1.53489 1.11735 11.3273 3.71896 0.243602 
4.25342 -0.790496 2.59344 6.1967 3.08899 3.28117 5.70294 5.17744 -4.19697 -4.52606 8.14347 8.64739 -0.561922 1.37972 5.4864 -5.03793 -3.87471 0.361136 6.71327 6.29901 
8.65222 3.86242 1.25333 -1.04292 -0.747924 1.74368 10.6208 5.58061 0.500266 -0.840549 2.13315 2.7463 11.3652 -2.5794 2.87274 -2.39241 7.38132 1.85623 2.35522 3.1758 
-6.1091 2.68299 8.89705 4.97863 -1.7511 5.79262 2.93396 4.49974 7.05687 3.86718 -4.35638 4.4334 10.9335 -2.39523 -0.155266 -2.92966 0.694375 3.31001 8.82175 8.08141 
3.43079 7.42148 -1.09933 0.508525 1.05457 8.67358 -2.25472 1.39932 -2.45855 2.74199 3.99311 3.98855 -2.84601 -1.56102 2.30395 7.49103 6.40628 -1.12161 -1.22796 3.20607 
1.69596 -0.297907 2.46896 6.76153 5.28545 -1.40076 1.9606 8.68271 -3.05896 -1.36824 1.80273 11.4527 3.87594 -4.77714 0.247558 3.60202 0.734239 3.37818 4.98669 -6.06009 
2.46749 3.85764 -0.184226 3.83726 8.73711 4.15024 4.09494 -6.9465 -1.79747 0.627018 3.96249 -3.80107 -1.4217 8.47557 -1.84448 -5.26109 -1.31992 1.20685 6.95749 2.56626 
2.08903 4.31643 7.18414 4.96332 7.65645 2.23682 2.31247 6.19976 -2.74917 -1.62388 0.457312 0.242491 -1.19835 1.47419 8.53823 5.40015 -4.36109 5.11042 -2.21237 1.13207 
6.4503 6.31578 0.270021 -2.30256 6.05796 -0.910882 0.434301 0.0799065 9.28074 -0.92674 -5.10406 -0.532968 -1.00201 2.2156 2.92222 -0.381098 1.66094 1.40015 4.06383 10.9371 
4.85258 -2.24162 0.742044 7.20416 2.23475 3.73079 9.94865 -3.89436 -3.73275 -2.1106 2.01061 12.5571 0.991664 -4.37435 1.75652 0.00804225 3.30646 2.48947 -3.73567 4.98015 
0.826793 1.56717 -1.24728 8.109 1.14258 -4.67064 -3.82501 8.14028 7.35455 0.322213 -1.48801 -1.53971 2.89901 5.96343 -7.83597 1.01637 8.25358 7.09945 -1.74816 -0.251925 
7.04151 5.96323 0.511231 4.53968 3.46338 -3.26939 1.70995 4.14133 6.75683 -4.93381 -3.32366 -1.10898 3.61648 4.2196 -1.52592 0.858894 3.03003 7.71882 -0.981539 0.282499 
1.66586 -3.34117 -3.09193 8.54779 4.87898 1.84517 7.7563 4.78311 -0.624462 2.37383 6.88541 -3.14969 -3.38524 1.77508 2.47271 6.60034 -3.65062 -1.40007 -1.26582 5.79113 
5.63635 8.06133 1.41188 1.36549 6.56523 2.21137 5.84787 7.5068 3.70902 -3.38333 -2.89556 3.28692 4.08033 7.68127 -0.399034 -1.01816 0.715188 4.88001 6.30955 0.558787 
8.86557 8.79677 -0.419157 4.9697 -1.47291 1.84726 -6.04854 -1.28784 11.1431 3.16996 5.04969 2.28816 1.53689 0.555885 3.70375 5.57128 -6.46055 2.14412 -0.361462 3.49389 
-0.117634 9.20469 -0.32293 -3.06166 -0.841114 -2.23806 0.0621554 8.51657 6.97042 -0.884441 -3.49785 -2.58105 3.32604 7.55722 -1.67556 4.2869 6.36824 2.37417 1.46302 -3.39814 
0.105666 3.92577 0.155028 3.05765 5.05695 4.31165 -4.86758 2.75241 2.19176 5.10207 7.12045 3.17724 -7.64506 7.23233 7.26859 5.20805 8.44315 6.86008 1.72414 -0.784722 
0.680336 11.4991 5.10739 3.39919 0.986259 -0.909936 1.56219 4.23653 -4.13758 3.23651 1.01113 1.74071 5.77198 6.63342 -3.86456 1.50267 0.763792 5.0139 4.46364 -2.01305 
11.5934 2.88523 -2.13866 -1.47147 -2.34257 2.37552 6.80743 7.25672 6.73728 -4.01349 2.5681 -0.799263 5.1245 5.22013 -1.84684 0.666304 5.45703 2.48303 0.926031 4.82598 
8.35318 9.36678 2.37903 -1.8691 -2.07849 -3.11257 2.59136 8.59988 5.28846 4.07897 0.30931 -2.71812 2.56587 2.3553 6.19293 7.2578 -6.42281 3.3358 -4.10531 0.505094 
4.73462 5.22336 5.11053 1.78016 3.17617 5.07639 6.96347 3.41711 -3.61197 4.13612 8.89035 -2.86875 -5.38185 4.03168 3.96246 2.44509 2.04296 1.75961 2.26208 -1.00854 
3.3513 -4.51943 0.598137 3.11295 7.69431 3.28488 5.68733 6.53698 5.74472 9.30069 1.83896 -6.64267 5.1703 5.76915 -4.51912 -0.63142 7.41546 6.90941 0.980414 5.09408 
1.19937 -2.09206 -3.581 4.13015 0.0340199 -3.18718 -1.14042 -3.07967 11.759 0.38538 -0.671305 -1.4968 -0.610217 5.37327 6.66482 -1.26568 6.42836 0.720482 0.121941 5.29786 
2.30361 1.16722 5.05176 5.53214 -1.41914 1.44408 5.07488 -0.12508 -2.73167 2.44235 7.87322 3.34733 -5.72113 -2.47083 -1.63003 8.43396 10.0096 -0.350565 2.76141 6.49088 
3.07631 4.73695 7.82437 -0.743071 5.17753 8.85469 -1.72671 1.59513 5.68814 -0.909595 -2.83989 -1.41542 10.1875 5.79534 -10.1645 0.276847 1.59223 3.57546 3.19538 -3.43279 
5.27985 -3.22035 5.20411 3.13598 0.802842 9.8591 2.63415 4.30583 4.3534 3.42448 3.54 -3.58803 -3.18231 -1.74571 1.8213 10.6274 -3.18019 1.75282 -1.53853 4.71582 
1.38326 4.526 3.2269 -6.2984 7.95573 3.86148 11.5229 4.004 -4.63338 0.0213877 3.58023 7.80043 3.43133 2.45243 2.96233 -5.20372 -1.26507 -3.2672 -1.67166 8.6254 
-3.56523 0.355371 8.10045 3.19935 -7.24492 4.51716 0.694969 8.84181 2.63553 -1.91973 3.46743 9.64484 4.0249 2.31618 3.22601 -3.05894 -1.42841 -0.0810335 6.41114 -0.169863 
-1.14513 10.2258 0.0370293 4.34392 0.536418 7.58568 2.43377 3.25193 2.84922 5.59618 5.49562 -2.93066 1.57158 2.13588 10.6743 3.5656 3.1882 5.7833 -4.11149 -0.740738 
8.71741 11.3788 -0.554858 5.24691 6.85831 0.667996 -4.12731 1.28244 9.25759 2.57364 -1.14901 4.45602 3.987 -5.47288 5.58585 1.04048 2.2989 7.75076 -6.97716 1.88216 
3.01503 -0.639697 -3.0611 1.50103 5.44102 11.0458 2.84356 4.24584 2.72383 2.2329 5.13024 7.80691 0.534407 1.43199 8.34306 5.97362 -1.16183 2.11363 -3.07412 0.623007 
3.36573 8.74646 -0.1393 -3.51748 -4.71938 0.455759 -0.131213 -1.80059 9.03559 8.28208 -2.31613 3.41079 7.58725 0.552787 -1.88687 -1.88595 -3.0444 8.42246 2.4414 1.69102 
9.1283 7.77614 1.45798 5.79721 1.41523 -4.35442 3.84511 1.17801 -0.725724 0.422595 4.75108 7.0366 2.89471 -6.04077 3.40326 10.6778 2.59559 -4.5572 -3.33389 -3.47528 
1.40541 -0.154849 0.855265 -3.80904 -1.95587 10.7622 4.95508 -0.288008 2.47936 4.72105 -3.28707 -0.331437 0.768816 8.46028 -3.48621 -2.09226 -0.160837 -2.13604 5.63742 1.51582 
-1.21641 3.89329 1.98307 -0.292954 3.35953 8.95741 4.42007 -8.17711 -0.767734 -0.342776 6.48081 -1.48389 -2.03694 -0.631691 -5.32469 -0.253995 8.7499 4.78614 8.3498 4.41288 
8.24562 10.6 4.00877 -1.30616 2.61504 1.03509 4.14687 6.48443 3.53955 4.05781 -5.89066 4.10555 5.71019 5.91244 5.06199 2.59744 5.42446 0.551784 -4.47427 1.34772 
-1.14663 1.17522 1.4016 4.29703 11.5207 1.90787 -1.58833 3.01992 7.0141 8.66382 3.63806 -2.16085 0.941677 -3.61279 1.98508 10.4545 5.53734 -5.27231 1.76209 0.976756 
0.796344 5.08673 4.63272 2.58046 -0.148015 4.37246 8.78809 6.21066 -6.75929 -7.57592 -1.87497 3.53722 5.09644 5.99934 -1.50493 0.455168 3.38203 2.26152 6.53747 9.42875 
3.51262 -5.45321 -1.33909 -4.50387 6.78287 -0.889951 -0.0581049 -2.16671 5.90534 8.28555 1.91855 0.488763 -3.54047 -0.174853 -0.600897 5.67504 0.436011 -3.01638 1.45408 9.8106 
3.5244 7.32341 -7.29261 -3.68525 -2.01179 2.89432 5.89933 -3.61891 -1.15691 0.785901 -1.08264 1.13736 11.5309 2.08787 0.589962 1.23193 4.05525 5.22447 6.40916 0.0310999 
2.69772 0.274412 1.24872 4.42631 3.55918 -2.37791 -1.93741 -3.95067 7.97641 -0.0211101 -7.08713 -1.67158 1.78003 2.91865 2.86516 4.96167 2.7933 7.33982 6.54703 0.731946 
1.74389 -2.97977 3.1751 2.97441 4.04446 4.75743 5.94174 -1.24945 -0.691732 2.1709 8.57161 9.25793 -2.12395 2.7666 -1.25924 1.39985 3.41482 11.2374 5.72281 -1.18296 
8.93071 2.64469 -7.38108 2.78358 1.13479 -0.253212 1.96638 8.95185 1.73603 -4.23775 0.736416 1.81558 -0.270231 4.96744 6.73159 2.80409 7.33886 -3.76092 -5.1966 -0.296151 
-2.75495 -0.918965 5.90302 4.99998 0.927774 6.49584 8.7488 -1.22868 1.87972 5.47868 2.2284 -5.67723 6.78639 2.97427 0.158626 9.78999 4.97276 -2.74957 0.443746 2.02089 
-10.7651 3.97421 1.09725 0.425705 4.05816 8.00426 5.06328 2.97292 8.60075 5.21426 -7.84786 -1.61431 2.33547 -0.236953 0.632476 0.266041 -2.27243 -5.31004 5.27413 -2.29697 
3.55847 5.46842 5.14388 0.504337 -2.98243 2.95176 11.3106 -1.12969 3.35046 3.15881 6.34898 5.81095 3.45311 2.46724 -0.720873 3.16966 7.36805 1.34828 -8.54473 0.734333 
-0.803442 5.53909 3.97874 1.98339 8.18351 -6.81283 -0.225666 -3.44375 2.81712 0.793124 -5.70997 -5.67935 8.06738 4.11803 -2.04683 4.04738 7.07198 6.29151 1.64251 -1.78703 
-6.21928 1.51082 2.16429 5.82166 7.24442 1.61973 -4.4194 2.49914 2.17225 4.31767 7.83125 0.878472 3.03332 4.90639 -3.22444 -2.73125 0.458824 9.11693 4.52861 2.79198 
3.97523 -0.890569 2.55392 8.33788 10.0159 1.63047 -3.36701 -1.74057 5.26294 3.85363 3.2846 4.73547 1.5597 -2.47829 0.799784 -0.841076 6.17076 0.70567 3.07633 9.49021 
7.49323 3.40545 -0.128965 3.10788 6.11203 8.08996 3.3075 2.40512 2.75719 6.3468 0.816192 0.423304 6.14856 1.00552 -7.41821 5.28239 -0.857337 -2.07696 -1.63946 3.29066 
-6.33267 2.86243 4.70673 9.61731 7.68814 1.67988 -0.167206 -6.72706 4.01207 0.178754 -2.98539 2.42961 6.45403 5.66489 5.10002 -0.100809 -2.40424 1.64203 7.36713 0.345821 
1.77647 -7.62228 0.0341044 2.83909 5.03536 -0.772495 5.3149 8.79837 -1.18758 0.713223 -1.37725 -1.3168 7.87267 12.6341 -1.92377 4.55692 1.51732 -1.27013 0.600754 4.25018 
6.05287 -1.32951 1.52591 -2.17767 3.43501 0.424421 -0.704279 1.91795 7.56036 -1.86144 -10.4144 4.16042 1.95603 7.02834 10.1632 0.501979 -3.27978 0.0592565 6.16379 15.1145 
3.31012 5.23954 5.5934 -5.09028 -1.6518 4.16394 7.24022 -1.00015 6.37922 2.36578 2.06851 10.0177 -1.22415 2.91871 -0.0459126 3.1526 8.16 -0.213255 7.70775 0.416401 
0.910212 -1.9558 -1.53055 4.96999 5.25403 -8.86684 -5.90597 -3.32797 5.24903 8.33743 6.56339 0.04949 3.74981 -4.91853 -4.37305 -5.06946 3.6876 7.74292 1.33563 -1.29089 
-0.28455 1.28568 1.4132 6.36499 4.87835 0.703736 2.3048 6.60937 -6.63081 -3.31249 -0.721831 4.40946 7.91664 -1.4619 -0.411508 3.20208 2.38981 4.85164 7.67461 -0.763861 
-1.07123 7.54178 4.49479 -2.82463 6.01697 0.663967 -5.24537 0.173334 5.32101 6.6984 -3.13014 -2.47263 2.53947 1.634 5.64841 6.88247 1.17657 4.10243 -0.369275 -4.73653 
1.63721 -2.76299 2.53079 -1.47308 6.76993 6.03733 1.47439 4.5642 8.65317 -1.49432 3.29766 5.76639 3.82956 -2.17671 -3.01835 3.38158 2.72593 8.2284 8.18602 -1.01054 
6.43801 0.682107 0.239155 -0.716772 4.22339 13.2074 2.55443 -0.0928007 -3.30127 2.11258 7.33979 1.5157 -1.33746 0.741146 8.94374 3.39758 3.45649 -0.0222142 0.829262 10.6704 
6.49266 2.53203 0.120927 10.8146 9.36714 6.90123 7.88459 3.44244 1.44124 0.578148 3.92072 7.68965 -0.360239 -2.20237 -2.46251 2.13124 1.18869 5.46626 1.95801 -3.44833 
7.11192 -0.403223 2.29986 -0.847199 10.2786 0.153897 1.30196 11.207 -2.17385 1.89239 2.8233 -0.143277 0.470732 2.41344 8.71039 3.13246 3.42585 2.04535 0.416254 2.17957 
3.48484 5.66786 -3.59203 6.30873 -0.455568 0.822301 9.78097 -4.9693 0.430331 -0.638548 4.08472 9.35032 -0.0638689 5.40976 0.754178 1.4693 6.36622 6.99497 -4.12879 2.01379 
8.59328 -4.48 7.56383 7.33713 5.73302 5.46857 -8.15333 -4.60204 -1.13367 -5.5627 0.214734 6.44372 6.47325 2.43454 -1.66178 -2.56376 1.36031 1.44011 2.56025 5.51992 
1.36526 5.78699 -3.8366 0.662164 -3.32009 5.70566 8.62487 2.58407 4.47478 6.39561 -0.0675479 1.34574 3.41174 12.4168 2.36107 -1.07401 6.59347 -4.3494 0.0546014 0.559393 
-1.72927 12.0082 -0.532865 -4.20361 2.9645 4.66784 0.280724 0.0893546 -1.73255 7.29088 2.47381 -1.27558 2.5879 9.2412 8.82913 2.19776 -4.5607 0.717069 -1.25098 -0.605294 
1.96216 0.789615 1.67452 7.61693 4.95368 -4.95856 1.7921 5.09583 5.25124 -1.83928 3.43443 6.29659 0.465488 -9.62426 1.09615 -3.22967 -0.401864 11.2446 1.63111 -3.22049 
5.42575 -0.097001 -0.263599 2.88096 8.32772 3.71029 1.20953 4.3738 -2.93853 1.83413 7.47614 7.18426 -5.88644 -2.02941 2.37938 -1.58807 2.57256 2.59556 -0.236169 4.86044 
1.60653 3.44571 4.92964 -3.42848 -2.32542 1.90376 3.35077 4.08703 14.3803 1.32117 -2.66545 6.32152 1.87592 2.74685 2.83126 6.07431 -4.12384 5.89277 4.48196 6.51015 
0.39126 5.00828 5.47222 1.31066 3.92466 -0.597364 -4.32492 1.56349 5.52746 -3.26031 -1.78963 1.19266 -0.464046 5.94885 8.62253 0.631498 3.46551 9.94246 1.16287 -6.07861 
10.3119 1.14823 5.70182 6.79583 6.64635 3.29592 5.49944 3.97849 -1.59545 -3.25399 -2.41445 9.96495 0.242463 -6.60211 0.925529 4.80437 5.76099 1.37948 1.20913 6.23939 
5.96415 -2.93252 -3.28066 6.80362 -0.9883 -3.60363 3.61334 8.61658 6.8931 5.5146 -4.70639 2.41698 -0.350526 7.06478 -0.335905 -5.67705 1.66853 5.82532 0.823715 -0.443941 
2.82061 0.546877 2.83985 6.35367 11.9917 5.54771 3.95117 11.0131 2.90761 -0.938468 3.8782 6.37068 2.23765 -1.66375 -0.407166 4.07254 8.5715 1.22932 4.70187 5.92793 
2.30556 1.23264 0.848578 -1.8823 -4.68695 7.32759 8.93884 -6.16758 6.37415 5.26335 1.36917 -0.534181 3.05596 8.43402 -5.69768 2.27409 -1.99934 -4.67082 -1.53891 10.0597 
4.178 -6.35234 1.29398 0.200671 8.27115 9.39429 -2.83241 -4.77019 -8.24889 -1.40339 1.72794 3.02543 7.03846 7.58589 -2.14006 6.3032 7.26033 0.714714 3.37806 5.65781 
-1.17369 -0.291788 2.04699 -3.93002 0.679327 2.36062 2.00534 1.27791 3.43983 8.51882 0.777122 0.82119 0.937944 4.27726 7.88973 1.84527 -1.91989 3.24109 10.1883 5.56565 
