5.89902 5.53402 5.6194 4.67473 
-3.56625 10.8175 -3.06664 -6.67937 
6.78906 5.82778 -0.149844 0.224063 
8.41453 -0.162635 -0.370376 1.04604 
-3.08354 1.80708 9.50555 1.07636 
10.1266 0.551516 -2.7651 0.454354 
-1.79244 2.47077 8.88064 -0.477885 
10.5136 -1.82099 -2.29633 2.84322 
-1.60474 1.14721 10.975 -1.77601 
8.39581 -1.69168 -0.785211 1.92181 
-0.862269 0.8663 11.1971 -3.16513 
8.87283 -3.64648 0.971799 0.677811 
0.91259 1.13779 8.99839 -1.47602 
9.76046 -2.05628 2.83039 2.56973 
3.53907 3.26932 6.48319 -2.16585 
8.45723 -0.412926 4.0144 2.72481 
3.60403 3.09541 8.36766 -2.32453 
4.18179 -2.48251 3.71271 6.86662 
2.31435 7.04176 3.38193 -3.61866 
3.10758 -3.27496 3.05218 9.23107 
2.14692 10.0838 -0.269613 -1.662 
2.20597 -3.04865 1.525 9.17179 
0.6998 8.69023 0.971345 -2.355 
3.40669 -1.23248 3.89767 6.71427 
3.8077 9.00314 -0.388975 -3.00768 
2.36266 -0.688064 3.37441 7.90288 
3.35712 7.77081 3.67652 -3.27672 
0.151434 -1.98132 4.46001 8.10035 
1.91667 10.2478 1.39212 -3.8253 
-0.914523 -1.76049 1.76225 9.03143 
2.14447 10.5799 -3.82643 -1.80334 
-0.531651 1.36498 -2.23603 10.4886 
2.13862 10.633 -2.22004 -0.0974634 
-1.53953 0.297461 -0.457063 9.60037 
2.3112 7.42886 -4.00344 1.1759 
-2.19615 1.01956 3.19729 7.43187 
2.77469 8.67313 -0.558761 -2.8921 
2.27469 -2.51436 3.37818 8.0561 
1.35554 9.70374 -1.08788 -3.10199 
-2.43854 -1.29322 1.19015 9.41104 
1.46561 10.429 -1.05256 -0.0257939 
-2.7022 -0.322899 1.46055 10.9066 
-0.351272 9.23616 -3.24115 -1.36294 
-3.00326 0.851824 0.243812 10.1585 
2.48376 7.53691 -1.94761 4.9006 
-3.53583 3.99288 5.85492 6.79797 
8.30895 5.18061 -4.45988 4.14151 
-3.10706 1.18919 4.49731 8.59592 
4.91416 9.4324 0.546116 3.64603 
0.0696285 2.10695 6.31313 6.47613 
