0 0 0 0 0 0 0 0 0 0 0 0 0 0 0 0 0 0 0 0.01 
2.81973 5.39588 6.52359 2.47217 1.82008 6.10722 9.96584 0.386038 -1.00532 3.63482 6.47051 6.65457 5.93691 5.08878 1.18163 0.831619 3.65179 7.13114 7.82453 3.83124 
4.75053 -2.47195 1.91907 -1.55178 5.7655 3.15145 -1.21551 1.67457 8.83621 1.78548 4.36578 -4.84403 -0.255463 -3.66482 3.61722 1.62294 6.00517 8.76198 -1.57433 3.68157 
5.55236 -8.14021 0.932431 4.36347 7.15369 6.732 4.65307 -5.17607 -1.61831 -2.17661 6.0476 6.67041 -4.67923 3.63583 -3.32008 0.704625 4.21785 1.75445 2.10211 5.04205 
7.20451 -4.38217 1.46429 3.06913 8.13211 0.816435 -5.89848 1.34714 0.695613 12.9972 0.0729049 0.614659 5.40538 1.40664 -4.40277 -1.17452 7.48484 -0.348583 -1.88124 2.38259 
-1.30039 -2.66541 3.81714 7.26119 1.37218 4.80843 11.5336 0.563937 -1.79477 0.53582 0.169897 2.93495 12.5135 3.44372 1.042 5.06264 0.534949 0.522513 4.19426 7.68992 
8.53462 8.1334 5.67522 4.21505 -0.767102 2.29967 -0.563879 -0.192975 -4.31729 4.99652 1.27261 -1.69781 3.02322 2.44809 -7.2476 -2.09117 2.06884 4.17254 -4.6712 1.31963 
5.62557 -0.209715 -2.38578 0.135975 -4.17774 5.33853 12.8595 0.359925 4.96551 1.81932 1.37382 1.11884 4.23766 3.48751 2.93894 4.04531 2.15806 -1.20963 2.75986 1.47695 
1.62616 3.56306 8.88964 3.08429 -6.4861 3.65062 1.59541 -1.13099 -5.47404 9.65478 5.39201 -3.27441 0.649217 1.83059 6.7 7.4489 -3.64082 0.212346 3.29662 0.824538 
-0.791073 2.49713 1.21076 1.41896 -0.368888 0.473552 2.51394 9.79075 0.533696 -0.0632829 0.681449 -0.0206591 -0.4397 5.68808 4.44932 -5.08842 4.19042 7.05671 6.77842 7.83335 
8.67981 8.91922 1.69396 -2.77545 -0.967837 5.37291 0.378143 -0.555812 0.859847 4.72225 8.04859 -0.685983 3.93906 8.20456 6.01495 4.15661 0.624632 -6.12438 -0.348231 1.37126 
4.1123 3.87859 3.9469 5.98653 -4.77882 -3.02377 -5.48389 8.1895 -1.19373 -0.625885 0.58647 4.62207 7.20652 -2.76969 1.30427 5.37505 -0.57164 -3.25859 -2.59131 4.97887 
-1.90345 3.972 0.843032 8.51929 -0.807466 -3.94849 3.63131 -0.401576 -1.01525 1.74307 9.24549 -1.01928 0.818507 4.29341 8.7076 -2.54963 -2.18043 -1.05581 1.03884 7.25412 
1.51754 7.17577 0.0460173 -0.163962 2.09512 5.6733 9.24198 1.61725 -6.96987 1.5813 3.70162 4.39492 1.75859 -1.95118 0.581209 -3.33712 9.07163 -3.76375 -0.215241 -3.75209 
4.68381 -6.65913 3.07077 0.817115 5.94091 2.60785 1.26609 1.66045 4.39918 5.42946 -3.74272 2.75012 2.95364 3.28464 6.66666 -1.17953 5.40853 1.73316 0.922799 5.85046 
10.8998 -1.13376 5.00036 3.49538 -2.67741 1.62791 3.99933 8.57538 4.14129 4.76439 6.72817 -1.78564 -1.55015 -1.45426 1.65396 9.93812 -2.12631 -1.31145 -1.30082 5.03854 
-5.00852 3.05895 7.73503 -1.28569 -0.854613 -0.786806 9.18343 8.73825 0.184102 7.33255 7.17016 1.40549 3.86861 -2.69709 -4.03246 -0.787893 7.54352 -2.015 -7.30324 -0.434541 
7.5607 7.19423 4.58332 -4.19507 -0.295166 6.96071 1.64582 0.98467 -1.73559 -3.25683 7.02082 4.97762 -5.89258 4.94521 4.82816 4.29891 9.62039 -0.657015 1.30444 5.32084 
6.81861 0.0398375 0.612072 9.62399 8.66899 0.913313 5.40834 3.58802 2.80706 0.0136318 -2.62818 -0.228091 4.30192 -2.97838 0.105293 3.11425 2.78652 3.24094 5.23231 0.533625 
0.729399 -2.81769 4.94422 1.72134 1.23851 -1.21593 2.76371 10.7435 10.2542 6.95343 5.3669 -0.764024 4.69414 4.49247 -1.7354 2.25965 -0.545328 0.899069 2.17317 10.7654 
2.21381 2.52639 4.91337 1.29194 -2.77821 -0.889422 8.29332 4.83093 -3.84875 -1.17046 -0.531456 10.1552 5.04732 5.00848 8.47822 -5.0576 7.70137 1.20904 3.57179 6.54102 
6.78629 7.98622 -0.0587507 5.13382 5.86789 -0.848531 -1.17796 0.399967 3.29471 6.90395 -1.4645 -0.831859 1.25689 -6.97696 -9.41552 6.66321 5.25888 1.53382 0.278369 -0.363412 
6.52789 1.67294 0.0905457 7.64842 1.5645 -2.99339 -1.4927 7.41315 1.66072 -1.31076 0.0961089 4.9199 8.05407 7.70956 8.74015 3.61579 -0.245185 6.26227 4.11779 -3.43242 
1.75096 -4.31175 -0.946641 1.15365 10.5552 -0.670054 2.00271 0.878036 0.637823 3.01795 6.87883 8.12991 -6.17185 -4.39293 -1.6515 7.53784 -0.907736 -2.34358 1.11089 10.0719 
0.509796 -5.26687 -4.78034 6.34221 6.75326 3.35737 3.97742 5.54289 -1.58551 0.996332 1.51443 2.55444 1.13052 2.27456 4.47274 6.1063 -2.23601 2.76861 0.666136 5.28266 
0.774838 5.88172 6.05405 2.18566 3.95928 3.06888 -4.34754 1.21658 -3.61763 6.42953 1.68774 -3.70639 0.576407 6.7669 -0.160063 4.39443 4.21678 5.83982 -0.706039 0.159715 
-1.40241 -2.27498 -1.81388 9.42731 3.49079 -1.22866 3.08912 6.00103 1.01796 -2.61746 -0.352287 10.3867 -2.44211 -5.41224 0.447444 -1.18094 2.47856 9.88839 2.95991 1.60584 
3.01988 -0.708105 1.75587 7.7251 2.40809 2.36711 6.06108 6.52791 -4.04444 -3.47201 5.91754 6.13782 -0.671879 1.56062 6.43936 -4.33652 -2.55044 0.521113 5.3598 5.22012 
8.82553 4.16861 1.70479 -0.582382 -0.966304 2.36946 9.93742 4.58013 0.937854 -1.0302 0.866719 1.17818 9.60769 -2.31019 2.82818 -2.41865 8.08051 2.54775 1.22763 4.01553 
-6.13298 3.32888 10.1744 5.64289 -1.28494 3.4217 4.05435 3.20279 6.85418 2.36071 -4.95561 4.30583 11.2122 -2.5067 -0.631565 -3.80025 1.03976 3.28509 8.41863 6.60917 
3.85315 7.64358 -1.5375 0.470094 0.197645 8.5454 -2.79196 1.04823 -0.800868 2.43945 6.8178 2.26444 -2.14143 -2.74535 2.29698 6.60125 7.21651 -0.422076 -0.784585 2.43164 
0.0301607 0.168894 3.62338 5.43693 4.20521 -1.61482 2.33691 9.16475 -2.36622 -1.40907 1.05704 12.3175 2.94609 -4.55167 1.64418 1.03331 0.760715 3.54487 4.47425 -5.65917 
3.48321 3.42801 -0.792454 4.30386 7.6254 4.54258 2.53646 -6.7799 0.190338 0.91163 3.81279 -2.9514 -1.18764 7.79686 -1.23744 -4.18557 -2.03151 1.46935 7.46889 2.92056 
1.03404 5.1524 6.54931 3.48232 7.27558 3.81353 2.14657 6.68788 -2.21636 -2.78436 1.41944 2.18543 0.76328 1.79851 8.80525 6.01649 -3.739 4.25565 -0.686646 1.62708 
7.03229 6.73945 1.3774 -0.796479 6.49402 -0.815305 -1.11914 -0.361611 9.47845 -0.229567 -5.25179 -0.832205 -1.1988 1.65242 3.15042 0.785244 1.1938 0.833673 5.77649 11.787 
3.15718 -2.00275 0.860763 6.47534 0.693668 3.38195 10.453 -4.87908 -3.89269 -1.99398 2.71769 13.0628 1.4935 -4.26208 1.84692 -1.01298 2.97668 0.506769 -3.34209 4.83558 
0.124629 1.62068 0.318753 6.41332 0.881409 -3.91806 -5.9486 8.08777 5.60391 0.804836 -0.725214 -0.89697 4.3188 5.27455 -6.0385 1.90376 8.36703 6.53474 -1.67155 1.14101 
6.60376 5.81969 0.097933 5.86752 1.98298 -3.90387 1.42043 5.49505 7.54323 -4.55848 -2.45159 -1.69295 3.87262 5.2703 -1.19058 -0.0042517 2.62444 6.28706 -1.02239 1.23092 
0.888934 -3.83096 -1.27645 7.87929 5.24276 2.18488 6.51136 4.17531 -1.06038 3.31653 5.78357 -3.47803 -3.24429 1.50867 4.19746 5.95272 -3.26931 0.0895031 -1.57674 6.80707 
3.83204 6.56565 0.423147 2.60871 6.73875 1.57671 5.93466 7.33339 3.89782 -1.15226 -2.04166 2.35919 5.0179 7.81349 0.226167 -0.616452 0.966802 4.7696 6.64593 1.11014 
7.32083 8.31705 0.365452 4.546 -1.45364 1.18755 -4.52165 -1.50608 11.1057 3.39716 4.18029 1.65463 1.19896 1.58114 3.02319 5.63219 -5.71107 -0.0940599 0.69256 2.54702 
1.01506 10.0725 -0.248313 -3.75124 -0.769891 -1.22118 2.39955 8.45624 7.80189 0.491061 -2.82338 -2.0452 3.56477 6.25384 -2.87834 3.85461 6.08009 3.21136 -0.466089 -3.10879 
0.323498 3.28703 -0.0868306 2.45144 5.56546 4.54628 -4.50649 1.46305 3.74863 5.49959 7.1357 4.12744 -5.53311 5.50505 6.85239 5.56433 7.91343 7.17313 2.57751 -1.03029 
0.559691 11.5691 4.52299 3.0277 1.00927 1.01841 2.84469 3.8685 -4.51117 3.11792 2.11245 2.06425 5.69854 5.57486 -5.71184 1.2 -0.487785 4.93461 3.13383 -3.07951 
10.8866 1.19299 -2.38438 -0.782191 -1.10323 2.11548 5.21983 7.56965 5.35556 -4.98911 1.84713 -0.328884 4.14065 4.71563 -2.32936 0.549476 7.06321 3.13325 0.549198 5.14376 
8.27264 8.27816 2.66869 -1.55801 -3.24026 -2.63646 3.66414 9.07953 6.30795 4.13797 -0.556044 -1.66581 1.3634 2.27596 5.89275 6.95782 -7.2674 2.68918 -1.84293 1.195 
4.11516 5.89758 5.83518 3.34839 0.910248 3.77671 6.91455 3.00215 -3.23802 2.34177 7.71409 -2.02638 -4.63238 2.25792 2.39527 1.59644 2.1489 4.02879 4.43041 -1.89486 
1.69799 -3.85049 2.09582 3.47174 8.08602 4.41555 4.70704 5.29356 5.10917 8.48732 1.93106 -5.26595 5.10809 5.34273 -4.02544 0.177388 7.36476 6.98074 1.58775 4.73061 
0.0216707 -1.52396 -2.20383 3.76811 0.608071 -1.48609 -1.15558 -2.32943 11.1472 0.57272 0.437149 -0.344752 0.128358 6.4945 6.19266 -2.04526 7.95461 0.0498501 0.0456773 5.60534 
1.43046 0.414772 4.18777 7.37288 -0.311548 2.16457 5.17767 -1.46208 -3.39381 2.25699 6.65642 3.83504 -5.41452 -3.23354 -1.29903 8.35277 9.52895 -0.12103 1.65078 6.75921 
1.7468 3.58929 7.1106 0.859963 3.36447 8.44176 -1.5989 2.56221 5.77889 -1.77472 -2.98599 -1.13506 9.09259 7.64919 -8.76131 -0.143532 -0.179279 4.65085 3.68253 -1.96881 
3.48642 -4.20884 5.77863 2.08141 2.24381 10.2115 1.81012 3.00067 5.4142 3.59167 2.06939 -4.56812 -2.03122 -2.84917 1.88496 8.86286 -3.87206 3.58449 1.49927 4.33545 
2.46947 3.74982 3.45382 -4.314 4.52869 4.11521 10.4359 4.56136 -3.00684 1.63053 4.31344 8.6998 4.19262 0.597062 1.99161 -4.47935 -0.0315992 -3.70147 0.159294 8.43212 
-3.20791 0.88505 8.7137 0.739192 -7.34291 4.48701 0.897059 9.24915 3.62698 -2.03445 4.2586 9.81293 6.21436 3.42298 2.34409 -1.99071 -1.7964 0.0396776 6.91796 0.195402 
-1.96356 10.6769 1.67394 4.08951 1.47757 6.83543 2.44873 3.36714 3.40035 5.27594 4.54329 -2.8898 0.63137 2.07277 9.96894 3.51623 2.66513 6.27923 -3.82539 0.389743 
7.56917 10.4963 -0.135164 4.27194 7.31567 0.571337 -3.41971 0.771723 7.18489 1.88132 -0.420684 2.88619 3.39422 -4.78043 3.67956 0.530974 3.15357 9.35278 -5.09065 0.754971 
4.90021 0.136295 -2.37812 1.3079 5.54274 10.4813 1.07501 4.72357 0.956626 1.09014 4.06916 7.51801 1.49687 1.78405 7.1451 7.3353 -0.343915 1.46123 -3.12088 1.44448 
3.26292 7.04815 -0.579418 -3.3474 -4.02672 1.11283 0.20282 -1.4577 8.91068 7.84712 -3.19699 4.61795 7.00733 1.14891 -1.46418 -0.936364 -2.4063 8.47909 1.87979 0.938043 
7.99543 8.96483 1.8925 6.60931 2.53239 -1.76894 5.2456 0.844171 -0.192858 0.98787 2.73571 5.74253 0.977856 -4.74736 4.28782 10.3716 2.88705 -3.73446 -5.12891 -3.539 
1.28232 -1.22612 -0.270724 -4.42303 -2.11481 10.5565 4.23847 -0.739513 2.29803 4.11024 -1.74114 -0.371954 1.38852 8.5263 -2.59278 -1.82654 -0.863828 -0.769078 5.37977 2.99693 
0.486585 3.36236 3.95755 -0.299429 3.49545 7.77435 2.76815 -7.43618 -0.660944 0.959297 8.61493 -2.16565 -1.85722 -1.03506 -3.978 -1.29681 8.7423 6.39989 6.81909 3.75821 
6.35115 9.69981 3.67649 -0.388786 1.00711 -0.334294 4.2819 5.81942 4.5336 2.03362 -4.40786 4.20315 7.42807 5.41581 4.39382 2.27401 5.18688 1.93907 -5.21338 3.05238 
-0.509385 1.00133 1.44045 6.02983 10.2691 2.99647 -1.75148 3.41089 7.42535 8.50657 3.38385 -0.583569 1.00586 -0.901658 2.05997 9.14962 4.98531 -5.66328 -0.798568 2.59227 
1.1068 4.7085 4.57353 3.15751 0.61595 2.87881 8.67392 7.66709 -7.44393 -5.70193 -0.764189 2.5395 2.89962 4.65046 -0.182918 -0.543146 3.20314 3.58032 5.35721 9.83126 
1.5159 -4.15059 -1.90684 -2.37134 5.45059 -1.80659 1.5501 -0.668744 5.48856 8.44887 2.84119 1.50709 -1.92594 -0.0428429 1.11745 6.30149 -0.911465 -1.24294 2.58271 8.02448 
4.06565 7.7838 -8.2666 -3.02661 -3.10304 3.44539 4.9455 -3.76949 -1.80474 1.1106 -1.07987 -0.113326 9.84786 1.26218 0.00683084 2.18244 2.25154 4.40436 6.25116 1.18853 
-0.156841 0.24707 3.13909 4.75349 3.96374 -3.00772 -1.61797 -3.84928 7.63651 0.63957 -7.65242 -0.26642 4.13145 2.88324 2.66412 6.59313 3.27121 6.85017 7.19932 1.63366 
3.18167 -4.12572 2.319 3.34457 4.43849 5.28258 5.85733 -0.360653 -2.54502 -0.173064 8.30477 7.61423 -1.64393 3.59547 -1.18575 1.37774 2.21413 10.335 5.68393 0.310914 
8.86619 1.47054 -6.78092 2.88773 2.55607 0.689166 1.41375 6.59798 2.00248 -5.5711 1.33297 2.11566 0.34745 4.5273 6.42303 3.02756 7.53265 -2.82988 -3.4942 0.741644 
-1.19681 0.551918 4.3791 6.17203 -0.312694 5.59661 6.79665 -1.24323 1.49806 4.47242 2.00451 -6.53872 6.45226 2.64927 1.89489 8.27877 5.84202 -1.98683 0.0813728 0.715942 
-10.7023 4.67485 1.94984 0.852752 2.58291 6.33793 4.53674 4.04118 7.53861 5.17327 -7.43378 -0.456992 2.63849 -0.378128 1.52182 -0.323917 -1.29047 -3.1074 6.70317 -1.47033 
0.832433 4.26961 5.78247 1.81422 -1.33457 4.02006 12.2422 -1.94919 1.73696 3.80725 6.64347 5.43946 3.21084 3.54525 -0.869072 2.0352 5.82463 1.71463 -7.50052 1.44785 
-0.891468 4.41571 2.81082 2.39989 7.21808 -6.42457 -0.667439 -3.89805 2.85844 2.11821 -4.80848 -4.50849 7.09031 4.36767 -2.36519 3.02694 7.59162 4.73032 1.8551 0.315374 
-5.83404 1.89248 2.47772 3.75837 7.42405 1.5374 -4.22353 2.91964 1.19676 3.48664 6.72685 2.04873 2.95677 5.83221 -2.01637 -2.69492 2.0622 9.37979 5.43829 2.52808 
4.66155 -1.64347 2.75033 8.13669 9.02001 0.973853 -3.26337 -2.06858 4.68179 3.49412 4.21471 6.52068 0.846276 -1.88291 0.224333 1.46533 6.83921 1.37658 3.8797 9.8735 
8.83064 3.33128 1.69555 1.87511 7.27375 8.53263 2.52401 2.33315 2.23815 8.37732 2.23566 0.627807 5.45567 0.967829 -8.33625 4.10916 -0.381023 -1.1319 -1.628 3.51198 
-4.84269 2.56662 5.2886 9.12883 7.19181 3.26559 -0.570695 -5.17433 3.58864 -1.33395 -2.33379 1.83331 9.44226 4.58638 4.49072 0.442591 -1.82508 1.4833 7.32161 1.07399 
2.42443 -6.33711 -1.2336 1.94391 3.08669 0.0702691 4.07042 8.65552 -1.25628 -0.377309 -0.770069 -1.34752 6.40112 12.8296 -0.33204 4.07096 -0.234138 -1.83444 0.890816 5.60275 
5.93389 -0.751562 1.54004 -1.84946 2.1959 0.769081 -0.548194 1.26117 7.7886 -1.45638 -11.0552 4.1999 1.49916 4.60983 9.34134 0.972367 -2.1189 -0.0061572 4.27006 12.9961 
1.88391 4.57569 6.39837 -4.52053 -0.240562 3.22828 6.1786 -1.46919 5.41824 3.17067 1.54797 10.4865 -2.46728 2.43115 -0.583087 3.0795 7.5226 1.41716 7.00667 0.773622 
0.311293 -1.12478 0.434975 5.18075 4.74543 -10.1546 -5.57697 -2.4198 5.6744 7.59517 5.08358 1.21188 3.59577 -3.73033 -4.89688 -3.50342 5.01463 7.56557 1.19862 -0.994851 
-0.883538 2.61172 1.16167 6.13636 2.9429 1.08949 3.5574 5.84849 -5.45063 -2.00204 -1.17952 4.52161 9.11934 -2.6817 0.999933 1.40816 1.9486 4.98512 10.0421 -0.00341282 
-0.164702 8.41864 4.47239 -0.396309 5.44894 1.19356 -3.76102 1.56307 4.92516 4.81049 -2.37334 -3.73865 2.84093 3.39675 5.07312 7.43933 3.12771 4.79315 -0.883767 -2.97431 
1.44891 -3.43592 1.10718 -1.62966 7.38958 5.64062 0.36334 4.86961 9.07637 -0.14213 1.61689 5.00052 4.28684 -2.79953 -1.98661 1.97764 3.32807 8.10377 9.8419 -1.01317 
5.95967 0.934194 -0.0410491 -1.60372 3.54541 12.6497 2.36641 0.705312 -1.54691 0.929938 6.12809 1.69244 -2.17138 1.00381 9.68257 1.55976 2.86013 -0.295035 2.10999 9.8457 
4.99796 2.30899 2.51959 11.1535 9.45883 5.02495 6.91699 2.17715 0.490677 0.533475 6.26313 8.21655 0.192178 -0.730724 -3.38785 0.315131 2.47466 5.9413 2.2327 -2.91157 
6.84932 -2.97374 2.5969 0.228296 9.11491 -0.0625614 0.868397 11.3741 -1.99256 0.512379 2.99368 -1.16873 -0.0557955 1.34289 9.67779 3.60019 2.76805 1.75317 -0.278651 1.63412 
3.44586 5.65591 -3.81887 4.44229 1.33312 1.58356 7.92115 -5.50252 0.823978 -1.68695 2.03667 9.06406 -1.31163 4.66282 -0.22337 0.448425 6.12246 8.17115 -5.05161 -0.603334 
8.18845 -4.132 7.87455 6.59867 4.66674 6.35278 -8.65305 -5.12999 -1.52268 -5.37786 0.275403 6.68579 5.86272 2.57982 -1.12997 -2.46951 1.45856 0.649722 -0.0444096 4.63832 
2.13511 6.12598 -3.30169 0.690874 -5.21492 5.87574 6.78601 3.682 3.66081 5.32999 -0.0243996 1.31328 3.55266 12.2562 5.2152 -0.754778 4.89279 -5.57764 0.312816 -0.364606 
-2.57876 11.4655 0.545797 -4.30584 3.67559 4.5618 -0.555145 -0.234096 -2.01578 6.68705 2.30783 -2.72214 2.7735 10.2382 10.4006 2.1548 -3.292 -1.26641 -2.54191 -0.652848 
2.54336 -0.410774 1.53276 5.45163 5.06435 -4.80123 2.64547 5.1296 5.55795 -2.16269 2.55051 5.46529 2.81216 -9.21087 2.43913 -3.95735 0.721376 10.0697 2.46507 -3.10255 
5.88938 -0.150841 -1.82242 2.33977 9.05433 3.68727 2.85907 2.9388 -2.11425 1.4402 9.40141 7.64591 -5.92947 -3.03099 2.07497 -0.0195337 4.07829 2.96236 2.50402 4.14382 
2.23046 2.40096 4.75801 -2.69147 -2.40521 3.10623 1.95865 3.16284 13.8995 1.6578 -2.38195 5.36156 0.885621 1.04597 3.56809 5.13814 -3.42251 3.9484 5.58366 8.19837 
0.518906 5.2258 4.24765 1.3159 3.06739 1.22697 -3.16916 3.21836 7.30591 -2.77215 -0.649135 0.019333 -1.08348 5.92716 7.8321 -0.925431 3.59031 8.98888 1.17578 -7.52401 
9.70587 -0.196275 4.68723 8.70431 5.73561 3.51513 4.21315 3.66589 -1.67957 -2.45148 -0.621359 7.42354 0.031552 -5.19991 2.33603 5.13685 6.02853 1.44739 0.616687 4.58268 
6.26619 -2.57459 -1.12832 9.01324 -1.26149 -3.91479 2.89244 7.9422 4.98094 4.57799 -4.75491 0.923845 -0.161164 5.7134 -0.0208069 -5.37694 1.63208 4.76551 -0.182905 0.796095 
3.57923 -0.221474 2.05804 5.88194 11.3422 5.57222 4.4841 8.94612 1.07807 -1.20033 3.63991 5.56261 3.07829 -1.06459 1.0112 3.10225 8.89181 1.02744 5.6939 5.04485 
2.72897 1.92797 -0.675033 -2.64514 -4.85819 6.54063 10.1775 -6.45506 5.2841 4.09273 1.17872 -0.725891 2.79882 7.70801 -5.33741 2.14302 -1.90941 -3.48892 -2.70518 8.54264 
4.42431 -4.93029 0.20261 0.366575 7.47584 9.4396 -2.59323 -3.78442 -6.37809 0.00248116 2.88249 1.78943 5.87634 6.84007 -0.983371 5.87783 6.85261 1.50678 2.67446 4.96902 
-0.908825 -0.0741098 1.15845 -3.83691 1.10358 2.86741 0.0681919 1.32907 2.81633 10.1766 -0.0240638 0.85472 1.55664 3.40543 6.73761 1.56446 -3.03966 2.5312 9.23066 6.1098 
