0 0 0 0 0 0 0 0 0 0 0 0 0 0 0 0 0 0 0 0 0 0 0 0 0 0 0 0 0 0 0 0 0 0 0 0 0 0 0 0 0 0 0 0 0 0 0 0 0 0.01 
7.71994 -1.82479 -1.01331 1.11227 5.07438 9.31075 2.06687 0.0405698 3.59691 8.21298 6.45025 -0.55605 0.451793 2.06813 6.85031 7.90253 0.00738386 0.863702 4.52865 8.53184 4.38222 1.03014 3.10067 5.75197 7.54867 5.41438 5.65089 6.28593 2.45069 0.875357 2.08358 5.42622 7.45024 7.17233 5.20293 2.67099 2.48025 2.52321 2.97482 4.35346 7.24725 4.66034 0.00605414 2.98863 7.77666 2.90563 -2.90216 1.6474 3.89822 8.18773 
4.0551 0.517198 4.30073 3.75003 -2.65614 3.3852 6.99251 2.04195 -4.46446 -0.648447 0.301979 7.56172 -0.380539 -2.3021 -2.49866 -2.22767 6.69461 1.08721 -3.6887 0.219395 1.96774 6.19977 -7.14858 1.80427 4.45474 -4.22387 2.23353 -1.75434 1.19311 6.47171 1.64924 -0.598559 5.38416 10.4927 -3.25505 1.10635 -6.22413 2.16266 4.21315 3.89895 5.7127 4.33254 2.87106 0.884951 -1.76015 0.218003 2.69888 5.06478 2.71582 6.35775 
8.51437 -0.447271 -2.98783 0.803401 6.63126 10.5033 -3.82782 -4.33492 2.00676 5.54563 2.54473 3.00014 5.05585 2.43635 -0.145455 2.24719 6.13617 -1.01988 0.29139 0.785049 7.91294 5.41998 0.939178 4.73625 8.12948 -2.67778 -0.989602 5.70291 2.98236 -6.53218 -1.65457 10.3792 -6.67851 -3.54802 -6.48978 4.12636 5.96135 -2.27508 6.32665 5.42147 3.44886 8.14943 7.15372 0.0546486 3.40158 0.335046 -4.3373 2.11992 -1.2761 0.938861 
-0.314014 6.26997 1.25453 -3.35226 -2.2154 -2.70955 1.53876 8.71162 0.766646 -5.99357 -2.07154 -1.91203 5.20357 7.65317 -2.5724 3.42112 4.25815 3.86879 6.12286 5.01472 1.69026 6.24598 8.41597 -1.88189 -1.52776 -0.408863 1.04286 5.10004 -0.793944 -2.4491 3.46266 1.32994 0.00231564 3.8339 7.71282 6.09351 6.0008 -0.256983 -5.99174 1.67931 11.9316 5.28425 -0.379215 3.31506 2.64008 0.604194 3.44315 6.44237 -5.99133 0.196592 
10.0675 -1.63487 -1.67844 2.56775 6.824 5.25302 2.9591 -0.448789 -2.24658 1.01408 8.28115 2.20059 -8.41534 -2.8204 -2.79476 -4.64517 -4.79424 8.27526 0.375316 -2.91352 -0.363688 0.182561 1.64153 4.70199 5.34129 5.10214 1.123 -0.138222 3.67427 8.50317 -5.15823 -2.99322 -4.46397 1.78612 4.53898 -3.56892 0.176073 4.20364 4.77737 -1.96448 -0.789278 -4.15365 8.55423 1.91561 0.180881 -2.56679 0.655242 4.99527 1.62139 2.99175 
6.65117 -0.249779 1.63283 8.70583 2.38627 0.744405 3.11579 8.37799 6.98505 -6.98675 0.117547 0.89237 5.48265 2.70404 4.23311 8.04348 6.98743 5.75989 3.89921 -6.8436 -2.91934 2.14484 3.7894 2.1471 2.69491 3.43159 6.37336 3.37621 -4.27104 1.61392 2.65296 8.3717 1.00158 3.879 8.43753 2.37895 -4.39595 3.39684 5.03017 3.75641 1.65409 -4.34585 2.1399 0.917764 2.71896 6.16061 0.666574 -4.5763 -0.194254 -0.132291 
1.03971 -1.35986 -3.23784 3.64733 7.93589 -0.214667 1.99947 2.61919 8.01894 12.4379 7.11357 2.68555 -3.73151 0.728598 -0.120485 1.4111 6.04102 4.54442 -1.37248 1.1263 4.56019 3.52417 -6.06106 0.381542 -1.53401 -0.861132 4.87124 8.82136 3.05501 -1.30451 -5.60528 2.88572 -0.593201 5.02752 3.50982 -1.12572 -1.49375 5.30794 2.35027 -3.45943 -0.789956 7.35268 0.0729063 -5.4338 1.17287 1.18876 3.01976 9.06355 -0.38745 -7.08308 
3.75351 0.00282507 2.27904 6.89376 6.54395 -3.75211 0.0980702 6.57044 7.39385 -7.22629 3.40211 1.0567 0.841655 7.65866 -1.85183 1.13013 2.67586 4.40602 4.39685 5.15277 0.515291 -1.53711 1.29366 9.02968 -3.23141 3.75109 5.59644 2.48822 3.13535 7.94361 6.754 0.338715 5.61455 2.17787 1.90721 3.36157 6.34315 -1.91076 -0.314854 4.02017 2.85662 2.48566 7.78488 4.57593 0.187908 3.78324 -1.58734 0.445896 0.920855 6.01213 
2.08022 4.6658 6.76801 2.69894 1.42601 4.02044 -2.74658 -3.89951 -2.64026 3.27058 10.4429 3.73052 -0.484604 0.857908 4.74386 1.65699 -2.43794 2.29663 13.62 4.05138 1.28801 1.48156 -6.92387 -4.78911 1.27156 -2.57217 -1.83978 6.95172 7.0878 4.3671 -0.140769 0.409887 5.20674 8.7072 2.10326 4.48789 -0.184633 0.185081 1.29367 4.29455 12.8727 6.87317 -1.75719 5.77874 3.63782 -0.415847 -0.755289 -0.376313 2.81768 1.75488 
2.71887 5.57477 3.63332 5.4221 8.11889 1.61349 0.0444454 3.75288 6.29276 6.1774 2.2924 -0.855884 3.94678 8.48417 -0.98876 -2.69508 0.560306 8.64249 7.74979 -2.388 4.90149 9.45549 0.517047 3.38062 2.93829 0.750461 3.31204 8.84215 -6.35955 -4.20314 -3.6176 5.46072 5.74407 3.37998 3.45909 4.20855 4.11079 -3.22829 3.34446 6.58259 -0.600864 3.38123 11.8629 8.59664 1.57281 -0.292645 -4.03723 1.26496 -1.75312 0.252179 
-2.66619 3.15463 1.8047 0.446511 4.37867 7.75156 3.25879 2.3296 1.12246 4.33574 5.74237 1.51881 -1.92779 -2.09596 -0.74292 5.92819 10.6082 3.59967 5.52474 5.08956 -3.10899 2.90315 -1.68367 1.28917 5.78906 9.92408 1.1808 -1.15999 3.72039 8.07258 -3.33927 -4.57251 -1.70175 11.3367 -2.27617 -1.06711 1.80694 4.57939 2.52428 -6.13223 -2.78931 -5.53222 -3.36598 3.84034 7.66426 7.65155 -1.56457 -6.11085 4.42314 4.3564 
-3.18422 -1.37062 -0.260122 6.92064 1.94944 3.90606 5.29089 3.82265 1.32431 -1.32015 3.50646 9.10864 2.80176 -3.26219 -6.25343 -1.617 -1.03481 0.455204 -2.37675 0.848426 11.0738 6.61436 5.47414 2.01319 -2.87924 0.993475 5.44238 5.35749 -3.53393 3.65859 1.12951 -3.92467 -4.71412 3.66556 6.5215 2.80881 3.82568 -1.79033 -1.71548 0.50447 6.44633 6.27543 2.27571 6.278 6.35605 -1.44551 3.51026 8.39052 3.92833 -4.62326 
3.12565 1.12248 2.07122 8.20733 1.18225 0.874362 5.37956 8.07187 1.46929 5.56093 8.33046 -4.26012 3.73146 9.5005 1.79885 2.4125 6.5421 -0.458154 -5.32756 -0.00331123 1.65757 -0.943215 1.50739 -3.67626 3.1194 6.76955 -2.1892 1.72927 3.27361 5.1813 1.32064 0.737803 3.5809 5.51409 -3.40748 3.30193 2.12687 2.79002 7.26848 -4.54799 6.42155 3.95484 1.29782 4.88909 11.0636 5.89008 3.46304 1.88575 -4.46301 3.92745 
5.94839 2.11788 1.92501 7.28314 5.51251 -3.06631 -1.55349 -1.32832 -4.80413 3.93743 6.3626 0.179785 0.779645 -0.144549 0.978409 13.4785 5.5581 3.74153 8.53829 3.86241 -0.43821 0.141876 2.64333 8.46627 -0.198804 -6.70367 1.38694 0.147249 6.4834 6.92116 3.42636 3.68657 -1.9029 0.26751 2.21413 7.66921 -2.31821 0.901591 -1.31088 10.7577 4.20679 2.28124 -0.996648 4.61805 4.66046 -2.76983 1.12221 4.76043 10.9291 -2.27163 
0.520592 5.67179 7.12226 4.38062 -2.97533 0.270442 3.20517 6.9064 1.64004 3.88477 8.14903 0.0250192 0.227894 6.57899 -0.748848 0.656552 -2.47878 8.74633 9.12772 -2.75526 2.84323 6.55255 5.17649 0.660868 4.07369 4.7618 -3.83781 -2.5318 -1.12674 -3.72496 0.608161 9.63669 -3.26699 -3.53465 -0.278255 2.19076 6.50251 3.79285 -0.771327 0.189945 4.00755 8.79895 -1.4653 3.92164 4.58675 5.71173 11.6954 5.39436 -7.71248 -1.74121 
1.40496 4.02217 1.83818 -5.01451 -4.24887 3.29263 9.61996 -1.51334 -0.692924 0.00202191 8.60168 6.37201 -2.86042 4.33897 4.91024 3.10298 -0.716706 -3.17801 -0.35029 2.09456 10.0846 -4.7456 -5.27217 -1.97089 0.720597 1.70788 2.85917 5.4541 1.1247 0.174198 2.76121 5.05162 8.88693 0.537139 -1.93269 5.8601 3.31555 0.782969 4.309 9.40315 4.25231 9.33565 4.65433 1.68119 1.10136 -0.447437 -1.09146 5.05624 5.41643 -1.80512 
3.96158 8.31116 -3.69725 1.3656 0.845937 2.33356 5.60135 7.52552 -4.23888 2.01863 3.04157 -0.558067 -0.189496 7.20522 1.93156 -4.73533 -1.52659 13.4208 -4.66241 3.6392 -0.621928 -1.56042 0.155628 6.73956 3.78942 -5.09738 -0.719851 0.812845 5.19857 3.30371 -3.03454 4.8411 3.98683 3.32948 6.08868 -3.29881 -7.19577 3.81908 -4.70733 4.64525 2.55227 0.927182 4.09467 8.40431 0.481776 3.67406 5.79913 -2.74094 1.29932 1.00626 
-0.199481 2.06558 11.1263 1.78437 -5.1896 0.341924 4.36552 5.56356 3.49329 4.8412 8.39519 -0.410837 -2.08834 3.86363 4.15514 0.33422 -0.100763 5.4749 9.60964 5.08686 3.63636 -2.00723 1.92504 3.92146 5.11791 5.43995 -1.00961 -4.39989 2.80057 2.87269 2.31941 9.03931 0.552115 0.0911543 6.55238 4.34697 -2.59471 3.22061 8.18434 5.91739 -5.51827 -1.24538 2.61192 10.8416 4.19924 5.12785 6.16303 -1.69438 4.07053 1.37544 
5.27932 -1.94816 -10.8724 -1.25587 -1.07125 6.34688 2.05881 4.33742 5.91137 1.31986 2.61807 3.91105 4.902 1.59345 -2.39062 3.03519 3.34413 6.87139 10.3156 -3.77904 2.15482 -3.20217 -0.118079 -1.59131 0.218616 2.0041 5.59265 5.84897 2.69469 1.24531 -2.51286 1.0549 -2.22765 6.98254 7.51654 1.66672 5.29993 2.3841 -8.25906 3.16936 0.40936 3.24851 7.55573 -2.96738 0.131219 1.57288 10.9667 5.37026 5.60127 8.97626 
3.13418 -3.20322 2.61817 4.00609 -1.21579 1.80064 5.3282 -0.365023 -3.07428 -2.7802 3.63768 7.99445 2.96818 4.01689 3.35908 -0.692016 -3.61835 -3.166 4.99968 5.62299 -2.70685 2.56384 10.3294 -1.85155 4.28553 0.765553 -0.930852 1.08617 6.33604 5.47767 -5.84651 -5.5388 -0.623421 6.71474 0.432687 1.32971 6.75727 1.468 -2.75477 1.90346 7.16239 8.20697 -3.98183 -2.89225 4.84436 0.420251 5.00923 -3.18256 -3.17875 7.6945 
10.6445 -3.32748 -4.81742 1.10922 4.7257 8.91613 6.78872 0.367774 4.53906 5.47564 -0.873938 0.886307 -0.806395 0.00641439 5.51545 1.16022 -1.75136 1.58406 6.4371 2.9776 -9.71684 -0.853754 2.51419 5.34775 3.50917 6.54865 -1.96668 -0.874702 1.87144 1.24132 0.479036 2.25637 8.69543 0.605734 7.19536 1.31988 0.044727 4.58515 7.98951 -3.36784 1.13139 2.61772 9.8005 2.73472 1.476 6.907 1.43321 -1.49184 1.3315 5.12404 
-1.14855 -0.739894 4.06626 7.44459 -5.59409 2.54304 9.90545 -4.83472 -0.117615 0.48594 7.11013 6.12864 -2.82541 -1.86919 2.75477 9.75089 8.89865 3.77094 -0.178888 1.63271 5.91231 3.77529 2.74286 3.23536 -1.04377 3.1951 3.98381 5.58333 -1.33111 -3.99155 2.95117 8.26353 -3.33765 5.48288 2.80217 2.93563 4.90564 -2.77022 2.89479 6.75972 2.48832 -7.03739 -2.22093 5.37989 2.55939 -0.272465 2.88976 7.64857 1.49763 4.38966 
-4.36598 1.95731 0.676169 0.279347 6.14552 3.48275 2.0422 1.07091 5.62609 7.79402 0.946093 -1.51663 -2.3002 -1.56235 9.25024 -0.897059 -11.3073 1.49494 5.80212 4.29192 6.0979 5.92405 2.35981 -0.0287303 -5.22809 -1.39685 2.82807 3.94359 3.5641 6.68235 2.9516 -5.5507 -0.831894 -0.448953 1.01806 11.2435 5.97315 2.9131 10.1089 10.3744 2.02931 3.72925 2.32753 2.43897 1.82515 -4.60829 1.42061 1.2392 7.82441 3.75164 
7.9249 0.937997 -5.00944 -2.28769 -1.72457 5.0047 6.35692 -1.7671 -1.96308 1.99053 -0.30981 5.11151 4.85483 -0.195681 9.33241 5.61444 -0.511697 2.62059 -2.02511 -0.43242 1.53438 8.40027 -0.693901 0.00457391 0.620836 2.98833 5.95605 -2.08957 5.17131 1.52485 1.12199 7.04871 5.10368 -2.12786 1.22843 -0.415932 1.77239 17.6109 -0.447254 -0.0670544 1.78411 2.49805 2.70078 3.15279 5.45798 3.87681 -1.62184 0.145603 0.0592387 2.47183 
0.613916 2.4566 3.79278 5.64126 -2.42182 -3.9898 0.744834 4.04498 4.00674 5.44831 -4.01653 3.40675 -1.064 6.83171 8.34758 5.05795 8.04338 6.01135 -5.1121 -2.92209 1.72464 4.02458 3.27025 6.19244 7.07014 -3.88498 3.58109 7.32644 -3.20916 -2.89071 -0.269439 6.33298 4.19497 2.96374 -0.673577 -6.91011 -2.80114 -1.40307 2.82588 1.20802 7.03817 5.76482 -2.77161 5.891 8.70534 3.69944 4.22474 -3.33981 -3.66405 -0.568348 
0.609042 -0.870054 -0.362627 0.882524 2.6254 6.17886 -2.20172 -3.75343 -0.332837 1.98725 4.1739 2.70939 -2.70102 7.44836 2.15908 2.52473 11.363 0.158587 3.22522 4.61583 6.1785 4.3654 -1.2926 1.66388 8.90832 9.49792 -0.636362 4.12161 -2.09934 -2.00924 3.0917 11.12 5.10134 6.09401 7.0889 -1.36597 1.10757 3.60428 1.93549 -1.75948 -0.0243262 0.390133 6.50597 9.8621 -5.48105 0.877251 4.75023 10.6478 1.22176 -0.153628 
7.33554 5.3924 -2.39969 4.14355 1.44286 1.12023 0.736269 3.52473 7.2533 -1.76033 4.44827 5.14572 4.99716 5.95711 3.42017 7.36078 5.41689 -7.49786 -1.38017 0.435429 2.35639 0.503274 5.58191 0.586078 -4.20895 2.62962 8.13162 4.71252 -2.63635 -1.70097 0.769886 -5.04014 2.77658 8.89953 -2.79955 7.71472 6.88697 0.0834902 2.51212 5.449 3.12079 -3.96318 2.52006 3.08801 2.51104 7.60771 2.36916 4.92622 4.64386 3.75798 
0.894732 7.31812 8.52621 -1.57313 1.58979 3.30006 6.83101 -0.216751 -3.65653 1.75163 6.43684 -1.73654 4.6283 5.27836 8.35188 7.44863 3.50754 3.56669 2.10981 4.79877 2.95328 -2.50966 2.94321 6.6701 6.58778 -1.00369 -6.49922 0.49683 1.5355 6.30276 -0.177707 -0.0150749 0.925054 7.10307 -0.613792 1.01405 -0.803888 7.88296 9.24688 -2.29492 7.43528 0.114321 -5.521 -1.19373 -3.49017 0.114667 0.766849 9.24548 -0.816396 0.859704 
0.655025 -3.46522 -2.09152 8.72148 0.985605 -0.734419 -0.30248 1.58668 6.24403 -4.96231 4.57739 -0.182605 -7.43001 -2.00484 -1.31077 5.7128 3.75778 -4.04011 -2.09942 -1.29725 5.25088 9.83202 -1.28687 -3.70912 -1.70927 0.0143549 4.50637 5.83464 6.77965 5.43647 -2.65198 -2.74178 3.43712 5.11181 -0.820718 1.46472 9.84703 5.34859 1.02635 4.08374 7.91222 4.88186 0.562973 5.18863 7.46039 -2.7857 0.709791 -0.255033 0.165424 5.05644 
6.79036 8.58977 4.05245 1.88341 2.14603 3.31032 5.77303 -0.221044 -4.52982 -0.197264 10.4461 7.21799 -0.654266 2.33215 -0.69335 0.916581 -0.409123 1.28958 6.36644 -1.47755 -2.48284 1.68146 6.70636 6.97704 5.50398 -3.27949 5.5663 3.70312 -1.74443 0.235398 5.27653 10.0539 -3.28696 -0.470379 -4.23064 -2.51837 1.75774 4.49106 5.56463 6.28004 -1.15765 3.3696 3.709 8.29426 9.33401 -4.34917 2.34703 -3.41982 -0.768379 0.862132 
0.493436 -2.35177 -0.0596807 5.38552 4.59082 -1.4643 4.91576 10.9051 4.09253 0.959122 -2.58943 -0.754121 2.64517 6.83661 1.00424 5.31411 9.75831 2.61939 -3.54715 0.462395 3.56077 3.51443 -2.04896 2.75932 10.4806 2.61006 0.0700316 1.26184 -0.644272 0.158273 8.1099 6.74449 2.62763 4.47695 -2.20379 1.20412 4.46688 7.45231 4.2134 6.18114 6.10394 -2.95515 2.11042 5.39407 4.94083 -5.40214 4.01169 3.69006 9.38599 5.05663 
2.24757 -6.88018 0.187104 -1.38557 0.411062 5.76428 7.70316 -7.0326 2.44256 6.77464 3.24652 1.45614 4.46727 10.6643 2.94771 0.895075 5.08401 3.4148 3.8107 4.184 -2.26884 1.09411 3.02914 7.19659 0.283729 -5.54977 0.600155 4.14145 9.59248 4.9383 5.23159 0.109579 -1.60868 1.28772 9.75523 7.19117 0.234081 -1.90068 0.0943404 0.810246 4.03347 4.13609 4.84697 5.58682 -2.88524 0.222109 0.675676 9.56434 10.1146 4.36101 
-3.38456 -1.91703 9.14816 3.17768 0.201342 3.50793 5.83609 3.57153 -1.44652 1.61432 6.18604 7.78928 4.46141 3.96944 -2.36554 3.4136 5.61222 9.16884 7.49011 2.27051 2.60369 -1.47137 2.43042 1.18032 2.47498 6.51148 -5.13938 -5.43761 1.6117 1.17987 -0.157197 9.05975 13.366 1.16213 6.72947 4.25135 -5.06563 2.4958 -1.62914 3.45582 4.27686 -0.464162 0.749318 4.8688 5.36685 -1.55268 -0.0185181 -0.540478 9.00527 -0.22242 
6.65099 4.70462 -1.36969 4.93498 10.5064 1.0651 0.756413 2.23284 5.60293 0.908676 -1.43193 5.32051 11.036 2.44559 5.0121 -0.245682 4.42928 1.073 -2.15053 -3.85997 3.78258 12.2865 -0.938517 2.03542 0.848856 0.646935 1.10024 1.69848 3.83216 5.18588 -2.11156 5.01933 8.44328 -0.819106 4.35692 2.72322 -2.45561 -0.295515 5.89308 0.112507 -3.37792 -1.3854 6.87822 2.94937 3.83508 4.19497 3.12688 -1.86368 -3.44573 -1.6286 
0.539532 -5.68989 0.127568 -1.6414 2.32909 8.66986 0.081657 -1.09664 0.83193 7.3389 4.00937 -5.84981 5.32579 7.79834 2.8104 -4.48729 -0.792817 -0.641728 7.41934 4.26799 1.97029 3.43493 -1.32142 4.14241 -5.79738 -3.45785 2.20683 3.81362 4.81055 8.38886 -3.22293 -3.59007 -0.815039 -2.38179 5.0468 3.31071 -2.99289 0.163259 6.82311 1.78698 -0.207708 2.91379 7.81755 0.265025 -2.34254 1.99021 10.7746 2.75212 2.27745 5.73782 
1.53277 4.11055 6.77431 0.818141 -4.06798 3.19996 3.16859 4.95025 -0.774746 -1.14655 -1.79177 6.87154 -2.762 -5.8015 1.50878 5.23291 3.91258 1.76423 -4.14349 3.72487 6.2138 4.72941 -1.64474 -1.11237 0.845715 6.6022 -3.43522 -1.96 -0.66957 2.99501 3.3837 3.07548 5.67993 -0.0401042 -3.91155 0.516685 3.47457 1.20926 1.77456 8.14708 1.62016 -4.64934 3.45411 2.99096 2.30331 11.0163 7.8673 -3.81195 4.13443 1.96669 
3.40569 0.524501 6.31494 4.27841 1.15351 4.5409 1.23271 -2.3954 0.311924 8.25196 -2.61236 -4.4048 -2.81915 7.09654 -2.20094 -2.50878 1.45185 4.83445 2.12029 4.64137 5.66272 0.486138 4.26264 6.46946 -3.7962 6.4313 7.57184 3.9904 -1.75305 -3.58443 1.78288 9.11558 2.57434 2.88524 6.1244 3.37688 -4.66358 -0.984395 -1.06357 3.07365 4.55494 1.19532 4.72182 2.76491 0.261184 5.2179 5.89116 -3.37226 2.30248 10.7133 
-4.91363 -5.03848 -1.94544 -2.14139 9.53483 2.15888 -1.44418 1.01733 5.77839 2.47189 -3.6818 2.66559 4.84166 8.20855 2.63823 1.24308 4.90334 -2.7899 -2.08479 -3.35673 8.46067 -0.260951 -2.85773 1.35685 8.67372 5.38432 -3.8246 -3.96746 3.68448 5.73353 0.155381 4.8601 11.1904 -0.149423 3.21942 1.42717 1.47216 4.86019 4.35197 -5.50668 4.52428 3.38759 3.48607 6.17397 0.461741 3.87916 3.456 5.73983 10.6185 3.13199 
2.05662 2.45431 4.68666 0.525814 -0.879687 0.894455 1.80589 1.3083 5.94805 8.80291 -0.605604 4.1453 1.63915 -1.09786 -0.260805 8.74775 -2.38938 -7.59094 -1.41016 4.49655 1.52707 1.16118 3.10614 6.33088 -3.79227 -1.93179 0.0034324 7.31521 7.65552 7.13017 5.48956 -0.796407 4.44603 8.37952 -1.32182 -0.694285 1.64294 7.54781 5.83786 1.53655 4.5856 3.90594 0.859713 5.56809 9.52882 -6.37813 0.714515 1.06348 7.06072 9.00053 
-2.51337 -1.92598 4.46735 -3.35982 -2.91122 7.29234 5.18005 1.63015 2.49753 2.10377 2.55332 4.74004 2.323 -2.60956 -0.948146 9.56743 2.58373 2.40941 2.11969 6.52935 -0.107698 -2.75658 2.98487 6.88208 -0.384923 2.99756 10.2993 4.65071 -2.42385 -0.607186 -1.11878 -2.34669 3.48088 10.9295 4.61234 3.62585 1.65762 1.74948 7.14865 8.43946 -2.3675 3.6313 5.30013 5.29519 2.43168 0.563275 1.78098 3.86048 -2.41203 -1.61943 
7.66496 0.378738 4.6247 6.32845 6.63379 6.95771 -2.12707 -1.63803 4.6185 3.28321 -1.68572 2.37784 12.4224 5.20046 -5.42286 -1.46064 -1.03639 -0.102789 6.99804 1.06068 0.375209 0.0203945 9.19439 0.552196 0.249774 0.901681 6.67213 6.56042 4.99206 7.05663 4.48994 4.176 3.72521 -5.98757 1.34215 3.50538 0.786718 -5.78566 1.1015 7.58943 6.24348 6.57866 4.70028 -0.389631 4.37743 3.94027 -2.86907 1.09732 0.456646 6.48805 
5.58306 10.7679 -8.12482 -0.73771 -5.01879 -2.1107 -0.281805 6.60025 11.0601 -1.14293 0.257523 4.10294 -3.92071 -0.334003 -6.28377 -0.0965078 9.82515 0.499592 0.387894 -2.22317 -1.32326 10.2864 -0.778249 2.90918 1.96799 7.69438 9.07566 7.07494 3.17611 -0.407229 4.51524 4.2067 5.16834 4.6283 3.26865 5.03656 0.700089 -0.676001 3.31085 5.34588 5.50037 0.030004 -2.4902 1.0647 9.8129 3.41881 4.97589 8.81402 -1.59048 0.196134 
-3.24096 0.544494 4.76974 6.44891 -2.67813 3.28069 2.76322 8.06405 7.86931 -0.913033 2.5557 -4.38073 -1.44098 -2.06685 0.0879189 3.08758 8.8975 0.306296 1.61549 4.86834 7.66407 2.07772 8.7832 10.8151 -0.418155 -0.203998 -3.33717 -0.150434 -5.45507 -1.43145 8.80536 0.261908 3.63886 6.54181 7.46919 0.683963 -0.85935 4.81508 -1.92088 0.922959 -1.41674 3.489 2.55954 -9.15431 1.92227 0.222749 2.81351 3.33963 7.92813 -2.5994 
3.70995 5.00705 -1.66504 -0.334183 -1.01691 5.43379 6.40304 -4.10071 4.276 10.5603 -1.3094 -0.624428 0.174783 3.29069 5.25071 -4.63964 2.1632 0.540911 11.7863 -5.36052 -7.63544 -3.01226 3.46617 4.22415 0.262941 2.55213 6.80789 2.32102 0.464881 3.34047 4.26819 3.03681 -3.02668 1.20327 -1.24612 5.52607 12.1689 3.71335 1.93399 -0.401683 3.36845 4.42038 3.22872 7.00908 8.19363 0.939341 1.05983 -0.848626 2.81907 3.59594 
5.52132 6.93486 2.95507 0.426892 -2.71322 -0.997584 0.846479 2.45998 5.1901 -1.97476 -7.58928 -0.841283 5.59991 4.46615 -2.63572 2.09324 9.75436 10.5936 -0.619796 2.94056 1.60034 -8.04342 7.54292 -0.0774273 4.22396 6.97723 -1.64695 1.92446 6.18397 4.2258 -1.03991 4.19546 6.64123 -0.150477 -2.30287 -3.59013 -1.71262 8.19031 4.54163 -2.46801 -4.34177 0.959024 5.2115 9.03843 2.47773 3.68791 3.42043 -7.95046 2.09849 -0.671692 
-3.03153 0.979117 -3.39162 0.528416 8.80602 2.41949 4.88316 0.00447151 1.4194 0.0810703 0.0938692 5.7591 0.0189844 -2.5194 7.26096 -0.519297 1.28546 -0.526796 8.456 2.50531 -1.80414 5.32599 -0.698972 0.797476 2.32126 9.46615 -1.07874 -4.94271 -0.841518 -0.542161 1.71856 8.32666 7.22049 0.830417 5.69875 4.34757 1.40728 3.92253 0.883283 2.50739 1.90143 4.54989 4.48601 -2.4845 1.43496 11.1288 4.81964 2.20132 4.49738 0.980634 
-1.62982 6.17146 4.90638 -2.84141 4.48712 0.588426 0.664659 8.17606 0.460712 -6.63713 -0.413392 2.66094 1.96731 1.22717 7.0499 9.49575 1.27722 5.01977 -0.565981 2.55058 -1.90217 -2.80537 1.61984 9.07838 -2.72434 2.83778 0.79361 1.37486 9.88868 5.0641 -2.65422 4.26361 1.48331 3.29831 9.93922 0.0147036 6.70584 10.54 5.33361 -1.40179 3.39332 5.02841 5.46593 5.04475 2.80645 -3.62813 -2.07053 -5.00532 6.72063 8.13471 
-1.61374 2.12063 9.20304 -2.5059 6.00681 0.0369174 -0.947367 -2.12822 6.83874 3.02406 -5.79602 5.77096 4.38647 -3.90914 2.69887 4.45679 5.13412 5.18 -3.575 0.677527 0.696442 8.65651 -4.61217 1.60708 0.0836473 -0.404856 4.47622 1.38002 -1.15684 0.766262 10.9216 -1.81612 -0.911965 -0.774969 -0.334888 8.26427 -0.863364 4.02526 9.9635 1.15622 -0.497571 1.08186 -1.61527 -3.17261 6.10407 4.30289 -3.46952 1.59344 6.95932 2.02222 
8.07352 -2.08791 2.33782 -1.85834 -1.98537 10.6665 0.171317 -1.54919 0.667278 -1.11601 -0.105603 8.24778 5.77578 -6.95457 1.88855 9.80778 1.95876 -3.6277 0.418518 3.38976 9.41283 -1.058 -6.49559 -0.68654 9.89043 4.046 -1.25268 2.94671 6.27933 5.84919 -0.541293 -0.712859 3.57808 6.77731 -5.42453 2.05434 -0.593312 -3.76549 -1.42429 5.73713 0.72866 5.23111 1.98456 0.120541 6.44792 1.73101 0.0622497 0.0116953 0.36577 4.11739 
4.19632 5.13095 9.26839 0.990434 0.983237 6.21307 3.23968 3.75732 7.96958 -2.70577 -3.81183 -0.261839 7.30369 3.43055 -7.01988 3.32468 5.67313 2.03491 3.44633 7.55404 1.20458 2.06053 6.28898 2.79775 -7.85776 4.33947 3.9813 0.682515 2.80798 10.7053 2.17579 -0.059404 4.24903 5.26741 4.86375 2.81626 -2.53811 1.87406 6.92207 4.34423 -3.49277 1.02378 1.54642 8.85423 1.36707 3.03987 5.44019 4.09933 -3.22629 3.58677 
-2.04187 5.2236 6.06158 4.77018 -2.76307 -5.80572 2.22187 5.39986 3.74898 7.97042 -3.45177 2.68067 1.62879 -0.803894 0.451504 9.23672 -3.6508 -2.72706 -1.55937 -2.86464 4.26651 3.04322 -2.63088 2.29713 6.90047 1.4346 -4.50957 7.07002 2.58982 -0.221175 1.50978 7.03018 1.77118 -3.03124 2.61368 7.15594 2.94523 -5.82888 -0.881284 -1.82735 4.56863 3.90037 -5.84629 5.53575 3.01288 1.43368 6.56032 2.29935 3.16044 4.4972 
-1.53688 2.80436 3.62868 -0.289068 1.40587 6.2847 4.09807 3.74384 8.14975 -0.703514 -0.895203 5.76835 2.51033 0.291651 0.779565 3.00326 4.48884 1.33897 3.20527 9.82875 -2.77747 -2.09089 0.64796 4.67052 0.262523 -0.770855 -2.16644 4.6119 5.64609 0.527168 3.79189 9.83225 -5.97098 0.785061 4.97771 1.92774 1.42191 4.85416 5.77709 -3.21765 3.43216 3.03058 4.86705 5.13307 -3.14357 -0.533704 -0.0583914 12.2673 -1.66175 1.01615 
10.8552 4.05261 1.45803 4.54228 -2.54482 -3.53821 2.46036 8.78504 6.91827 6.40386 -1.00938 -0.498851 -0.797849 1.97896 6.79889 6.89782 -1.31783 4.02029 5.28651 -2.18835 2.98542 1.31228 4.17965 5.86388 -0.0613663 4.046 7.2649 -2.10742 8.01325 4.7488 1.28676 3.55756 0.450607 1.94582 1.23121 6.4075 2.54776 -4.68053 2.80445 8.25897 5.80587 0.451814 -4.32765 1.44352 5.07639 6.55395 -4.21973 -2.9871 0.246409 3.65259 
0.233686 -2.37308 7.9872 4.24515 -2.84243 6.39546 0.947802 -3.38053 3.24397 1.2075 0.180626 9.44547 -2.2249 -0.483837 2.63163 2.9628 0.48764 3.09941 11.5324 2.39891 3.49137 4.20576 0.204644 2.84962 5.44509 -5.11927 -1.10321 -4.61117 3.71831 11.0606 -5.91047 0.843741 -0.162451 -0.032907 1.89384 7.23286 4.51544 2.36803 0.0404072 -3.81163 2.08492 4.61631 6.27799 -1.78836 -1.69224 -0.122783 1.19474 7.36535 -0.0662758 -1.76115 
-3.26695 -3.5468 2.66446 6.73407 4.2005 6.44022 0.917287 0.633134 4.27618 7.29327 1.05446 5.06066 9.96584 -1.06585 -4.49093 -3.82275 -2.45802 6.46291 5.6096 3.67365 5.47392 3.64996 -2.3366 -0.950446 0.209286 9.73012 -3.92076 8.77917 -2.77713 -0.778027 0.357124 1.61093 2.61154 5.38024 0.470959 -3.15628 1.35856 9.78383 3.30085 -5.74646 -2.05117 2.25553 7.3191 5.63105 3.60477 -4.19554 0.828703 0.899921 4.44521 6.70236 
4.18258 6.86226 2.40827 -2.42327 -0.108422 3.90486 7.29207 -4.3214 3.37746 -2.05502 -5.13817 -1.66958 5.87301 4.38084 3.95863 -1.88599 3.20388 -2.35074 0.81052 3.4131 -3.85099 -4.71639 7.34709 1.24648 -1.68585 2.84012 -0.823758 0.234473 -5.16205 3.71182 4.39102 -3.35229 0.872933 2.14281 5.24492 8.80843 2.68518 -3.8443 0.502943 5.9698 9.32877 -2.70723 3.00052 5.53948 8.18821 1.57972 -1.42236 1.48438 -1.73067 0.77692 
1.49878 0.527225 1.81997 7.44521 -1.09203 -6.96113 1.84982 2.4157 7.72514 4.80722 -0.557241 3.1476 7.86329 4.2944 -2.44853 1.83835 7.11142 0.431016 -1.7014 3.87627 7.27716 5.50336 4.07546 -4.47434 -1.30308 0.506985 5.89845 5.57493 4.18418 1.40985 -1.11125 1.40798 5.70307 8.35627 4.69727 5.28806 2.84345 0.755872 4.59079 2.27668 1.39498 7.14286 -0.992491 2.60268 6.58715 10.2329 1.9418 2.0139 2.94895 0.0562242 
4.10789 5.22165 1.06614 5.33518 6.64873 2.97083 1.56489 -3.92781 2.89454 2.1952 4.18526 5.84134 -0.834947 4.97581 8.24011 3.23273 -4.27502 1.19429 -0.321493 7.14181 7.69599 4.11209 6.83839 3.43838 -0.68354 1.84172 2.68497 0.163615 2.84669 6.65703 -5.84153 0.231725 -1.38078 -2.29392 0.568379 4.27285 6.05096 -3.16252 6.1818 0.809084 6.60967 4.20059 -2.93327 5.43916 2.83187 -1.48408 -1.36384 -3.92757 2.76259 6.85848 
-0.599737 2.50275 6.39855 8.34457 1.16409 -0.289011 4.69044 6.07321 -2.37093 6.55597 2.19852 2.96648 5.45867 7.38198 -0.393387 -1.52931 0.359267 2.82985 12.4499 3.35462 -8.11287 2.63044 1.11289 6.13315 7.43707 -3.16379 2.45045 0.505367 3.24682 5.91402 4.80986 1.48679 -3.24236 -0.380274 -4.15183 3.96307 5.90684 1.09545 8.15763 3.8134 -3.66829 3.52523 6.17479 -2.35378 2.48853 1.44675 2.94216 8.65167 -1.36403 1.46973 
-4.77886 -1.56906 -1.3459 8.05125 3.29217 -12.0298 0.76902 -4.41357 -4.705 -3.92079 5.327 6.86279 -1.2113 -0.171004 1.59051 5.11109 -0.0632199 -3.46615 -0.132892 6.04548 4.26526 4.10976 5.70942 4.07935 7.53444 7.59947 -2.96592 6.60175 2.10904 2.88034 9.10595 6.62079 -2.75134 -2.02109 -1.8825 -1.03201 1.11373 -1.58891 -0.808913 2.06246 8.59179 -0.334996 -6.2618 -3.47057 -2.38494 -2.05586 6.76995 7.65826 -3.43364 0.587581 
8.95513 8.80125 1.13683 -3.18689 -7.6054 1.4727 4.39972 0.89687 3.09962 3.62138 -0.533903 1.14157 8.33424 -1.40241 0.243278 1.29806 6.54509 3.4769 -4.27418 -5.00558 1.90612 10.1423 4.43212 7.42487 6.61846 5.80839 7.35052 -2.72931 -3.75572 -0.733338 7.63715 3.76135 0.283833 4.77654 8.46118 0.968259 2.60202 6.62771 5.36725 0.506162 1.441 4.80315 4.00024 -3.07515 3.08106 5.6752 4.41826 -5.43173 -2.01985 -1.55867 
1.86173 -1.67746 -0.967153 0.0578335 2.46238 -4.88367 0.170389 -1.81432 9.28837 8.54814 -3.06794 0.38392 -2.33373 0.138926 7.0207 -2.00315 2.05106 1.79324 5.37341 1.04232 -1.24182 -2.13023 3.38172 5.48754 1.29464 5.86575 -1.04671 -7.62197 -8.05971 5.63434 5.50841 2.77541 2.00467 6.4924 1.32981 -1.10226 1.42394 11.2457 -1.46648 -0.89376 6.19495 3.77671 1.93904 4.69935 9.78022 -1.13645 -3.16147 3.24866 7.26255 -2.17154 
-1.49448 1.71445 9.93193 5.64437 -1.0213 1.16411 1.0696 -1.4457 -1.24064 -0.477951 6.06717 2.72801 3.56304 12.9173 3.72222 -1.25887 4.38547 -1.79246 2.75115 6.4156 4.52384 -5.792 -2.98843 1.18995 1.65687 3.29479 9.86453 -0.482273 1.10368 5.79407 8.8984 4.78378 -0.0958051 -0.0477955 4.38103 5.83342 -5.92772 2.56812 0.872342 2.35743 11.6895 4.76912 0.666732 5.12036 2.04247 2.20154 1.51382 3.15402 8.48427 -1.54367 
7.57556 -0.0169109 -0.905855 1.39444 11.3644 0.625262 -1.31134 -0.462774 2.99599 3.92568 -2.55955 8.40675 1.38041 -1.60112 0.863678 6.37336 6.98142 0.0705769 -2.49417 3.48339 1.95056 2.2986 6.62714 5.34449 -3.44411 2.29303 1.89231 5.81278 2.1218 -7.59154 5.09604 7.15322 2.76635 5.37598 0.741875 2.96659 4.52393 3.55217 -3.93954 0.0468245 -2.05811 8.56398 9.75092 -1.93489 2.87063 4.39579 5.36321 -2.97708 1.31043 -0.887197 
3.22777 1.9763 4.92429 2.95279 -4.07031 4.40013 5.45519 10.6395 -0.336174 -1.84489 2.50197 6.51887 4.70798 3.18509 1.43111 -3.13625 0.357614 2.94947 10.3762 5.28297 -4.50523 -0.636807 2.69444 6.00294 8.17057 5.69705 -0.217786 0.295565 3.84157 0.761427 -1.9167 -0.723444 0.847744 11.5355 6.63215 -3.04591 1.33443 3.40131 4.96853 3.62294 -1.04189 -1.81251 -0.500493 9.68862 4.97125 -5.92033 0.049134 2.41496 4.31367 -3.87685 
0.547144 -2.23459 -0.0263682 4.27726 9.09712 -8.03375 6.93582 1.57031 2.23305 6.49741 -2.58611 -0.234241 1.12053 3.60231 9.13873 -2.51369 -0.460063 3.90854 0.414263 1.99321 5.84629 -5.37635 -3.26184 -0.440231 0.0933314 0.492633 1.94884 8.99958 -0.916658 1.66942 3.56752 6.56128 -3.03705 1.68595 2.07798 5.4688 10.8732 -0.00881134 0.511829 3.50876 5.94747 6.50705 -6.88013 -1.33706 -3.28824 4.18204 8.30726 -1.63764 2.8593 5.41807 
-2.11301 -6.16192 8.03505 2.03003 -0.475114 0.612786 7.00356 1.1833 2.20568 8.58078 2.48065 -2.53226 6.48564 5.59956 0.184924 3.34562 6.58258 -0.444756 -4.99205 0.1495 3.30753 11.7381 -5.51767 -4.71227 -0.289347 1.9952 4.38305 -0.869407 1.77359 5.50683 6.51013 1.4118 4.23628 0.263178 -3.86658 4.73431 2.70607 3.82282 7.39632 -2.66665 2.06132 5.65849 2.82938 -0.0829986 3.14921 8.92636 -2.76427 1.42065 7.00577 -0.986365 
-1.52875 6.64188 1.96887 -4.0493 3.4597 2.44549 9.22286 5.77525 0.564304 5.67897 7.78496 3.72394 1.31171 -5.8038 -1.24773 1.84746 6.30493 -1.04875 0.803213 7.42154 4.85396 0.38833 8.45104 -0.814938 -5.75942 -2.35191 8.25714 6.19335 -0.0883812 7.69251 4.44683 -1.51795 4.11123 8.72809 0.860404 2.59474 0.440892 -1.0575 -1.52499 9.50634 0.359043 -5.35533 0.350516 3.34274 6.35487 -2.23875 2.9798 3.30731 9.29657 3.86141 
8.07005 4.42268 0.603726 0.265701 -0.185346 4.08449 2.94964 -3.89676 1.56704 10.2401 -0.874413 -8.1434 -0.937066 -0.869142 3.49912 8.99671 3.78427 -4.91585 4.12752 9.30976 3.125 3.62799 3.10256 -3.31235 2.56058 3.30823 3.56217 6.28575 -0.646115 1.38759 -0.237043 11.6597 -0.876857 1.80405 -2.36102 -0.203313 10.2001 3.79196 -3.89028 1.16727 -1.90692 -1.18671 8.95804 1.03952 -8.05188 -0.948902 4.61354 3.1275 -1.06094 -0.224248 
4.45462 1.66091 4.59211 3.5877 -4.06117 0.173525 -0.498146 4.4727 9.11361 8.89339 6.253 1.55895 4.06309 7.2949 -1.98823 -1.5496 1.512 4.00845 -3.20126 1.72377 0.363962 7.28167 1.40895 -7.89534 2.42404 0.551447 -0.516123 0.120518 2.99542 3.08317 -3.10214 1.66204 -2.65086 0.186077 7.63703 -0.220466 6.27526 9.27087 4.84719 4.99156 -3.69869 4.79396 8.35688 6.37577 0.396935 -1.09036 2.09996 8.77169 6.70302 2.66299 
3.01089 7.69914 3.11571 5.79922 6.54074 -1.67892 3.88388 -0.162438 7.01337 6.60734 0.739936 5.99224 -0.47461 -0.717423 0.546217 9.80757 -0.770403 -3.48165 0.58356 6.54672 0.21356 2.98599 5.62498 10.1919 8.35891 3.40767 3.96781 2.7379 4.61683 8.85885 3.446 -3.10471 0.602597 1.40793 -0.489301 -3.36085 0.427338 0.921173 4.24541 12.6163 -3.02582 1.11023 2.96657 5.2496 4.71071 -3.87797 -4.37996 2.67159 5.94786 -2.06456 
1.87986 -3.89866 -3.67551 10.4265 2.24568 -1.06856 -4.41856 5.19356 3.04323 0.311772 -3.46522 1.44725 10.8615 2.81051 5.64531 0.684078 -0.987928 -2.42087 6.70531 9.19262 -6.05039 8.76419 3.31289 0.478027 4.43904 0.239573 -0.252398 2.01209 10.3034 0.726218 3.35861 5.97889 5.72804 3.51391 1.16659 3.37448 -0.236555 -5.14649 0.445324 1.39234 1.37733 2.67763 11.2052 5.92395 0.839145 6.82626 5.43807 -3.37278 -2.82028 -5.46144 
-2.3931 0.317908 7.94821 2.41568 -2.72606 0.769803 3.45525 7.57394 1.7419 -2.82878 3.09689 4.19408 -3.18329 2.61508 2.82364 3.90929 2.95441 -10.6661 1.24944 -2.53646 5.56215 3.30372 2.23223 1.03962 2.24838 10.5612 3.48586 -5.22213 4.89424 -1.46861 -1.01517 9.71415 5.74245 2.40518 7.31485 1.3378 0.716745 4.79402 4.35158 -4.15193 6.11124 -0.913293 1.73509 -1.69859 -1.14822 5.64856 5.13914 0.367117 5.86459 -0.741971 
0.681857 2.49748 1.73558 0.144087 3.54286 6.21057 -2.68392 0.822972 2.88713 10.4163 0.0108597 -3.14376 1.65962 5.57243 3.30858 3.1922 6.31029 0.623359 -1.23411 0.930066 6.68944 5.81652 -0.213251 4.22457 3.66812 1.61136 7.29239 8.63083 -0.322313 3.83027 -3.20321 4.93337 0.155408 4.41787 4.84864 -6.6943 2.1685 7.8773 7.65518 -2.23295 1.53898 0.247799 1.78077 8.31978 -1.90453 -6.02287 2.70018 -1.54629 1.34586 10.7997 
4.4976 2.04388 7.13034 -2.42536 1.99046 4.03343 6.44508 8.11156 0.734191 -5.4292 0.247638 1.67113 6.42566 -2.27135 3.61677 -2.8522 2.8887 11.8153 0.710572 3.58221 -1.32876 4.02494 8.29637 8.62617 4.55753 2.92779 8.3082 5.26236 -0.631968 5.43349 -1.20994 -1.1229 0.489203 8.43744 3.22358 3.81097 2.62364 3.05253 2.87579 -2.95131 0.143696 4.89853 1.90437 0.0201742 4.03092 8.10559 6.16136 3.36307 1.30856 7.02821 
-5.07013 3.05399 3.73931 9.29548 3.51571 -1.82055 -0.600163 2.71003 6.95182 2.17503 2.69067 5.46934 1.6185 -4.06417 3.04666 7.47402 11.4817 8.32121 4.03559 -0.235081 -7.54997 -1.37182 3.82 1.23098 -1.05174 -0.671276 7.24997 1.02646 0.819521 9.9455 3.40448 -1.6429 7.55385 3.3908 3.66567 2.34609 4.21407 5.44108 -0.259705 3.91319 10.1454 -5.46845 1.33564 1.0611 5.61205 1.5766 2.90554 -0.47619 5.87684 3.23915 
3.95139 5.61979 -1.86232 -0.139433 4.92732 7.98539 -2.57843 2.61864 -2.2951 -1.03379 8.63959 4.48761 -0.0449132 5.26979 -1.22934 -4.08864 2.48716 2.24742 5.59448 13.2573 1.45604 4.3642 5.17071 1.78114 5.01436 -1.18667 -6.44348 5.33389 6.36126 1.44 7.12893 4.91903 -3.08036 -0.475621 2.86377 7.08359 8.92405 2.95569 -2.79998 5.35026 4.84134 4.06912 9.53675 5.44813 -5.32895 3.35978 5.50269 1.73629 4.46853 3.46564 
4.68192 11.3361 2.65764 -4.43673 2.10545 -1.24231 -1.16274 9.68946 4.30308 -3.67427 5.54348 5.4137 4.25424 8.17394 -1.61983 -0.290609 5.87767 -1.1932 4.62897 0.477085 1.75544 9.64481 0.457031 -4.09645 2.36039 7.29169 8.92139 0.557879 -9.32002 2.67557 -2.11031 0.16814 3.18193 5.55956 3.3192 -2.30841 1.77884 4.37416 11.9491 -2.68384 4.06512 4.97768 7.7071 -0.984286 0.850005 1.65481 5.47165 6.44632 -4.50581 3.12742 
-1.74411 -2.28225 2.49131 10.9513 -2.55354 1.30705 -3.18914 1.48589 0.949554 1.55966 8.85542 1.66182 2.9723 7.77827 6.9576 -2.97104 -2.00699 1.6621 0.38721 1.30931 8.45845 7.56054 3.93067 1.17421 -2.90886 -0.371977 7.51719 0.997183 -3.80457 1.30491 7.8997 -0.978813 -1.87838 -0.835321 -1.16497 5.56334 1.01912 -4.64178 3.09103 2.2648 4.47297 1.29094 -4.83831 -3.49736 3.93655 5.56168 -5.37868 2.77074 5.70835 7.51235 
4.83 -5.73428 -3.1026 3.05445 6.65153 1.055 5.57018 -3.63915 -5.7793 -0.0525749 5.80169 4.67727 1.82678 -2.32035 2.16866 1.26868 9.67589 -0.0161441 1.51464 3.02022 2.05588 1.67497 0.906199 1.00402 4.81296 4.98665 -4.54087 3.03529 6.08122 4.94642 -2.27571 -2.76982 1.47011 -0.604223 7.88064 1.95903 -1.8343 0.755988 7.12032 -0.766685 -1.89801 0.40771 7.95762 5.48746 2.98255 4.34424 -5.36741 0.51807 0.107286 7.18439 
0.56849 1.88808 3.80237 5.0685 1.82715 -2.47431 3.072 0.781942 2.37483 8.34551 -0.961825 -0.51329 1.06166 3.71799 6.3046 1.66072 6.13494 9.78723 4.37357 3.00264 -1.10084 2.98788 5.43006 -3.08164 -0.178801 0.184342 6.34172 4.17812 -5.89465 0.422291 -0.147494 5.01962 4.12218 -3.72323 -1.47472 1.24825 7.65698 3.56949 -3.53921 -1.51306 0.110067 5.61274 2.15311 6.80264 0.728662 -0.301826 8.53972 2.64087 -0.49507 0.611352 
2.86362 2.70462 2.03759 3.7958 5.90259 4.43028 1.78348 -4.10564 0.633803 0.0750049 8.17133 2.62357 -7.11206 -1.48644 -2.15045 11.9569 1.90637 1.32843 3.62354 5.89345 -0.250767 -4.23895 4.02865 3.16345 4.28325 -0.533788 -2.11407 -0.185476 8.83461 1.41858 -2.65627 -1.16834 1.12988 2.81174 5.94594 3.26412 -4.77791 1.42426 6.47537 3.53765 -1.19221 8.14412 1.92872 -0.174066 1.69256 7.74884 -2.36643 1.98387 -1.01608 9.17991 
1.51804 3.50097 2.42312 -2.36693 5.28169 5.48241 4.40578 6.06954 -0.996015 -2.21262 -0.0682989 2.11559 3.12768 7.5059 -3.24647 2.73996 1.64812 3.38021 4.75713 0.680769 -0.683407 -0.201177 8.21184 4.29305 3.58995 6.93724 4.05379 -6.048 -1.12881 -0.148058 3.06662 5.44151 -2.82835 -2.00711 0.467074 1.58626 3.61058 6.09162 -6.88668 5.51543 -3.27097 0.785954 9.63528 6.15571 -1.68773 -4.90671 -0.110438 -5.53292 2.14082 8.4311 
6.73513 -1.008 3.05595 -0.971373 -1.89399 3.01296 12.2135 4.8382 0.14724 -4.85023 -2.56487 2.40757 2.42205 2.09676 5.03407 4.50941 -4.98165 0.198647 -0.706005 8.8103 -0.363309 -0.259339 -3.30166 3.3266 -1.81004 -1.41426 3.81973 8.92227 1.84368 2.48803 -0.0752278 1.10858 1.80253 7.37013 -0.700365 -4.59919 1.68426 5.59903 6.80411 6.28649 -2.5167 0.0359786 6.34117 2.63722 -4.84174 4.65686 7.01401 -0.161754 3.23669 9.1589 
7.99088 -0.24038 5.344 0.274061 -0.229922 -3.73283 5.09948 1.33385 -4.30272 -1.36648 4.96376 7.07874 -2.40996 0.372657 1.41248 7.80101 5.68236 -2.19561 4.76528 1.47292 3.80084 8.26421 -1.05855 -3.4724 1.56166 3.65875 7.24694 -2.27836 0.330872 2.27701 9.24614 4.51236 3.20308 2.55107 2.03719 2.74315 3.91929 -1.01992 -0.569001 0.224965 8.27534 -0.535139 -3.28414 1.10867 5.02271 6.29716 -5.03058 -2.1966 -4.74175 4.73588 
-1.97474 0.408108 0.516946 2.17051 7.48044 -2.01954 -2.4547 0.242417 4.08761 5.18398 6.13406 3.57218 -5.72732 0.708984 3.67503 4.18941 5.84575 10.0697 -6.95496 -0.159723 0.675819 3.91749 4.06756 4.91521 1.93475 -2.25586 3.1206 7.47044 6.21945 0.782455 1.4594 8.0527 7.80199 0.000242255 4.46182 4.68913 5.7111 4.30719 -3.70287 0.070653 -1.39854 -0.0852997 4.15204 5.04469 1.14302 5.9065 3.05506 2.92392 11.3718 4.48516 
-0.615297 1.88834 8.78212 1.23394 1.65278 2.08755 3.61526 8.48786 2.05101 2.89841 1.57221 3.08858 5.37762 4.68715 5.06089 3.17567 -4.06037 2.00343 0.759441 4.19686 3.86967 4.99302 10.0377 2.74626 1.21889 4.94517 -2.12647 -0.310845 0.393721 3.41106 7.75185 3.23381 6.75957 10.1346 0.0759637 -0.775774 -2.77891 1.61632 8.6165 2.2898 -8.47126 -5.68311 -2.56053 -2.25735 0.126772 7.27987 -3.38344 1.1446 1.9939 5.36103 
5.71633 4.78664 5.81134 -1.38902 3.16995 5.20364 -0.191509 4.04718 6.32087 -0.466483 -4.96261 -0.319892 -3.0953 2.63188 8.33691 3.74515 2.16448 0.783191 -2.52413 -3.40039 -5.88234 5.17944 9.65004 1.60379 6.39365 0.022213 -8.34047 -1.57622 3.59109 4.03822 6.59247 2.65978 1.25762 6.2287 6.85186 -5.77358 3.29724 -0.10476 0.744817 7.37738 1.87588 -2.46524 2.11663 9.15051 7.42665 1.33054 -2.12045 -2.79029 1.83004 9.41649 
-2.80817 0.669794 9.79664 1.20915 -7.27203 2.02835 6.48152 2.09206 -0.0662299 3.61471 9.10409 8.29089 -0.919026 -1.06286 0.291321 0.898658 4.60777 6.70018 -1.91816 3.18895 2.44723 3.48352 6.76088 0.916662 -5.30566 -2.37967 0.0589438 4.02089 -0.623004 0.80126 1.45088 9.18392 2.7054 2.51589 2.70051 4.02221 5.3284 -1.17878 5.87132 8.17337 4.37068 6.02608 4.00334 -1.61165 0.935348 6.87428 6.79698 -0.413188 5.22773 1.4654 
1.34911 -1.04902 -0.242416 7.54901 9.16931 -1.08209 4.74103 -0.322945 2.78813 6.00359 -2.59738 2.7475 -2.76026 -3.95093 1.69549 12.7354 4.65371 -0.933391 1.82595 5.98666 4.44008 2.55376 6.63452 1.96738 -3.15789 1.27613 9.82053 -6.76992 -2.85257 -3.17877 1.85621 2.26267 -0.44487 -0.723855 7.65575 1.29318 -5.24012 -2.59732 2.51579 11.9935 5.14809 4.83776 2.68501 -1.5103 3.63896 2.67841 -1.46517 0.780934 7.44666 2.26492 
-0.400051 10.5436 -5.39327 -4.39935 -0.337183 -1.41766 8.21405 3.02723 1.05644 1.77726 9.00365 5.49559 0.507001 5.21396 -0.221391 -4.46991 -0.348658 4.21795 11.0299 -5.26607 3.36668 2.73804 8.23045 6.25177 -1.86221 1.54589 -3.58151 0.753654 -1.89669 4.30903 6.27624 -3.67077 1.79801 5.21614 11.3929 3.15957 0.624531 4.53825 -1.78235 0.312683 -0.211008 -0.754024 10.408 3.29326 0.428394 -0.321237 1.00381 7.73471 -0.120317 -3.5781 
9.97557 6.52276 3.16244 0.614418 1.67658 7.62915 -1.23652 0.971524 0.548821 4.27273 8.02236 1.66073 5.11485 9.55492 0.00918453 2.919 6.64267 -3.69741 -4.8236 0.334575 -4.54334 -2.46978 8.96832 2.24861 -7.26414 -0.0313043 -1.17122 3.34329 4.54315 -1.8357 1.66559 4.08618 5.64623 4.53496 -5.13928 -1.89493 -4.96159 7.85637 5.19913 -0.369892 5.49536 -1.2733 -0.997524 -0.0459114 5.70681 3.23615 -5.01515 2.63138 1.48312 3.93666 
3.96781 -5.03519 -3.26524 -2.03706 10.1177 1.98171 4.22269 4.82376 -5.64052 2.6154 -2.08912 10.886 2.88701 -3.22589 0.870602 6.8983 0.917592 2.43283 3.66135 6.75633 4.99375 4.28338 4.01887 -2.06438 1.45135 3.66397 5.34269 -2.00592 3.11028 5.87352 9.73888 4.35895 0.717072 6.63988 7.72923 -1.21678 1.44183 -3.16216 2.84813 0.0877696 2.39015 9.7131 3.79087 3.63866 5.73188 3.68115 3.08492 -1.87088 -4.09937 -2.15673 
-0.661494 0.332657 1.60868 5.45922 -1.62204 -3.21015 -1.74431 6.03319 10.1449 -1.48187 3.80436 0.569212 3.0199 7.18052 -6.16203 -6.90407 3.3358 6.46679 2.60886 4.63953 -0.0255268 1.2221 9.4467 -2.23706 -2.751 2.58477 4.95534 5.39808 10.8404 -2.03665 -5.86209 5.78226 5.41519 -1.18707 1.86484 10.4632 -7.3878 -6.15412 -1.47215 -1.20128 6.33292 1.76671 3.72909 8.7103 -4.85244 0.639561 0.669364 6.17742 9.85129 2.35743 
8.29758 0.965347 0.155479 -2.27511 -0.49662 7.94384 -7.99294 -0.913406 -1.59293 0.432205 -0.834401 1.76987 5.33531 -2.62499 0.759333 1.03889 4.3727 10.4465 2.30626 1.852 4.64409 -2.4643 -0.227643 0.590448 2.29953 9.45402 -0.549257 -9.00698 2.26645 2.44043 2.10621 1.89691 -0.323727 0.57298 11.1499 2.12831 -4.49718 2.11063 -1.22593 -1.52432 3.16756 10.1247 2.6677 7.11846 -0.322516 -1.21261 3.22163 5.54489 -3.23562 4.84943 
13.3368 1.97407 -5.00255 -0.959595 -0.787638 3.91451 1.04343 2.05975 1.88686 4.67432 6.8886 -1.72655 4.88566 6.55327 -2.70831 -5.90014 2.04418 2.49898 4.9945 7.8404 6.96391 2.28227 -3.05393 4.33834 3.85958 3.15088 1.42191 -0.292133 0.878488 8.86777 8.5496 2.86421 5.80633 -0.456338 -2.85753 -0.452773 6.81656 1.16804 -1.67027 0.168222 9.98426 5.58652 1.60209 8.77416 8.78503 -0.627107 6.64626 6.60694 -1.10739 4.1526 
5.17762 -6.38093 -7.13556 5.18904 11.0686 -3.33903 0.740928 0.885927 5.45219 4.48106 0.0369077 3.04754 6.8409 2.99347 3.39248 3.6993 -2.31052 -2.42869 -0.919476 -3.08553 -2.26125 9.71151 4.61993 -4.70963 0.0273362 -0.871974 1.56626 6.37755 -4.11414 -1.36473 2.98129 7.12008 3.62226 4.30245 -0.0450047 2.64351 9.49294 2.70775 1.09169 3.12357 6.98993 5.61813 -3.88696 6.97378 8.90843 3.97254 4.71118 2.01952 4.51434 -1.50715 
3.02688 -11.5644 -2.99492 0.449675 -0.558189 -0.771501 -5.6433 0.258631 4.90274 -1.19486 1.22777 8.66235 -1.04992 2.81418 3.17776 9.15197 5.15706 0.258426 2.43335 1.1992 3.09749 6.35863 -0.915441 3.12062 3.60192 3.52981 0.949706 -2.79091 -0.964334 8.27131 -2.84001 -0.0527725 0.930031 6.96154 -0.797652 -4.77943 1.09204 0.0635803 6.26887 6.08158 -2.16687 5.05802 4.30717 4.00773 8.46018 1.4989 3.20961 8.65686 1.85108 4.60119 
-2.36072 -0.289237 3.01415 7.18048 0.532951 0.188715 1.70926 3.93792 5.30302 -1.03377 -5.83003 1.03409 8.01724 2.53444 -3.26155 3.06979 4.84603 6.78319 -1.11079 -5.76693 1.52391 1.32185 8.37498 -2.79065 -2.61674 -0.885905 3.30903 11.9658 -0.492735 -3.22196 1.15687 1.52297 5.64349 1.51481 0.739765 3.89651 8.08419 -0.158686 5.08005 2.91877 2.12148 7.53311 2.95063 -2.46543 5.24246 5.99838 -3.16083 5.28158 10.8694 -0.417105 
4.88523 -1.47905 5.44569 8.49305 -1.37507 4.07705 0.464809 -0.714996 2.33267 7.5711 5.73723 1.47847 0.340608 -1.68723 4.83438 2.47583 1.71692 8.75078 4.64581 0.958248 7.68797 9.71989 -6.60624 1.5436 4.28689 -0.996133 0.107866 0.757149 8.12506 1.76043 -6.2686 1.47058 3.90445 7.42493 -5.06141 6.58134 0.57353 -2.69678 0.764776 8.24767 4.24495 5.72368 7.70106 -0.605654 1.23225 -0.48333 3.39753 4.88936 8.64386 -4.00013 
