0 0 0 0 0 0 0 0 0 0.01 
2.18401 5.07772 7.33751 6.87567 3.84751 2.77412 3.81313 6.66808 7.21424 2.14643 
3.63814 -3.111 4.58274 5.64617 7.28538 -2.3821 -1.02223 1.2793 -1.32314 2.35752 
4.5677 3.02111 0.154114 1.16931 1.67252 0.525952 3.1709 11.0681 -1.26727 0.0847338 
11.5642 -0.802725 -3.92657 6.44806 0.221502 1.34937 3.03051 4.77077 2.8816 5.34514 
3.57261 1.7612 0.517993 -0.000841621 -1.53376 8.91124 2.59943 -1.70447 0.0877656 3.07596 
-2.0446 -0.466644 6.63607 -1.4775 -4.04997 3.14133 2.43699 0.791897 7.06376 -0.405662 
2.8507 -2.84846 -0.527543 0.329819 4.33253 5.18829 -3.42083 3.43856 7.37867 7.66078 
-1.40896 3.69333 5.18883 -4.1255 0.202573 0.271154 3.0036 6.0827 -5.01051 -2.46875 
6.59759 1.52702 2.63753 3.61478 5.8371 8.39328 0.66579 1.67527 2.36128 3.09786 
3.18681 5.38267 -6.87854 2.3942 0.188927 5.54279 7.42876 3.09284 -0.76031 -1.90219 
0.00445756 -2.44313 0.85063 9.38812 8.03702 -5.83958 2.97339 4.08398 3.79063 4.10224 
2.95868 -5.7267 -1.45861 -0.681618 7.81687 10.0798 1.4233 2.50096 5.39351 7.80497 
-5.65571 -2.42786 2.56687 5.08455 9.32579 7.89289 4.55012 3.16643 -4.91595 -1.52182 
6.65503 4.43091 -3.75824 -0.273668 0.250597 -2.38735 5.19325 3.19865 -8.80864 3.32136 
3.03804 5.84626 4.70761 1.29234 -1.43326 -1.6544 0.23706 8.89755 9.50198 0.00296809 
10.0307 0.228894 1.57998 -0.0259606 1.10377 7.35527 -3.01285 1.60845 0.810437 -0.242128 
-0.420647 7.94558 4.00203 -7.38086 -1.85998 1.30811 0.477215 7.53974 -1.41075 0.712497 
-4.12402 0.399418 0.235947 3.62761 7.97774 -4.23173 -2.78029 0.0611317 6.75241 0.835635 
6.30932 2.65206 -4.82276 0.138575 -0.029664 3.79293 5.70148 -0.251807 -1.57702 2.88776 
-0.692669 1.24745 5.99261 5.1953 -1.56588 4.83599 6.9668 3.84414 4.91788 1.74334 
3.38474 -2.38643 1.11037 0.588013 -1.71675 5.0957 1.66719 -6.19753 -4.87709 7.46206 
3.70178 6.80086 4.68649 -1.42595 4.47636 8.05508 1.55504 2.33505 2.0307 2.57669 
-3.52284 4.33165 11.0472 6.14831 4.43837 -3.55726 -1.22312 6.40763 -0.0856278 -1.84274 
5.33363 3.42119 -4.41062 2.10753 6.02305 8.88644 -0.313948 1.26756 2.22826 2.94618 
5.10713 -4.43255 3.77365 3.08898 6.8599 2.32126 -1.3626 1.52517 1.43438 5.90475 
0.242359 4.62435 8.17088 -2.00267 0.447073 5.88824 5.02524 -3.77185 2.59982 -0.45683 
-2.78318 0.822802 6.11779 -1.15379 1.85503 2.30581 10.8295 2.65733 -3.90403 2.46062 
-7.20663 4.57288 -0.413473 1.89088 3.93652 -2.38519 2.27907 2.72102 7.6717 3.06764 
5.25275 7.65014 7.00783 4.55733 -0.887274 1.30781 2.47707 -1.53214 2.21227 2.03333 
-1.85425 -1.5006 -1.00837 7.65645 8.38099 -7.65233 -0.0859311 -1.82977 2.69756 -0.693597 
4.01157 6.32575 -3.04619 1.25285 1.9431 2.74606 8.49354 -1.48891 3.21282 2.81984 
-1.07874 -0.382184 9.01023 -1.22176 -3.80554 -3.33402 -0.0236936 4.01157 5.59123 -1.45554 
4.62302 -0.119163 -3.64507 -3.76527 6.87658 6.42958 0.167822 6.63362 8.35748 -0.638473 
4.65492 -3.5782 4.28961 9.38226 0.575677 -1.70934 -3.30707 3.31183 4.38107 7.65038 
2.21802 9.39272 -5.43956 0.480859 -1.33691 -0.982957 6.47269 0.12997 -3.75617 0.42229 
-5.1429 -4.43408 0.323115 2.22776 6.92387 4.87051 -4.14473 1.51074 3.10934 7.69625 
1.91213 9.29147 -0.426358 -0.222979 -0.301432 0.510879 4.60023 3.35164 -4.44075 2.70911 
-4.02791 2.11282 1.56636 5.54317 5.76657 -2.4559 3.79162 6.04665 4.99624 2.66639 
5.88562 -1.7304 4.98707 1.4514 1.12692 2.23085 8.40257 2.22913 1.99003 7.53089 
-2.17579 -5.96285 0.348494 6.373 0.36817 6.08177 7.97427 1.02271 5.29953 -2.36624 
3.22381 4.29067 3.63889 4.78999 -2.53596 4.53677 0.362179 6.93668 1.43079 -4.90769 
1.19137 -4.09637 -0.194934 2.8222 6.29431 -4.63549 0.637588 0.845571 2.70377 6.09519 
2.33633 8.65005 2.99786 -2.65465 -1.26819 1.07847 1.2815 5.99414 2.32828 -4.69547 
5.80822 -3.21828 3.06699 4.14444 6.01428 -2.25871 -2.68261 0.786604 -0.2356 1.79841 
5.91494 4.64336 -0.387315 -2.11976 1.61631 6.12003 5.2323 -7.1213 -2.3999 -0.576326 
-2.70296 0.350239 2.91975 5.57418 -2.61784 0.52769 1.33021 2.71934 6.31582 -2.47478 
1.6712 -0.294994 -0.550532 0.184878 0.850583 8.52973 -0.388189 1.0415 3.52829 9.43174 
0.330907 0.836505 -4.80721 2.75001 -0.811272 -0.143595 4.48222 10.7577 8.85839 0.555126 
-1.13281 -0.408882 10.6927 3.07824 4.83005 1.27332 3.06749 3.53276 -1.05 -2.06335 
5.14645 -4.91987 1.43363 -0.0213816 -2.49505 8.80154 1.05756 -3.05611 -1.05878 4.12031 
0.29755 2.63839 8.18389 -3.85234 -0.432077 2.0936 10.6033 3.98288 -1.09919 -1.43112 
2.4098 1.38142 3.5671 7.83715 10.8063 7.77055 -0.244292 2.01488 3.03025 -1.29625 
5.23443 -5.06101 0.208369 5.50079 3.17918 1.46981 1.79273 1.17209 2.66467 10.6109 
-1.18482 -1.74859 -0.766789 -4.53972 0.218527 7.78586 3.20581 1.34205 1.4338 6.83355 
1.69034 5.03561 1.43421 -2.26108 -0.726318 8.24837 2.63877 -1.93089 4.8709 5.59153 
-3.46461 3.08771 6.37223 4.7322 4.88913 3.10343 -1.30085 2.37704 9.22901 7.39734 
2.6024 9.85436 6.02861 2.42511 -3.2421 -0.203274 6.61238 -1.78492 -1.25495 -1.85284 
9.8704 7.53451 0.347685 6.17394 4.96044 -1.06139 5.45995 1.89323 1.09009 2.84856 
-0.723037 3.02878 -0.799159 0.381452 1.10807 13.3257 7.00097 2.18133 5.16464 0.970179 
2.03806 -3.538 4.03492 2.00976 2.93707 -2.68197 -0.0343037 8.02582 9.06001 4.78165 
9.36953 -2.03937 1.07596 5.81791 9.9359 0.515103 4.31433 2.91024 -0.874537 3.01677 
-0.633967 4.26002 -3.6581 -0.655555 -5.72874 3.91862 7.99929 -4.28174 3.33294 5.61481 
10.4927 5.67517 5.20838 3.01221 2.25348 4.89117 5.18643 -3.34485 -1.43057 -1.31861 
-2.02507 2.25281 -3.14227 6.54133 6.71237 -3.77498 2.46784 4.82598 4.11839 1.50133 
6.19915 2.3266 -4.51989 1.19496 0.0907898 4.59674 7.59272 -5.34794 -0.64058 0.649272 
-0.427657 3.3474 7.85799 -0.991128 -1.79121 -2.4201 -0.134652 5.97212 5.94416 -1.42675 
2.63396 0.253425 -1.31669 1.75258 7.27736 0.575297 -2.42461 3.40679 11.0304 5.406 
13.3427 -3.28744 -0.10823 -1.68253 2.68344 7.70636 1.90414 -0.247779 -1.56882 -0.115051 
7.68417 -1.21007 0.0280469 0.165223 6.05427 0.910713 3.20291 8.66431 7.41273 -0.499349 
10.0676 0.972038 0.297647 5.21594 4.12886 -1.6037 3.76945 6.16288 -3.97631 0.199284 
2.01291 -0.256167 4.99549 4.19436 -3.55198 1.21957 9.10299 2.71474 1.92707 0.178159 
3.72587 3.21239 -1.96415 1.50736 7.21213 4.08395 -1.54464 -2.91591 2.61362 -0.00359897 
1.03729 2.87727 8.87776 6.86798 -2.79757 0.821411 5.34994 6.51524 -4.48709 2.85893 
5.24852 6.41246 -3.04961 4.11142 9.76968 3.96451 -1.32079 -2.1656 4.68041 4.36405 
-0.0198761 3.65558 5.91855 -8.72198 6.39127 3.53659 3.74781 4.56823 -4.94415 1.33707 
1.52548 0.38186 3.2962 5.40533 2.88208 3.67008 0.104005 -2.27189 -2.84765 7.2061 
-5.31235 -5.56431 -2.41347 8.25195 6.53618 1.63663 2.86073 1.55878 4.33075 7.52662 
1.21496 1.19135 3.53951 12.8677 2.81158 -2.05543 4.83979 -2.0501 0.98393 5.18997 
-0.755384 5.7102 -0.626871 0.926769 4.68137 10.52 -6.85401 -4.24516 -3.45961 -3.24598 
-5.13901 3.10456 0.993927 -0.356079 2.71236 6.61423 5.45851 5.93152 7.23308 -2.23389 
5.27384 -0.578678 -4.50707 1.76119 -3.59949 -1.5087 1.79796 3.05276 4.50371 5.75897 
3.60016 8.31638 7.07218 -0.934107 -3.13542 -2.87316 -0.368251 1.69163 -0.0968514 0.625533 
2.80114 1.57761 4.64855 6.39931 7.23797 4.9291 -4.81836 -2.50965 1.52672 3.90733 
-3.27453 -1.32831 -4.627 3.12989 5.60103 3.26343 6.70813 4.76907 -5.85449 -1.91594 
2.52268 3.34011 2.25129 4.23599 10.0589 4.62347 1.16503 6.19379 -0.0724112 -2.49338 
3.24468 -2.503 5.15624 3.69461 2.61281 6.94849 9.94307 -0.264399 -5.02186 -0.992503 
3.28951 -4.59871 7.11989 4.33812 6.15076 3.1745 -1.11248 1.76243 2.49114 4.00398 
6.45507 9.03005 2.04481 -8.2054 -1.5004 -2.45304 5.60832 2.49584 -2.58605 2.10027 
-2.47248 1.35284 8.44994 4.18318 4.16939 3.28441 -3.04756 -1.37274 3.95699 -1.91258 
5.00963 0.739337 -2.03163 -0.881386 -1.57228 8.88273 0.676251 -4.96411 2.22618 7.86025 
0.603731 2.27077 4.08021 6.25205 -4.22271 -1.74345 -3.25142 7.76972 -1.50811 -1.0248 
8.09944 2.5755 0.143167 2.23179 5.74296 6.06675 -1.10666 -4.06779 3.18009 1.715 
0.549032 2.56351 6.13818 8.52143 1.17626 1.56166 4.90676 4.51366 -3.14379 -0.541913 
-1.09116 4.35046 -0.72382 0.652584 -0.114244 0.766855 10.3818 3.76271 -3.32498 4.86703 
2.20904 -3.6861 -1.04177 8.45087 -2.37282 0.660898 1.84624 1.1071 -0.216288 4.3518 
6.56233 9.92385 2.54936 -6.06549 0.0137014 -0.388618 4.96936 5.07587 -2.87668 2.80733 
-6.49693 -5.86144 -0.0957554 2.37448 5.72601 3.45527 -4.28837 1.35852 2.6904 6.63219 
4.24413 5.50871 3.18871 -2.81021 -1.41837 0.00458696 6.78042 -2.18917 -2.21255 0.215492 
-2.01463 1.57484 1.52354 3.03906 8.49288 -2.67624 -4.25661 1.08338 4.89466 2.00964 
-2.05068 6.75756 0.709667 1.59855 2.86733 4.55253 4.29322 4.65771 -1.29683 -1.97604 
