0 0 0 0.01 
5.30921 5.08971 4.69408 4.88392 
-3.84378 8.74867 -1.61354 -5.70785 
6.40699 5.44548 -1.90964 1.68458 
8.22337 0.0594679 0.534498 1.69324 
-2.06877 2.94499 9.06238 1.19504 
9.16282 1.14496 -2.34962 2.61314 
-2.37754 2.94512 9.05298 0.953263 
9.48199 -0.714645 -2.0431 2.34387 
-1.35614 1.90304 9.53141 -1.48603 
9.56397 -1.11846 -1.56201 1.98306 
-0.905999 1.76035 9.34729 -2.01454 
9.29377 -2.37849 0.255202 1.59034 
1.24948 1.96491 8.82788 -2.43911 
8.5636 -2.49255 1.89105 2.9063 
2.90211 4.7137 7.58557 -2.85389 
8.12356 -2.12667 2.78991 4.16568 
3.1438 5.21273 7.20676 -2.21507 
4.41795 -3.01165 3.26478 7.14986 
3.20296 7.91338 3.42607 -3.05917 
3.13478 -3.17935 3.33575 8.34394 
2.43077 8.82146 0.885089 -3.29848 
2.46427 -2.81931 3.16848 8.62994 
3.3266 8.56533 2.58357 -2.28107 
2.91114 -2.00786 3.29574 8.41049 
3.01679 9.00641 2.15528 -2.43858 
2.00551 -2.47307 3.14412 9.04762 
3.33296 8.99451 2.29196 -2.22951 
0.432128 -2.30265 2.53456 9.30015 
2.3162 9.40953 0.267621 -2.64085 
-1.6025 -1.89192 1.65702 9.48819 
0.426004 9.35326 -2.34097 -0.285623 
-2.05289 0.546006 0.48403 9.20932 
0.538999 9.2171 -1.78739 0.878912 
-1.30288 1.24002 0.657888 9.33859 
1.23104 9.2848 -2.34203 0.744379 
-2.52151 1.42512 2.75996 8.49215 
0.986213 9.1811 -0.851948 -2.10376 
1.62299 -2.82248 2.97321 9.17041 
1.82503 9.7578 -1.03877 -2.62322 
-1.81829 -1.24219 1.97632 9.6083 
2.03324 9.27615 -2.63082 0.194661 
-1.86232 -1.13958 0.898233 9.74667 
1.03226 9.76964 -2.42349 -0.736633 
-2.27781 0.529234 1.40979 9.4137 
2.72521 8.77247 -2.26736 2.15659 
-2.49636 3.27941 5.33278 7.20685 
7.14402 4.88936 -3.12248 3.23943 
-1.5017 2.99414 4.45669 7.819 
5.43818 7.54472 -0.721355 3.12663 
-0.814798 3.16324 5.49875 7.1373 
