2.55216 3.02804 2.00467 4.09949 
6.46182 5.23633 4.75826 3.64295 
-0.65148 0.0483516 6.16224 6.87471 
-4.11905 -3.14294 5.03165 6.76286 
-2.42344 3.06619 7.02292 2.28222 
3.38445 3.20244 5.64514 -0.029714 
2.71002 8.80411 -3.39092 -1.0466 
7.0472 1.08632 0.347621 0.260942 
3.22547 -3.87505 2.2937 6.67362 
-2.81715 3.27496 9.34138 1.20655 
1.28376 7.86985 -4.16055 -0.336663 
6.55023 6.71492 -1.77704 0.480157 
8.66079 1.70441 1.86617 1.46032 
1.2333 -4.07859 2.1542 7.81383 
2.26368 -3.35365 -2.9925 5.16841 
2.48678 -2.78201 -1.44502 1.43881 
0.820429 -0.835436 1.54538 5.17911 
-1.06692 3.58751 7.11344 2.37194 
0.786103 4.48831 5.053 -3.23174 
2.62801 7.60917 -0.646456 2.65491 
8.19088 -0.285065 -0.169359 0.795394 
10.0166 0.30305 1.91182 2.22951 
1.08001 0.526421 -1.73074 10.3064 
-3.09833 2.05236 2.84717 7.73996 
-0.456239 0.511592 9.44853 1.14545 
3.64202 5.7406 4.89795 -4.23567 
-3.91573 6.18721 2.23839 -2.65756 
-0.191606 3.63556 3.0963 -2.83481 
1.82928 6.54807 -2.04148 -0.528159 
8.40541 -0.13406 -0.708265 1.11109 
-0.0615173 -3.33095 1.19135 7.34333 
-0.887859 3.37415 5.1401 8.66297 
-0.827259 -2.493 8.38501 2.52219 
-1.53128 -1.47824 5.44915 -0.241783 
-1.70633 -0.178963 6.74793 1.1633 
-1.18122 -0.353633 7.47487 1.33627 
-2.08019 -2.69243 6.58668 1.94012 
-2.83304 0.144771 5.78604 0.907474 
-1.21773 1.63318 6.58813 -0.043315 
2.79448 5.66807 5.64107 -2.61262 
4.69703 7.09111 -3.13822 3.70884 
8.26528 0.3664 2.54547 2.95178 
0.469929 -2.92396 -0.369708 10.1804 
0.417811 0.715795 2.90954 9.49269 
-2.6259 -1.25435 6.96578 -3.37886 
-5.17468 -2.88694 4.9222 1.97964 
0.376508 0.406279 2.23021 0.988761 
0.385404 3.28014 5.29866 -1.17299 
0.562975 8.4217 1.63557 -3.82438 
2.93446 8.6405 -1.34887 0.000663912 
7.78908 0.905569 -1.34853 -1.84164 
7.23226 1.35385 -2.4537 -3.99809 
2.58875 1.50747 -2.87922 -0.506334 
6.16944 1.80179 2.112 3.55092 
-1.00321 1.39795 3.6316 7.66119 
3.03863 3.20421 8.07654 -2.23471 
0.311668 7.92867 -0.725979 0.791818 
9.14116 0.0703063 -3.73807 -0.0782581 
5.94209 -2.5101 3.25979 8.2215 
-1.68455 4.32878 7.64812 4.46962 
1.7504 9.74022 1.98498 -3.56413 
1.66426 9.74305 -0.309352 1.2187 
7.94659 -0.260561 -3.07843 -0.516088 
8.16538 -0.91628 -1.434 3.56027 
-0.987022 0.455319 -2.59999 10.0459 
-1.76388 1.30851 7.86315 8.60214 
0.824535 -2.13987 9.42561 3.26581 
-3.04347 -2.62849 5.77044 1.98896 
-1.83306 -1.71846 3.08598 2.43122 
-0.955837 1.64415 5.92476 0.14686 
0.740514 8.16693 -3.5206 -3.35857 
5.23719 5.6576 0.513877 2.54514 
5.50546 -1.27742 0.903005 -1.64304 
6.17355 -1.45116 4.06945 8.76298 
0.657276 3.42045 5.57194 10.2774 
1.03765 -1.48066 9.4763 -0.454351 
-0.813702 10.0987 -1.49571 -1.48117 
8.83574 -0.746461 -8.21386 -0.00356505 
-0.425235 3.79248 -5.32519 0.669019 
6.19 -1.37769 1.0736 3.49358 
-1.70455 -0.708963 1.56443 10.5062 
0.924539 2.76632 10.4556 -2.52058 
3.93101 7.40387 -2.93798 1.85141 
8.12286 -0.364529 3.35161 3.38664 
-3.81847 3.27335 3.59918 6.58451 
-1.72131 -3.40606 7.53283 1.41033 
-0.999508 -1.073 3.40387 1.79265 
1.31348 1.77883 5.79597 2.29327 
2.5718 6.38789 2.62524 -2.00236 
7.80173 1.69961 -3.5408 1.15075 
10.5575 0.553084 -0.916927 4.93906 
-1.551 0.106684 -6.18631 9.2565 
1.57371 -5.29394 3.34253 0.811549 
1.16127 -0.67837 -2.66756 3.10507 
2.6815 0.110478 2.66301 4.42485 
-1.60814 2.6092 8.04825 3.53454 
2.09279 8.4255 -0.395759 -4.67531 
-1.24999 3.39216 0.721699 -3.96168 
-1.94491 1.67234 2.41413 -3.22198 
-0.82466 1.79619 0.645959 -2.37231 
6.90799 6.71859 -0.552958 3.92374 
7.27081 -1.61932 3.30125 7.96791 
-2.86729 2.07325 6.39734 5.96632 
2.17546 6.80986 5.01369 -1.20561 
9.93341 2.23553 -4.60254 3.68332 
1.00372 -1.908 1.79984 10.0004 
-3.17059 1.83283 9.54677 -1.24349 
1.30992 9.53674 -2.49163 -1.23013 
10.5051 -3.15022 -1.85932 0.834294 
-1.92246 -0.0746319 0.414718 9.03694 
-0.926543 3.30917 9.24451 -2.75485 
2.02687 9.9702 -1.4734 0.57828 
9.48198 -2.24408 0.580878 -0.846216 
-1.42965 -3.88057 0.568352 9.77368 
-0.0963463 0.438263 2.77532 9.72448 
-0.231677 -2.92117 10.9253 0.79637 
-5.18275 -2.13937 3.91306 1.38473 
-2.08567 -0.857778 3.21216 2.31746 
0.0624404 4.79907 4.91469 -0.281382 
2.61572 7.34934 -1.93642 1.83838 
9.4774 1.78621 -1.60446 -0.123592 
5.54325 2.68658 -1.4198 -1.49115 
1.26922 2.08492 -2.76575 -0.708901 
5.0407 0.609913 2.97617 4.08132 
1.92048 0.0916871 -1.79192 8.41734 
2.39256 -2.69217 -1.31237 7.191 
0.921739 -1.40172 -2.63915 3.46244 
3.97223 -0.664836 1.82792 3.91644 
-2.50226 0.805397 4.18884 5.34486 
-1.18111 0.391852 6.25562 0.215138 
-1.29144 -0.621752 5.02987 2.70688 
-0.345093 2.36808 4.58845 1.72631 
2.61665 4.86364 5.08818 -1.54335 
7.5885 3.30007 -4.0136 1.01447 
7.70427 4.49539 0.423711 3.26438 
-0.227153 0.678148 -0.509538 7.00747 
0.369121 -0.997351 1.40416 8.14308 
-4.60202 1.58125 7.09449 0.96162 
-1.12042 0.492456 9.41037 0.60207 
2.10837 8.70475 4.25478 -2.81332 
-1.05178 7.52583 2.7808 -1.45346 
-1.64712 2.49889 1.8691 -4.83339 
0.148157 3.6276 0.964409 -0.800267 
2.49941 6.40872 0.900188 1.07782 
10.3567 -0.683242 -1.61252 -0.168253 
-0.38475 0.538328 3.02244 10.2154 
-2.96858 -3.4325 8.59247 -1.36239 
-5.31596 1.06911 2.39375 4.69384 
0.635311 2.82416 5.95147 -1.73735 
1.97953 5.50699 -3.14043 -0.762964 
6.15714 -0.214911 -1.24057 -2.45489 
6.42369 1.03977 -3.91312 -2.72394 
3.53295 0.205784 -1.93338 -2.37906 
4.33525 2.46607 -1.29386 -3.78419 
3.05859 0.201204 -2.91049 0.840462 
5.62405 -0.616563 0.115519 3.08972 
1.25407 -1.41582 0.864231 8.05221 
-0.924448 2.89323 6.81044 2.72307 
1.47396 2.8623 8.09049 0.936657 
0.447039 7.10131 0.139118 -0.965741 
7.94488 2.39499 -2.09221 1.43961 
5.58649 -1.9982 2.84116 6.62235 
-0.361727 4.0659 1.44451 7.36326 
2.1821 1.87774 8.99286 -1.27111 
0.143234 9.49659 -1.16837 1.36229 
11.3975 -2.68106 0.115727 2.05366 
-2.23331 4.21398 0.978826 11.1833 
3.87736 7.90045 8.49524 -2.08568 
5.67431 6.69962 0.16673 3.13287 
4.88551 -2.94441 4.69219 5.80177 
-1.52369 1.90438 4.12079 7.99432 
-1.25352 -0.0332977 10.9893 0.045355 
5.43712 8.06582 5.48388 -0.208399 
7.09759 3.47515 -3.02309 4.51699 
3.16146 -3.12985 4.10107 8.32131 
-0.890291 1.59811 7.24162 6.72838 
3.76704 5.8748 2.35605 -4.94016 
7.53789 3.88074 -3.97155 2.05616 
7.67808 1.89331 2.9872 4.07224 
-1.0682 -1.80104 1.02249 10.24 
-1.6647 1.56539 11.1521 -2.32012 
0.141249 8.69452 -0.290495 -4.94461 
-2.82126 5.63416 1.36459 -5.71357 
1.51586 0.806339 1.3696 -2.37296 
3.60399 5.28461 1.50706 3.53459 
6.23645 -1.00073 2.34285 5.11153 
-0.520298 -1.53332 0.963742 5.09647 
1.15892 -1.31331 0.462562 8.68402 
-3.84697 1.67893 6.16443 0.139904 
0.657444 6.03241 5.70611 -1.05154 
4.16443 9.69945 2.47852 1.74971 
11.8336 0.597344 -0.20247 -2.17874 
9.4877 1.49642 0.190061 -0.0592923 
7.86879 0.229291 -2.96495 -2.82247 
-0.406268 1.64957 -4.27111 -1.069 
6.70038 4.4184 2.57875 5.57265 
0.714849 -3.19804 -0.607488 9.59508 
0.178046 -0.444401 -0.374979 9.00752 
-0.0946403 2.85323 3.75751 8.86355 
2.45367 4.28187 7.5308 -2.49151 
