6.11442 2.52088 3.62824 4.4563 2.21217 2.60772 3.56712 3.98767 4.17144 4.18594 3.62237 5.3687 1.8313 3.83255 5.58377 2.91748 5.21649 2.9898 0.8754 4.41427 
4.26872 5.15224 4.15823 2.46025 0.156445 5.68899 9.64462 0.535655 -1.66475 4.91822 6.20224 7.50714 7.83996 3.4907 1.05328 0.704524 3.57443 6.08233 8.13943 2.68872 
7.87398 1.80594 -3.58968 1.23355 8.32904 2.95695 -3.4494 4.49376 4.41397 1.9741 3.89873 -7.42227 1.15854 13.1194 8.08224 2.22443 -3.37758 -6.51261 -1.68817 -3.94782 
5.96687 -1.78059 3.75728 2.39504 5.95274 0.430043 0.503737 -0.382213 7.69396 1.8022 2.7814 -1.96457 -4.55855 -5.19057 2.29305 4.17238 8.61896 3.68992 -2.30673 3.38621 
3.08798 -2.77499 2.34968 5.02748 -2.5113 2.27706 3.8637 6.31223 -0.186605 -8.57014 0.474113 2.24088 -0.29354 -1.20804 -1.23501 0.974597 6.02666 -0.80094 0.0705251 11.5752 
4.86489 1.66117 5.07282 -2.79246 -1.0675 1.31238 7.26137 -2.21948 3.05422 4.3142 0.410032 5.75138 3.57876 -0.117096 3.35256 7.30408 2.34464 -2.18672 1.47541 11.2034 
-7.50985 1.39651 -0.14662 8.48779 7.55421 5.62319 6.65348 2.77136 6.71441 7.39748 -0.0927959 -0.47437 2.6389 3.90592 5.61209 -2.42933 -2.09662 -0.509045 9.49981 -2.48403 
7.71467 2.04247 0.274298 7.87846 -2.70785 -4.05012 -9.39244 9.55627 2.26379 -1.23605 -1.03861 1.21312 6.60964 -2.86105 -0.832604 -0.969229 2.83312 8.56009 3.64552 1.3086 
6.88365 3.21869 -1.97885 5.92494 8.77585 5.63925 2.00663 4.70242 7.66676 1.89207 5.33583 2.73868 -5.11044 3.12787 -1.09166 7.28253 10.4382 -1.64679 -0.0404106 3.38651 
-1.18618 -5.28463 -5.00466 8.13589 0.435139 0.51842 -0.444127 5.60941 4.38876 2.08721 6.2017 0.787052 0.672397 -1.54179 5.74241 -1.57711 -6.98235 2.69307 4.9307 5.26143 
-2.51243 4.30306 8.20851 1.96268 4.53952 -1.45697 -1.97918 10.1347 6.48642 0.422252 2.78309 0.110139 -0.0273909 2.931 6.23137 -0.34517 5.66233 7.60388 -0.338252 -2.5897 
9.57085 5.80411 -1.70874 -4.67873 2.46634 4.56761 5.9739 3.53919 -8.05515 -0.612172 10.2853 10.5968 2.72455 5.41407 7.04884 1.45408 3.22339 0.594758 -0.572418 3.51391 
-0.795605 -3.73497 4.11795 5.71297 1.72341 5.17591 -1.79876 -2.18941 6.92759 -1.94816 0.13651 5.63083 9.40508 -2.74043 5.58109 3.88214 5.57846 8.34718 3.81975 4.35905 
-0.704485 -0.425939 5.20607 7.13756 -4.41412 1.54919 1.33903 -0.0510731 4.9693 9.47328 7.65729 6.44215 10.7643 -1.75134 2.06017 -0.555814 -3.94899 2.45696 5.41014 0.944979 
-0.916684 4.77518 7.98187 -1.5149 -0.607182 4.46056 12.5316 2.97391 -3.55317 -2.74512 -8.85638 -5.54332 3.51357 4.15982 3.19162 0.3511 -0.295194 0.331406 7.88 5.36578 
1.33355 6.27675 0.259868 -2.40444 -1.20185 9.30789 -4.08524 5.37853 1.02312 5.6817 4.12374 7.9818 0.689243 1.8683 5.73548 5.97688 2.75133 6.25351 6.53777 -2.08679 
-0.439977 6.6242 1.68179 -1.29993 -2.67438 0.626315 12.8308 -0.561651 -1.53776 4.27275 3.99873 -1.75395 2.16014 2.57111 9.54084 -1.24451 -3.85267 5.55852 2.89179 -0.264683 
-0.367417 8.84906 1.92714 0.0824102 1.24888 5.82968 11.0862 -0.6187 4.69609 6.80816 -2.10533 1.02033 1.7112 5.11364 -3.25392 7.08398 -4.11594 1.42227 5.97478 -1.4478 
0.995461 8.28132 6.7924 3.13489 4.30609 -0.981262 -7.74036 0.66095 4.09147 6.07263 1.11792 5.30703 6.92774 -0.386854 2.13396 6.61939 2.69396 -2.46513 1.91434 -0.0502836 
-7.9004 3.18179 -2.57892 -3.09894 5.20193 1.76789 3.13258 -0.579447 1.3255 9.62711 4.33386 -1.79444 5.63377 4.99931 3.41405 5.14937 -5.04401 2.09381 10.1259 6.85216 
-5.23901 0.920524 5.12359 6.41733 -1.50966 0.506503 1.39616 2.43244 7.14626 0.350571 -2.85366 1.22645 9.81568 2.07182 -5.53572 5.00954 0.121516 -4.05962 5.87231 4.62294 
1.43458 -3.88993 0.16227 1.15012 -2.57101 -0.986775 5.7292 3.40474 -6.14695 0.238242 0.988951 8.57302 6.56584 -4.35451 2.32067 6.03173 -1.66798 2.7892 5.04785 -2.81475 
2.40604 2.04296 3.75437 3.38646 -1.60642 -0.970294 5.63358 0.943785 0.328511 -3.59112 6.51904 0.756786 -5.48943 0.00266594 5.82711 8.62003 2.07291 3.35122 5.7558 5.34396 
3.70499 6.2885 4.91923 -1.58328 3.89886 -1.02893 5.36418 4.11405 -0.854814 -0.790359 5.67652 1.52031 0.778632 -2.1291 0.325906 8.62274 -3.21246 1.73285 8.18127 0.926355 
-4.65578 5.65797 5.4957 -0.90458 3.16834 6.47106 -3.72707 -1.32837 -0.0782614 -1.65812 7.73282 3.7048 -1.13268 4.32314 1.84614 1.88046 -5.01343 -2.71731 8.77536 3.75249 
10.1849 -0.713035 1.62985 1.21487 5.95042 2.58269 -0.26554 4.36465 11.081 -0.755191 -1.85338 -0.828849 -0.545529 5.26846 7.72079 3.5238 3.85921 -0.512625 2.91316 9.09189 
-4.7967 -1.51053 9.75429 2.93133 -4.8817 1.46118 -0.0403941 6.46076 8.26706 2.17953 6.40507 5.07772 3.79664 6.56765 3.99687 -3.31847 2.25371 6.01412 2.45057 -4.36432 
0.686142 0.556212 6.0067 -1.03951 -3.24962 -2.666 2.94343 9.30203 -5.57986 2.01161 8.7114 6.43915 -2.21215 4.92628 0.674858 3.3304 3.59289 6.59135 0.59122 3.0221 
8.68536 3.37653 1.8684 1.28539 2.87117 6.31871 5.98479 2.55296 0.219065 3.92343 5.24401 -3.8865 1.62892 14.7382 3.97661 -0.850616 5.39971 3.94778 -0.882684 4.15574 
0.442444 -2.09701 1.41519 9.92175 -1.323 -4.58234 -2.32979 0.32325 2.93783 4.34722 -5.10452 -3.97871 -4.5849 -7.79969 1.86094 5.98324 6.4428 8.19792 2.00426 3.51855 
1.84882 -1.65225 -1.01329 5.46493 4.77588 -4.55553 4.6804 4.63951 5.04375 5.09941 3.94974 6.21957 0.885572 -0.129012 -2.61934 -6.10909 0.591253 10.6568 3.67867 6.82334 
3.99417 5.42002 6.03218 2.33889 -3.11353 2.241 0.942378 11.3221 -2.26357 -1.27094 1.71199 5.8911 0.222087 2.93873 0.72032 2.1578 -3.07057 -3.73397 -1.86573 6.1102 
10.6024 -2.48197 0.344965 0.767572 0.157475 -0.812953 7.8682 -1.49492 2.33005 -3.59724 1.91258 7.9789 -1.35613 4.8711 5.50937 0.255093 1.68541 5.08288 1.428 0.728487 
7.88658 2.47898 4.69231 3.81066 1.27382 5.35987 7.4946 1.90136 2.61228 0.975503 5.66448 10.3398 -4.58506 -0.602662 1.36975 2.82383 6.20642 7.61006 3.80062 7.67149 
-2.01242 1.45601 8.74385 9.64482 -5.34572 -0.297733 4.27486 1.49046 3.12712 5.94959 -7.81397 -0.336491 0.849079 -1.56581 -1.25913 16.5092 0.262489 2.39747 5.61019 5.03744 
-4.59587 -6.7998 4.50464 6.47633 4.39789 1.73104 6.0557 0.774569 -4.01959 6.94213 -0.179514 -1.3276 5.57831 -1.52962 -0.60883 3.69451 8.94622 3.11172 9.75785 -1.79045 
2.17773 -0.207125 2.63793 8.55693 6.03611 -0.516019 7.24402 0.672262 -0.927677 5.97351 10.3247 1.27232 0.870972 -0.556378 1.91963 7.63124 1.35869 -2.56134 7.1597 8.73487 
0.713393 1.26725 6.07833 -3.60226 -0.575505 -4.01532 2.40625 7.68025 3.63969 5.56329 -0.919515 -0.195581 -0.210284 10.4941 -0.101514 0.706649 -2.55419 -0.304687 1.5972 13.0897 
-0.807138 -0.25822 3.33486 5.7689 -1.4992 -3.34309 -1.34107 7.97362 -1.77758 1.29603 -0.186608 2.98208 10.0131 1.64967 -2.50698 5.9715 2.43749 1.60138 5.47596 9.31687 
-0.790778 -4.74844 4.59359 5.60872 -0.141275 4.07125 5.09022 6.02959 -4.2661 0.778295 3.57989 5.63054 -0.539209 -2.66557 -3.57751 9.95147 6.50816 -4.64686 5.58058 -0.359831 
0.0757861 1.55787 -4.10963 0.08479 10.9515 -2.06734 1.34946 -1.93719 2.29666 2.51137 5.72987 -1.62485 -0.413179 2.48608 11.6385 4.30255 -0.999164 2.39913 2.74896 -1.09903 
3.55936 2.13332 -2.24094 1.18861 11.0012 -2.53995 2.62491 1.09469 6.15121 4.87978 -2.55652 0.553357 0.206911 8.85907 -4.77186 -4.10445 -4.47531 8.69341 1.2898 1.00924 
5.95091 0.382493 -4.68461 -3.08571 6.32046 7.16126 -2.4747 6.29983 1.35382 -3.41721 -0.402243 3.54827 6.05741 -4.87588 0.599292 -0.110983 7.82038 0.650168 -4.38282 -1.75785 
2.96092 -3.48788 2.74996 0.158339 -2.17336 4.33026 6.41364 -5.97003 7.32275 3.82625 2.89403 5.29522 -0.40315 0.048873 3.28531 4.87698 -3.95793 3.5766 2.2521 5.22487 
6.24905 6.19463 5.1981 6.91089 4.87352 4.71272 4.91823 1.77274 6.0661 3.83128 -2.95597 7.23632 5.27171 3.70192 7.18191 2.61877 -0.23038 3.87739 7.95838 -2.96766 
7.40635 7.93097 0.827728 4.16815 8.18516 0.986116 3.55016 3.408 -0.72029 -1.56906 -1.87178 2.66999 7.39896 0.26727 4.25413 4.46861 6.63946 9.03323 2.99714 -0.815596 
3.61814 12.4952 5.06602 4.26213 0.788109 -2.04257 4.27913 5.50575 -0.269878 4.48861 10.1511 7.35794 -1.37968 1.09914 4.90025 -1.60086 -9.13891 6.44559 7.15669 0.39443 
-10.1238 6.21587 -1.8904 -1.21071 3.87082 5.55819 7.51815 6.29145 2.37296 2.99817 1.04486 -2.75896 0.521164 8.48284 3.63396 -0.342158 7.56942 5.212 5.65551 7.34477 
6.66569 6.30771 12.2577 3.81736 5.68221 8.11343 -1.55877 7.04118 7.23279 0.66022 0.763043 0.425181 -1.13735 -1.95613 11.9836 2.65341 -9.59777 2.20693 -3.24322 2.73034 
-10.1442 -3.75525 -6.01843 2.50129 10.2799 -0.166613 -4.01361 7.41957 1.51995 -0.826749 0.997663 3.21205 5.26947 4.70025 6.5821 0.053234 5.66175 9.3609 5.08371 -2.49407 
6.95545 -6.73196 6.77502 -3.20732 -1.37288 3.98945 3.98408 3.20403 1.28176 -6.32387 -3.59371 8.72546 -1.80152 -5.70063 -1.71462 7.70923 -0.758707 -5.59965 -3.31582 3.23466 
5.96128 6.10187 -4.87706 5.71721 3.66262 4.70042 2.01578 -4.49933 5.38585 1.4322 -3.46567 -3.79063 7.47116 -4.19577 3.25366 1.83788 2.59053 -1.43477 3.17319 2.24721 
-5.61366 1.25724 0.562486 -1.15894 8.7155 3.4629 -1.21422 -0.0620726 3.67177 1.03732 -3.58705 2.7331 1.01788 3.83692 6.90263 -3.0268 0.47508 2.84877 8.64148 0.92562 
2.35071 1.20765 4.14011 4.91699 -1.54511 -1.7686 3.62968 2.51281 3.10141 3.55123 0.827581 3.36185 8.50138 -2.5202 0.292182 -0.60071 2.69197 7.27477 -2.45103 6.72203 
5.10178 2.92355 -0.0750323 -1.62829 -0.988013 -1.00461 0.70128 5.50023 3.9533 -2.62711 2.91465 5.49254 10.7388 6.53925 5.12311 7.3445 5.3353 1.82859 4.11261 5.36039 
-2.85126 -0.499353 3.98159 4.61035 4.61911 5.9537 4.351 -0.911715 -0.795188 1.48104 1.27036 9.77731 -3.99497 -2.47061 -5.52777 7.53778 7.62895 1.90495 6.12601 -2.25639 
0.156502 5.58557 8.45142 -6.61199 -2.85122 1.14074 3.23958 0.191597 1.90918 5.23468 6.62111 6.49327 5.79737 8.75456 6.20445 2.50437 2.49804 -3.77865 3.52366 1.39903 
-5.6196 1.44227 -1.64414 1.84048 -2.4531 -0.791241 6.37334 13.3467 1.60863 -2.35782 -6.38723 -0.564954 -3.49987 6.35161 4.9142 -0.901492 2.66061 2.27381 6.21401 5.43936 
-0.853487 0.15104 8.524 -0.566527 0.464018 2.97465 9.41266 10.8861 -5.76261 0.137283 1.17011 1.64757 -0.597742 -0.326484 9.25541 6.01331 -0.623794 3.05075 -0.352016 -1.73218 
2.61286 6.77782 9.57841 -0.136573 -0.399336 4.27781 -3.82638 -3.07071 -2.60894 5.35209 6.08327 -0.610377 0.512882 4.59806 4.82233 -5.38944 0.322705 5.65595 2.12543 -1.50422 
0.474498 8.21015 -1.313 0.96986 0.023616 3.26438 5.95666 0.454894 -1.3241 -0.0778376 7.82091 8.52881 0.207832 2.35719 0.839033 4.39269 0.592473 3.35296 4.29479 -2.46821 
0.356964 4.93763 7.95985 0.0425826 3.34 3.88243 -1.09705 -0.20873 1.64401 8.90958 6.00522 -3.1727 -0.711247 7.40427 2.80502 -3.34063 2.61887 7.80007 -1.36919 0.399887 
3.11352 1.36021 -1.87626 0.214674 2.73451 5.76111 -0.756562 3.66109 6.54197 -5.10017 -1.88883 0.527991 7.43914 1.82434 -3.53273 2.74374 1.10205 5.32741 10.9498 2.75353 
0.979064 6.07081 -1.51784 0.793156 5.58781 0.788111 -2.6824 1.49052 8.83473 4.17038 3.18548 0.277112 -6.17088 1.89692 0.921725 4.45027 7.83038 -4.75737 -4.87375 -3.85254 
6.85712 8.66502 3.10678 -0.262538 2.912 -1.65648 2.12958 6.53691 6.82859 -8.61244 -1.95314 4.0375 2.3231 0.463716 7.59014 -4.36791 -3.91091 -0.715275 -2.45825 2.93365 
-2.33683 -6.90659 3.80696 4.28278 7.68294 0.913945 -0.254219 1.87911 -1.05184 7.0595 2.1235 -1.51733 6.36281 0.89633 -4.03499 -0.2291 -1.66015 5.09289 8.72073 4.1488 
6.94963 4.66575 -1.22842 0.466507 9.45694 4.13707 -0.363561 4.31433 5.48475 5.96675 1.77241 2.86358 6.32996 -0.137423 2.14974 2.67721 4.21492 5.50459 2.88437 -0.631162 
5.46995 -1.34563 1.95339 2.88431 7.00464 0.775685 -2.02388 -0.0154615 9.77587 2.41152 3.13236 8.18275 8.82937 2.25501 5.66934 3.021 -3.55829 0.400529 3.6466 5.3252 
-1.08908 -1.16141 5.46946 2.49731 -4.13384 3.85485 5.18767 9.43277 5.43418 -9.56041 3.78241 5.04947 5.16664 0.258665 6.23062 -1.53413 1.41537 -2.01741 6.37194 0.259835 
4.75439 2.2763 3.47223 -2.78703 2.89618 -4.14486 11.4541 0.521245 2.92914 2.18975 1.76865 -0.761033 5.14043 1.13501 -5.99282 2.0945 5.2605 7.49278 1.79184 -1.74957 
7.89889 1.71443 -4.40331 0.808835 5.57809 4.27246 -9.66723 1.67113 0.606728 4.62179 6.04761 0.2272 2.61053 -0.704564 1.98717 5.51078 6.221 -2.4806 -3.28485 -0.982085 
3.46194 -3.23884 2.30597 4.49495 9.95263 4.03821 2.5604 0.430591 5.80906 8.32818 -5.21174 3.08893 9.31567 2.99059 -0.262912 0.457812 -1.99471 0.881561 3.83275 4.43941 
-3.16843 0.907736 4.90592 8.22733 -2.50516 5.5033 7.34868 5.294 0.0361392 -3.72457 5.43587 2.92546 9.40021 5.00656 -4.46885 4.74035 5.85347 4.85188 3.72881 -3.03111 
0.93536 2.92165 6.92023 7.2291 1.47462 5.33829 -0.960286 -3.19424 4.06802 9.20582 2.46333 7.93797 -4.84772 -0.206307 -0.406792 5.82382 3.26109 -4.3065 4.25349 4.045 
7.54534 -2.35551 4.03162 -5.3094 -0.705659 8.37077 2.5332 2.1533 5.56202 7.68474 -2.03255 7.5494 1.42825 2.93644 7.33912 -0.902048 -3.33952 2.16202 3.42278 9.52679 
-5.2624 -3.46632 4.94945 3.10488 3.64454 8.98487 8.34399 -0.0883989 3.98415 7.83331 6.59431 4.40798 -1.80274 -1.78518 5.08201 0.150496 2.02887 6.84793 4.66107 -4.27836 
1.47427 0.394006 0.346394 9.84371 -7.15798 -4.80823 1.53668 2.60677 -0.352714 10.8057 3.75596 2.15405 -0.448315 -0.112851 3.93644 7.63418 -3.13787 -0.970078 -1.51885 -0.256505 
5.69522 5.24807 -0.327672 -0.97858 -1.94825 0.324102 14.679 0.232031 -1.43248 -0.636022 -0.00188525 2.70625 6.90867 4.05862 2.74226 1.79129 -2.02195 5.20756 5.62646 0.217866 
5.47899 0.474505 -0.551023 0.44312 7.38638 9.96326 -5.28345 -2.42049 1.68142 12.0511 4.41474 0.938513 0.299132 -5.35369 1.36355 1.428 7.02827 7.26612 0.0445456 -0.792964 
5.48059 -0.203281 -2.4928 0.991573 7.95672 5.29653 8.89012 -1.39769 -1.08137 7.61205 5.97145 3.18691 0.371563 -1.76181 -0.4569 7.30027 -2.17061 -5.00706 -0.75652 7.51331 
-2.21309 -2.73654 2.33292 7.41835 -4.93497 -5.97499 1.55116 4.06211 1.2689 4.1098 2.08905 -2.42773 5.87235 10.3659 1.37678 2.693 2.18994 5.06085 7.51168 1.21769 
2.39391 3.08788 5.98831 2.27516 0.405115 7.16792 8.00042 -0.113689 6.70904 1.54092 -3.14861 0.018705 6.66264 9.62792 -5.28115 0.611862 6.81721 -3.67183 -0.610383 1.20086 
5.15283 3.26169 -3.55092 -0.521208 -0.987638 10.4737 2.05768 0.603443 9.14387 1.7252 -2.28328 -0.526857 6.26052 1.91929 4.08273 -1.6196 1.24879 8.74594 4.83574 2.8089 
7.05042 1.28776 2.29443 6.59263 4.82865 -3.6186 -1.84617 -4.91055 7.64176 5.47136 1.64915 -0.652035 7.2813 -1.65182 -3.67053 -0.677979 7.95858 7.31876 -4.46255 4.25812 
-3.57498 2.19261 6.18409 -4.65765 -1.17163 -1.95811 2.06836 9.52535 2.17765 -3.68355 -3.00694 -0.059429 8.35066 3.20376 5.43883 3.70062 1.29391 -3.06948 3.30641 -4.29321 
2.50612 2.24865 6.77248 1.65197 -5.05891 2.72925 8.40749 7.15883 0.795139 4.03664 5.58986 6.02632 7.39443 -4.48977 -2.08357 6.5845 3.58666 0.3006 5.82823 3.64637 
1.10328 5.45839 1.83528 -1.32505 3.45901 6.32252 5.09737 -5.62403 2.50968 -2.30165 7.59158 5.70037 0.740626 -2.51198 0.120861 -0.372871 5.98045 11.0152 -1.55289 2.92259 
3.28014 -3.30803 4.85634 8.16937 3.37286 0.987201 -5.11475 2.69191 5.74174 5.85489 -8.29839 -1.18616 -0.861114 0.667391 5.20335 7.24693 5.20836 3.07911 0.779326 5.87175 
-2.26798 2.69895 1.76953 7.96182 1.60664 -3.52186 0.87902 0.834854 7.72629 -0.765936 2.88934 0.951857 8.39341 8.76493 -5.70218 0.521593 0.209989 0.917242 6.49809 1.76511 
2.13694 5.90503 2.50259 -5.17074 2.30794 2.55169 3.76985 8.34802 2.21985 0.866956 5.72126 2.70131 -6.60548 0.465497 -0.00422319 -1.00997 5.82078 7.05787 -4.86801 2.45796 
8.10882 0.392939 -0.990229 0.118072 1.94593 10.747 -3.04396 -1.17718 -1.09559 3.3819 3.57247 -4.03367 1.39481 3.19976 5.00824 5.26845 -0.700748 -1.10336 1.30291 -1.79927 
3.39228 -2.20052 2.66298 2.0321 5.89851 8.63732 1.69106 4.3803 3.11281 -2.70862 3.49323 -1.52838 -1.90119 9.06469 -1.90371 -4.46788 3.83622 3.0736 4.54555 5.8356 
1.83243 1.57782 3.34821 7.04937 -4.69986 -2.05295 -4.00936 3.59214 2.08965 -2.21261 4.52837 7.45048 0.483818 -1.41649 -0.401443 -0.275194 7.44781 5.8146 -2.38137 -2.2163 
4.73377 6.4621 1.98194 -3.98775 0.430448 3.8657 11.1975 -0.014513 2.26887 2.98938 7.89962 2.27361 -1.30422 6.88079 8.83167 2.99067 4.9979 -2.47453 1.65032 0.739524 
-1.73874 -0.187298 -0.75256 1.41568 2.26721 4.42427 11.9246 2.0404 3.24814 6.74275 -4.68825 -1.06749 -2.32546 7.76008 0.571432 -2.80954 3.20832 12.0832 3.45944 0.92036 
5.84936 3.37031 6.04634 10.437 -3.14373 -4.0962 -1.53831 -1.77209 -0.945703 8.41267 3.96893 3.65222 1.74376 -6.11316 2.42007 1.75763 4.87352 5.70181 -6.14112 6.43162 
9.85585 -5.50335 2.55466 2.74585 -1.82224 -0.0361954 4.13025 2.10564 3.31277 7.37497 -2.30788 -2.35861 6.89766 4.50632 1.9604 8.33011 0.368284 -4.34423 1.51123 5.76556 
0.074272 1.24907 7.35553 -1.02379 -2.11765 -3.35449 5.45824 5.27695 -4.43521 5.51038 0.471585 -1.3981 -4.11121 11.6912 5.57199 -4.12277 0.929911 1.30231 4.42444 6.73361 
3.22509 3.80289 4.42676 0.0475751 2.80806 5.0897 2.51524 -0.2648 1.23399 5.93957 -2.34936 -4.12521 -4.83903 5.47156 2.48095 -0.794133 -1.69214 6.73716 4.68089 -2.90468 
-0.80759 1.66125 8.6579 3.03305 4.30489 4.9653 -4.60475 1.60276 8.17062 6.90085 1.43436 3.19855 3.81381 4.22088 6.47486 -0.313105 2.57012 4.61617 -0.766904 3.45654 
10.803 1.53542 -6.65147 -0.0523639 -0.148763 2.45414 -0.778839 -1.67396 5.48343 4.52547 -1.47322 2.68593 7.4521 -1.69025 1.76936 2.54096 4.3693 8.17723 0.905262 4.42447 
6.09046 2.98528 5.79078 4.26531 -0.372191 2.6184 1.43221 2.75725 5.38349 -0.0458066 -1.19932 -4.35199 -3.28218 12.0084 10.5594 -4.93026 1.8818 -4.62492 -0.283864 4.37959 
1.83625 -5.55072 2.12168 2.97951 3.94203 7.58234 8.08004 -0.6969 1.49992 1.57668 3.6358 -0.704956 -0.581473 -3.02111 1.68929 6.72845 -3.32725 6.55266 10.1133 6.65283 
4.09624 4.9355 -2.22513 3.63644 9.98917 -2.97691 4.65614 2.49429 4.81103 5.48253 -1.31837 2.2823 2.37899 2.71463 2.42999 8.49854 -3.10118 -3.44669 6.97471 1.07281 
4.33692 -3.72361 3.42531 7.20594 10.24 -2.67332 -1.48687 2.91047 5.13203 -1.24763 1.76087 5.43132 7.80762 -4.11803 2.93287 -0.457071 -3.37395 -1.11021 -3.23763 4.69883 
1.48422 -1.54903 0.569118 10.5863 6.87851 3.19457 -0.054753 4.78916 5.17792 -2.00699 1.06521 9.39305 -2.85828 1.6559 4.95446 3.00864 -1.32276 2.58582 7.04653 0.808743 
2.88833 7.86058 7.24857 3.17769 -5.90327 3.38804 2.0103 6.81177 0.894251 -0.746508 -0.0407558 8.49796 5.50327 2.35342 1.66237 -1.92408 0.683559 6.19381 5.2942 -2.99632 
7.96466 3.43657 -4.41154 2.65823 0.24181 -0.0912605 6.4835 3.49968 -1.29847 2.26301 8.53249 6.55516 -2.29022 -1.83227 2.9512 8.21603 0.0368946 2.35435 -2.19787 3.03383 
-0.355381 -3.61401 0.267814 4.19113 10.0657 1.09876 0.298434 -0.966278 0.0814266 4.39288 5.22489 0.0264488 7.2249 5.03425 3.66259 4.41817 0.546644 5.44185 7.86932 -5.55115 
3.70249 7.00668 -0.577615 3.21768 11.6 3.23796 3.12809 4.4724 3.24817 10.0395 2.97165 2.95139 6.16912 3.06265 -3.77093 1.33931 11.4645 -4.47649 2.64115 -2.2411 
10.4251 9.42894 0.419493 4.94241 -0.589323 -4.74874 -1.972 7.37896 1.28571 -4.5694 2.55616 4.58356 4.52463 -1.21973 3.77252 6.07725 9.59281 4.14924 -7.01123 2.36422 
6.47039 -4.66794 0.126148 3.64597 3.50926 -9.04257 -4.72433 2.00301 1.6881 -3.05837 -0.224035 5.29676 4.08879 -2.23526 -0.0281075 8.09644 1.29298 5.13192 5.61824 2.44285 
-3.25096 1.0041 -0.50908 6.1162 -0.487934 4.48813 -0.636366 -0.29705 3.17866 2.6211 2.76862 3.00179 0.443952 -2.88366 -3.35905 0.959619 9.51352 2.3892 4.33451 1.81155 
-0.631136 3.80935 9.67137 1.43501 -0.511177 4.10883 5.66504 4.84594 5.49066 2.22909 -0.0198373 2.89823 0.845946 2.69814 3.40949 8.62272 3.74116 -4.34798 2.67988 7.15798 
7.71574 -2.69156 4.66415 2.4851 1.58737 8.48102 0.630796 -6.33227 0.593404 4.45658 3.89654 9.06851 5.49861 -3.5763 -0.0485853 -3.53609 -2.42307 -0.0466346 2.03793 6.47336 
-3.28536 -2.21331 3.6009 8.98482 -4.62031 4.86171 -0.193359 1.3247 5.25241 5.05106 -3.47202 -4.00067 4.50816 5.97268 -0.436964 1.92466 2.77202 4.14038 4.9322 -3.01621 
2.0384 2.86973 8.17096 5.36918 -5.05967 1.27461 3.73788 6.61204 -0.738693 -3.22104 3.25364 2.45264 0.453013 5.19678 11.8984 1.61818 1.62411 -0.0913428 0.628464 -0.467039 
5.27667 3.5354 -9.00754 1.47587 -1.52002 -0.19515 6.45251 -0.745961 -1.56285 0.674324 4.24974 11.9269 2.22087 0.194408 2.22756 2.38799 6.63299 1.49934 0.281608 2.7931 
-1.54602 -4.1949 1.26695 2.6981 5.78591 4.16484 -2.67411 0.114334 1.37143 7.8609 3.45383 -5.44387 0.0458425 -1.22722 12.2479 2.12167 2.43884 -1.9096 1.937 4.19882 
-1.22556 2.55797 5.89655 1.93111 -3.53874 -4.88174 -0.02168 4.22737 5.47588 -3.88133 -3.34851 0.258915 5.83344 6.18171 0.835047 -4.03886 5.08925 8.66885 1.5445 -0.437602 
7.75925 3.74505 0.904832 -1.21868 3.7657 3.64014 4.27599 6.83888 -1.00133 -0.959894 -0.287924 6.78492 6.40071 -2.09278 -3.44821 -2.16939 7.46016 0.607736 -2.87429 1.91918 
3.78334 3.98427 -3.93269 1.81985 5.3839 8.7999 -3.69965 1.24168 -0.0405444 2.514 5.99268 -1.80463 -5.34887 0.441749 7.41316 2.63971 2.70569 -3.68621 2.03145 -2.27958 
-1.26176 -1.58941 0.171811 -4.17773 8.90902 1.9366 -0.490139 0.690033 9.05779 2.10633 -4.31485 -0.612573 -1.24328 4.53214 5.92943 -5.82554 1.61481 0.644017 3.56965 9.25852 
-0.720321 3.65787 4.35551 1.00404 3.98628 3.147 -2.81126 -0.449947 9.53986 5.03991 0.846804 3.0174 3.81902 4.54694 -4.82957 0.569983 3.4226 6.2031 -1.65771 1.68431 
9.88055 2.96002 -3.56337 1.03327 5.43501 -1.14743 5.33615 1.08643 2.05108 8.52068 1.28662 5.72592 2.96156 -3.84631 3.71122 6.78483 1.94535 -3.13569 -0.245748 -2.25055 
0.850118 -5.36082 1.9733 9.63408 8.94017 -0.782686 2.16111 7.55284 4.43322 -4.04201 -0.349029 2.14723 1.73208 -1.19849 -0.0552703 8.74299 6.65486 1.98532 3.8643 5.3 
-0.873094 3.37223 4.33631 2.75731 -3.9678 -1.90846 -6.64242 3.14885 11.089 3.42934 4.00879 2.12493 1.27005 -0.238842 2.05875 6.63709 6.63845 -1.91538 5.93644 3.36123 
-0.0245885 3.60122 6.09228 -6.60786 2.23807 7.16422 1.32609 0.0847252 6.13856 8.01544 0.105587 4.43654 5.45952 3.02173 5.37586 0.763965 -5.90492 1.17496 5.06021 1.44605 
3.98217 3.29628 -1.40958 -5.23626 -3.48839 0.914241 10.0166 6.76832 5.41682 1.83053 0.936736 6.34846 6.85631 -0.155778 3.70391 -0.403871 0.41986 -1.06169 -0.854231 7.24187 
-4.98657 0.289477 2.89796 2.49895 1.44488 1.54267 3.66255 8.69505 3.35202 7.64477 6.50318 -5.41355 5.76396 6.00213 4.40953 3.45768 -3.26419 2.18138 3.14312 5.9784 
1.67945 2.08697 8.31493 4.29291 -1.37405 5.31484 6.82719 -7.1374 -2.0749 0.411002 0.99954 -2.63191 -6.13734 3.85136 6.39613 -5.10341 1.30506 2.63745 5.77367 1.74095 
4.03849 7.20115 -4.63626 3.91173 1.55685 2.93 7.23863 1.85675 6.5963 -1.41229 -5.05231 5.70115 3.1869 0.679925 6.59645 8.07282 0.789394 -0.945188 -3.38239 1.71929 
-2.59605 -0.448056 0.228933 4.98085 10.8008 -2.5117 -0.449358 1.51136 1.97592 0.734601 0.626945 -0.683669 6.79063 3.88857 -5.34679 7.20285 4.16454 2.59777 7.58882 2.8648 
2.24363 6.3379 5.97845 -1.3105 -4.46342 1.55183 1.44425 9.08051 4.96168 -0.141083 3.9326 5.39005 2.5052 -0.750613 2.83642 3.93849 12.3452 -4.85004 2.07431 1.44314 
-5.75301 -4.13317 1.6278 1.39991 0.4104 1.48525 3.07807 8.77961 -0.783554 4.86768 7.74362 -0.5041 -0.877398 0.460875 6.99023 2.51132 -6.00248 5.81832 10.0335 7.24762 
-1.64321 0.224387 2.04947 4.9826 7.72965 7.07446 -1.73798 -2.9571 -0.672346 5.29389 3.86172 -3.18741 2.85276 8.98553 -4.31557 -1.1902 0.84878 8.59652 9.74 -7.08904 
0.781102 -1.36324 8.04919 -1.25198 -0.863114 -3.49602 -3.16639 -0.471702 3.43755 5.6236 1.05479 -2.53372 3.05808 9.13645 1.82737 6.55242 -0.939617 -7.88878 3.73662 2.06731 
3.15199 6.93963 8.92259 -4.48544 -0.0532358 -0.0708155 3.93355 3.64077 5.07034 0.8935 -0.390758 3.85053 7.61075 4.60799 -6.47115 4.90176 1.49857 -2.45879 -1.57634 -1.51808 
1.95821 -3.42195 -4.39221 -0.399477 1.55249 6.41061 4.33319 -5.46722 -0.522396 -2.74091 -0.911077 4.67372 2.06439 -3.13731 2.70066 4.69123 1.67086 -1.25804 3.57439 7.98822 
-0.650748 5.03602 2.94253 -1.46583 3.6068 5.46973 -0.0860012 5.84991 6.20637 2.87362 1.87499 0.308514 -1.72423 4.32202 3.59157 5.53186 5.0722 -1.86857 3.65627 2.19284 
2.33085 3.79843 -1.27604 1.77983 4.94003 13.6325 -1.18073 -2.14799 2.36056 3.58725 3.48287 1.49818 1.15987 3.61159 6.19749 -4.69946 2.89012 2.34795 9.0999 6.0545 
3.28048 3.63209 3.98687 4.13493 5.3548 -1.10135 -3.08023 -4.96762 8.49253 4.14486 -0.586909 4.5211 5.97764 -2.04992 -3.70043 0.661047 3.31609 12.6082 -1.17153 5.46292 
5.28548 -2.82707 2.18739 4.25962 -0.372413 0.569055 2.10823 6.49348 3.30933 -4.61021 -2.48344 4.96827 3.351 -4.30334 -0.781519 12.1789 4.36129 -7.10556 1.62985 4.38505 
4.24068 7.81124 3.3624 0.743012 -3.12346 1.74804 6.92889 -6.71415 -0.723342 -0.477186 2.52326 2.6486 -2.94768 3.55471 -5.58922 0.336568 6.96447 -4.20148 0.997621 -0.490229 
2.91337 -2.88881 -1.14941 -0.166205 2.8464 7.63453 10.78 3.33423 0.9272 6.26817 -0.237541 -0.0329765 -0.7243 5.7894 4.73713 2.14322 8.98098 5.82542 1.43511 4.00527 
-1.89959 0.68516 1.03681 3.96384 5.76439 -7.50226 0.357572 -3.71234 0.987708 7.35029 2.78663 3.047 5.72039 5.87845 -9.78132 -5.15688 -2.17903 5.14281 3.3504 2.96988 
2.66063 6.51725 -1.02349 -3.23543 -0.989608 -1.01941 -2.8427 5.4258 11.2187 -3.07932 -0.0915209 2.09114 3.92411 -3.15429 7.01516 1.86464 -0.550719 6.80761 1.98582 -2.15976 
-1.04448 7.80527 2.18094 -1.95955 2.19726 3.65825 3.89081 6.49495 8.97439 3.95297 4.15995 0.713393 -0.0153524 1.46673 8.67804 2.5646 1.61757 4.10626 -0.00853357 1.83845 
-0.609126 -1.45128 -2.92499 0.0727037 7.12227 7.09004 -10.4234 -3.41239 -0.74526 3.30086 5.59095 -0.339711 0.24964 1.56271 7.9525 -0.905749 -0.910709 1.37236 12.6698 1.66587 
3.72635 5.45558 0.32162 2.52302 3.63059 -3.12483 6.30424 -3.03611 -1.64829 8.95029 3.68973 -0.702698 0.575443 7.15101 -0.96844 -3.31596 1.79787 8.20527 -5.11548 -3.56192 
8.55867 4.59186 0.021326 3.52413 10.8655 1.63807 1.13849 0.479755 4.51481 4.67408 -2.29403 0.373055 4.84324 0.545582 -3.86981 1.79819 8.33262 4.70023 -1.83548 1.06216 
1.93217 -5.36771 -0.26791 3.68328 8.48368 2.61614 7.30673 5.16472 -5.22775 2.53016 2.27163 1.59366 5.52519 3.88259 2.83599 3.94673 6.0653 -0.767351 3.94821 8.74791 
-4.28318 3.62738 13.7237 1.92454 -5.29649 -3.20365 0.808973 2.94288 -0.125599 1.72379 10.2922 3.82597 -7.01466 2.86588 4.86983 6.06753 0.605325 1.82624 4.78412 1.34783 
3.37035 8.40097 5.0461 -9.08224 -1.45042 1.53333 3.46985 5.44125 8.47744 -1.96318 -2.11763 -4.12817 -1.30819 8.36471 4.20181 -2.0855 -0.700939 4.0344 5.99515 -0.231175 
2.28199 -3.14872 -2.46167 -3.87758 1.07026 7.40628 1.93032 -3.97588 -1.25124 -3.48253 2.62261 1.08432 -0.24923 5.55306 1.16296 -3.76147 -3.11253 5.62777 10.7007 0.286579 
2.38056 -1.05275 2.0583 -0.434435 0.475892 8.62364 5.14569 -1.50919 2.95036 2.54374 4.82001 6.66133 2.83403 -1.72791 -1.40556 2.88401 2.49603 2.35532 8.79532 -5.52972 
2.48244 5.79723 -2.40537 4.63567 5.3549 6.74874 -1.11673 -0.531227 3.73082 7.95434 -2.87029 -0.873769 -0.574558 0.702481 4.01794 9.43049 -0.523385 -4.26335 2.79697 3.30779 
-2.73789 3.2889 2.24614 6.96047 0.440808 -3.27365 1.16358 5.90146 9.57732 5.09293 -1.79272 2.43967 3.56902 4.47116 4.38487 -4.25703 -2.59515 -3.03947 5.11711 8.55843 
2.52922 4.49223 1.11943 -2.23323 3.48713 3.63411 1.31182 8.21926 -1.74834 -3.29365 -5.12301 2.88698 3.41274 -1.77115 5.76046 2.57191 2.65368 4.70469 6.60369 5.20728 
3.66761 5.68383 -2.93806 1.54578 3.89042 7.81325 -3.53156 -1.19656 -2.05808 1.59453 6.75755 7.51506 9.56247 9.93415 5.2163 0.0679271 -2.115 1.45127 3.50137 2.59204 
1.57789 1.74251 1.57971 3.67374 4.62539 -2.88592 2.35775 4.97573 6.65558 5.50488 -3.66922 -9.39506 2.86724 -6.23662 7.72299 8.53514 2.83196 5.62359 9.94392 2.72878 
3.54523 6.29785 1.30055 -2.3936 -2.415 1.14429 -2.09928 3.51389 1.7545 -1.44725 4.27225 9.01244 1.26451 2.56081 8.10734 10.1106 -4.09863 1.07988 3.83853 1.5433 
-2.74975 5.02598 1.76709 0.205556 6.68692 5.20067 3.35798 0.679687 -2.47926 -1.60091 8.29872 11.2108 0.909118 0.598247 3.38321 -1.41766 6.19579 11.005 6.21186 -1.55618 
4.96479 4.75072 5.74595 -6.56238 -2.07589 0.697096 1.11978 3.91967 2.78595 2.48772 7.48718 -3.06505 -0.932765 3.22889 7.18609 -2.06959 3.39028 11.5505 8.01787 3.68571 
4.46811 -0.0513649 -3.53635 5.7942 7.06729 4.8668 7.08819 2.283 -3.90507 4.03592 2.33307 -2.31969 -0.0223912 5.45812 2.80014 -5.88355 -1.76875 10.5296 4.97971 4.20839 
3.63799 1.6392 3.52162 4.27016 5.488 -3.81723 4.98622 5.61729 -0.134269 3.43157 4.57132 1.90423 0.995639 5.47609 -1.23525 5.51931 -3.57493 -3.94986 -7.67746 8.82613 
4.29428 10.7099 2.75652 3.50347 -1.03772 1.32603 5.49322 4.87111 -1.64388 3.47557 11.8737 0.941946 4.04447 7.85088 3.63914 -0.569035 0.978342 4.27501 -3.47056 -0.795509 
5.32547 2.3088 -6.50962 3.68031 7.95787 6.6359 -0.998962 -2.70505 1.58666 6.22116 11.0373 -1.60374 -0.757358 7.34592 5.69067 1.3942 3.10879 0.860861 2.13665 0.95651 
3.67657 0.47887 5.8145 7.02124 -1.09957 -4.53591 -1.33076 -1.06335 3.08183 4.81421 -5.54268 7.035 -4.96311 -1.60316 5.02989 7.30007 5.25679 4.03262 -0.0530197 3.62687 
4.72723 -1.72404 1.09791 0.369783 -1.40291 0.227554 4.87434 8.18068 2.49111 0.645086 5.79356 5.59196 1.50022 3.44954 6.22042 -3.52944 -4.70242 -1.2823 6.55879 10.1695 
1.97867 -3.20493 5.29409 4.08098 -1.07884 3.90327 7.10884 -4.50744 -0.384361 -4.11962 8.00979 4.71896 -2.16576 6.17445 -0.690765 -0.711918 -2.21606 7.06682 0.511777 -7.75342 
4.1558 9.32191 3.75842 -2.49062 0.318409 4.46655 9.83586 5.15125 5.54806 -2.20004 -6.07051 2.94519 4.76822 6.66709 -1.93272 -2.05445 -5.24598 -0.248534 6.87997 2.58686 
-3.14513 5.7152 3.83306 0.804362 3.09757 7.29743 3.96003 -0.704838 10.2966 -0.670674 -4.96712 -3.31189 3.91834 3.39885 -0.953849 5.26967 5.97198 1.90426 6.13467 3.45258 
2.93197 6.41403 0.970327 -5.57572 -2.04874 9.90825 2.60325 1.54271 5.90941 5.15859 3.88506 0.933538 1.61217 11.342 5.16509 -9.83144 4.54347 2.46085 2.43754 -0.077741 
2.74982 6.78701 1.07126 5.8 2.37949 5.0573 11.7437 -0.123169 -2.87859 4.59168 1.38901 2.621 3.54031 -7.58579 4.70189 -1.12968 3.39703 10.0497 -1.18493 -0.908849 
5.40994 12.1198 -1.10685 4.72574 2.5115 -4.28327 2.39661 -1.46114 -3.09919 -4.42587 6.22561 1.78939 -1.45421 0.3441 -3.63221 8.67352 -0.789496 -6.42561 3.57693 2.65906 
-1.71831 -8.50777 -1.4675 6.34087 2.25181 -0.813441 5.49443 -0.0993854 -3.95716 0.276162 4.13276 4.74848 -0.852973 5.98798 8.54139 -1.02851 -3.14744 2.31817 7.75128 7.37924 
-2.39394 -0.365064 -1.09389 0.0306574 6.51619 5.70096 -5.11858 -0.601182 -0.972776 0.651589 -1.84569 7.79113 4.85695 -3.62081 4.66811 -0.315962 0.405037 5.7523 -1.73469 -4.9531 
4.77381 2.24826 1.676 2.41002 4.81522 -1.87671 -2.0837 0.20566 4.63525 6.07167 6.11474 1.59046 -4.58444 0.759567 3.9924 9.61801 4.29653 4.87291 4.17363 3.56928 
-1.25467 1.75026 2.74312 7.18666 -2.54589 1.56574 2.31669 11.2597 0.310788 -5.88035 -1.5406 1.24197 0.712265 2.38909 7.85054 -0.670267 -4.00426 1.95307 12.7164 -1.55762 
0.128465 0.698643 3.00179 0.636163 1.32902 0.962173 8.09827 -1.22895 -0.562655 4.24921 9.74798 1.88559 4.74628 0.593414 -2.04198 1.0281 3.04173 5.44352 5.87303 -5.32791 
2.44407 7.17108 4.73711 -0.891331 4.9411 7.94852 -3.61144 1.54851 -0.0145955 7.46727 0.332434 -5.03296 2.77594 7.44182 0.493726 2.22598 5.2437 -3.68289 -3.79215 1.14579 
5.18353 -0.461951 -1.72644 -1.30694 4.43341 2.17239 -3.65502 2.19898 5.56311 -6.52524 2.90436 -0.89757 2.78187 10.0059 1.99407 1.35229 5.89956 0.943434 4.39454 7.18159 
1.97409 0.532275 1.7706 5.64057 5.50371 0.187473 0.777201 1.48219 6.51218 12.8475 -3.0176 -0.731485 -0.970932 1.41733 -1.52943 -1.10076 4.76125 7.60313 -2.22237 7.52586 
-0.219779 1.29795 4.12227 8.90737 -2.53881 2.23635 3.64564 4.63366 -5.89442 -5.89939 1.2505 2.76122 8.23492 4.68186 1.06969 5.92621 8.6151 5.75799 -3.92751 2.51865 
10.1574 -0.256274 2.12053 1.92954 1.71714 5.34624 1.58797 -2.91977 1.98691 1.99166 1.69691 6.27778 9.92338 0.482985 1.27232 5.51245 -5.3093 1.14289 -2.51452 3.51145 
0.994164 -1.51629 5.05716 9.19587 0.493015 0.166571 -0.609484 -0.972243 2.33412 7.1907 6.25958 -2.86183 -0.419104 0.466137 4.12428 9.05859 5.44041 6.1532 5.38085 -5.43284 
0.746083 6.30702 -2.72062 -3.82907 -0.283027 3.86483 5.83473 3.12702 4.17281 0.24644 -4.99649 2.69991 3.80548 7.17007 -3.57669 -10.0521 5.18525 3.97955 2.38718 0.06403 
1.0579 3.59735 3.48447 7.15222 9.28791 3.76821 0.996975 -3.11532 4.34373 2.12071 1.21739 1.36742 3.49857 -4.34655 -1.84312 -2.75832 7.34266 4.71393 4.84346 6.39224 
7.34862 7.98307 -7.49836 -2.42666 -3.96351 -2.66635 -2.65954 4.69859 5.24995 -1.22834 0.0699409 5.09797 4.41135 0.604196 4.54535 7.11054 3.28541 -5.85342 -1.51439 -3.16913 
1.75941 -3.02527 0.367868 -5.86659 4.7771 2.42443 3.34053 7.42932 -2.61335 -1.36408 -0.611066 12.1193 5.90754 -0.739773 6.03182 -4.10205 -0.748592 -3.2888 3.9546 5.54318 
-2.58676 0.789987 2.86752 6.32491 6.04704 -3.39668 -3.39869 3.45126 8.16172 4.66497 8.18336 4.24485 -2.89079 0.709679 7.44975 7.20511 -2.5816 3.69621 5.85005 -3.3427 
3.84956 11.1086 -5.18518 -2.04849 -5.34641 -2.05313 4.09496 2.89664 6.69874 -8.15211 -1.80064 1.11567 0.89236 -0.918347 3.25878 3.78891 0.511304 5.25357 5.65825 -1.87868 
0.594409 12.219 3.85496 -4.32951 3.05728 0.207441 7.05874 2.84795 -3.08168 0.41915 1.73395 9.31106 1.5274 2.86435 7.60738 7.49508 -1.88954 0.378742 2.98857 -0.740145 
3.49807 4.55286 -2.14451 6.34892 9.11076 -0.663569 -0.839121 -2.51142 3.91079 7.7868 7.58209 6.56716 -5.10029 -1.05938 4.48982 -1.78128 3.00574 6.2378 4.72585 2.47589 
2.87049 10.6112 -2.13472 -1.11875 -1.55066 -1.72685 -1.31882 7.81078 -3.20867 -7.28381 -2.89411 -0.892405 -0.116913 2.51514 4.49413 6.7827 5.04229 -1.45165 -4.62884 -0.494493 
4.68501 4.23977 1.97598 4.92455 -4.05812 -1.1357 -3.23214 2.90687 8.53297 -2.25065 0.887818 0.753544 2.62089 5.83038 5.78334 -3.33741 -1.7136 -0.397412 9.59612 5.50331 
-0.246909 -2.12753 8.76525 -0.148028 2.13603 6.76225 5.45531 5.96248 3.6396 2.31442 5.23082 4.69233 -2.52048 -2.35457 -4.06796 0.0643014 2.47772 0.988432 9.54292 -4.84739 
1.23321 9.05539 1.89913 -3.5685 1.03498 9.60332 0.0995111 3.27575 3.767 7.02133 -2.08543 0.0261185 -0.598841 2.95548 3.71253 4.66203 5.44196 -3.6697 -2.20411 1.77689 
6.83301 7.83829 0.766732 2.8666 9.02769 -0.538764 -2.92267 -1.53702 5.23894 1.65533 -4.06781 0.726185 6.92901 3.78252 -5.81227 -0.454822 0.0552039 -2.03239 1.55206 2.53388 
