2.05972 2.79626 4.89615 3.88221 2.99558 4.48345 3.075 2.8156 1.49476 3.1672 2.0505 3.08481 3.3607 5.4644 2.18889 1.86631 1.05338 1.69323 1.63074 2.80146 4.00485 4.12559 4.10669 2.56992 1.43515 4.47368 1.61948 3.7058 3.90576 3.67973 3.39443 2.55019 3.45937 4.16696 4.83717 3.69565 3.9453 2.9593 4.44762 2.61713 4.44509 4.75526 3.53273 0.976138 4.00468 3.58043 4.12739 2.73968 1.28792 1.541 
8.68913 -0.806989 -2.45187 1.68337 5.43309 9.52456 1.63511 -0.910177 4.86335 6.42043 6.77211 0.225856 -1.06323 2.58266 7.90182 8.53855 -2.24336 -0.00767344 4.39291 9.68322 5.49045 1.83381 3.20835 5.03415 8.99113 3.91228 5.77445 6.08365 2.33929 -0.515493 0.214838 3.16929 6.24944 7.57888 6.07876 1.97097 2.24526 2.97234 3.59079 4.30645 6.09856 6.27223 -1.29774 0.711204 6.98995 4.11093 -3.11721 3.50798 2.03142 7.75648 
-3.45632 -1.77501 1.71798 6.69555 0.799855 -4.79443 3.09346 -0.283217 7.81878 -1.63128 -2.15821 -3.63738 5.99176 6.22893 -6.79481 -3.51612 -0.408195 7.29868 3.86586 -6.86134 0.876975 -5.7127 5.73545 2.61942 -9.06048 0.901869 10.3126 1.73601 -1.99712 -0.491755 9.8415 -4.24367 -6.05601 4.60218 0.584077 3.67525 9.0943 5.56472 -5.11577 0.604347 0.126668 0.883995 1.26034 1.87667 3.72852 -2.49102 4.61393 4.63364 -0.969551 -5.7604 
6.66388 -1.30359 5.39598 5.98135 2.37542 4.754 6.86295 2.05203 -0.806184 -1.42982 2.93848 9.97977 0.47896 -0.651496 -4.18576 -2.13785 6.88874 0.438509 -2.71392 -0.24798 2.23561 5.19609 -2.75566 4.5975 0.137406 -3.54377 -2.96187 -3.34464 -1.35688 3.88494 5.10503 -0.818193 4.94382 7.85253 -1.81654 1.55153 -5.72383 2.19733 -1.12072 0.384616 4.22067 6.58702 4.82076 1.34059 -0.218433 0.0461264 8.15136 -1.31286 -0.707411 4.62015 
5.16827 0.511237 1.90026 10.3561 -6.57474 0.956051 4.67114 3.9935 2.52545 3.48226 6.98533 8.64706 -0.607316 -1.07034 -0.575964 -1.97063 2.80251 4.29861 -3.94344 0.724721 7.05168 8.29226 -0.629717 1.68166 0.439356 0.419457 2.20835 0.514016 -0.834408 0.022471 1.96766 9.51384 1.65791 5.68794 2.32037 4.43009 7.23184 -0.550424 5.07455 4.92028 6.67765 2.67417 -3.80683 1.33089 8.04715 3.71357 -1.42327 -1.62521 1.41029 6.98615 
-3.46154 1.33073 3.00129 11.929 5.96906 4.06161 4.95789 -6.01966 3.89594 6.6975 -2.59401 -5.14549 0.260948 2.22743 4.86624 3.75142 2.30063 4.66176 -1.72845 0.835918 9.26231 -2.22936 2.42411 1.29043 8.12801 2.4068 -0.674393 2.24535 0.622304 2.32059 5.57598 9.44979 -9.64526 2.81258 4.10391 8.45886 -0.76445 1.8727 5.15745 3.92274 -0.983401 4.31325 5.81409 2.0847 8.83319 1.53628 0.0923778 1.03374 2.9455 9.08823 
0.61444 0.418937 7.21041 -2.98359 -5.62456 -4.61673 5.33523 10.7861 3.15755 2.46881 0.463771 5.61172 9.79814 3.89138 2.00232 1.31862 2.93456 1.94476 -0.111133 -0.308534 7.97393 10.8748 0.993823 6.49844 -2.08946 -2.6932 -1.18966 7.95887 3.61577 -5.51875 2.98905 0.505897 2.7903 -0.904168 6.16903 4.59732 -6.66545 -3.21705 8.40919 4.12635 1.01957 6.83238 2.33211 -6.33714 5.7382 4.62204 3.02031 5.99369 -0.723051 -4.07216 
1.36169 7.31855 -0.365652 -1.72487 8.40009 3.82051 1.5093 5.91715 7.36557 0.493628 3.19437 6.58404 -5.89749 4.93557 6.73233 8.89461 0.897797 -1.38589 1.27605 8.22553 9.90527 -1.91711 -0.147136 9.14568 0.115868 -1.87862 1.08274 6.59993 -2.90199 3.99056 6.91938 8.31256 3.56375 -1.64821 1.22418 -0.137794 2.48621 -1.07607 -3.11613 1.66146 6.41374 -0.544298 7.11698 3.65708 0.173542 7.81988 0.319627 -2.99518 1.17081 3.70314 
-1.55543 -2.87878 3.04666 3.19745 7.85646 5.55111 -0.776519 4.57183 1.84389 -1.32849 6.11284 4.88667 -1.80665 1.40254 11.5072 6.77837 3.92157 6.34503 4.55352 0.997466 -2.38894 5.90801 -0.739126 5.1229 6.41472 -0.282192 4.06156 10.3211 1.10426 -3.71494 4.19717 -4.03242 2.20162 1.55863 3.75715 5.6816 -0.239317 -1.46563 0.378612 8.55882 7.24699 -7.34186 -1.71123 -0.814605 3.30938 7.13435 -2.0018 3.6549 6.45877 5.24123 
0.486311 4.7313 4.40995 6.78319 -1.09371 -3.85428 -0.390723 8.15823 3.94272 2.99967 7.74292 -2.92363 0.514511 -3.13465 -2.44359 6.95921 6.31832 5.81093 -1.20882 -9.5557 -1.15133 8.0221 0.964361 -7.11317 3.20512 7.67881 5.86638 -0.664112 -5.24903 -6.01243 7.83102 12.1566 -4.98448 4.64491 1.01991 0.0214311 1.91678 1.99582 5.05418 -4.101 -5.21122 2.3976 5.56988 6.47059 8.61117 -0.487458 1.91308 5.83924 -3.6005 -3.32037 
9.65196 -2.83514 -3.80229 0.550139 -2.20451 -0.181194 5.05868 6.96013 11.1202 -0.214788 3.39387 -0.195944 2.6138 -3.11918 -0.492052 1.20583 8.26265 3.92572 -2.92965 -6.3661 1.92678 0.234552 4.59608 -2.94087 -3.39565 2.27304 5.30817 0.879051 4.72561 -0.256208 -1.07221 -4.43107 8.95254 5.92602 -1.40029 4.91087 4.1711 3.52026 -2.46599 -0.937773 0.574785 7.16788 2.85494 -8.08 -2.65628 -3.66765 4.07451 4.98121 -2.96012 2.33224 
4.86087 2.24118 7.4234 3.17012 -3.31355 -0.172747 6.95606 -3.27773 -2.11969 -2.00607 4.70055 4.78038 -3.29093 1.24713 5.36599 4.11551 -5.84111 -1.65749 0.187435 5.61867 1.17098 1.63648 5.35616 1.33897 2.71994 6.67053 5.82749 -1.35375 3.14076 2.93767 4.66525 5.97328 -0.619803 -6.89544 4.49721 4.14338 6.55962 5.39821 2.5244 2.49374 2.21612 -2.01635 -4.27635 0.116852 5.16684 3.14477 4.65252 2.50716 2.2868 5.26365 
-0.678145 1.60251 5.05928 1.0563 3.45776 6.18161 7.33479 0.341673 0.274277 2.20672 5.9424 -2.81152 3.05217 0.62513 4.96014 1.55902 1.12877 1.64381 6.63535 9.24443 -0.166702 0.454901 8.81728 7.22139 -3.58349 -2.58062 -1.90229 0.194312 3.63037 5.07831 -3.07743 2.27344 -0.433522 0.63759 -1.75534 7.59626 -0.0316683 -4.56697 -0.67845 8.83066 -1.13193 0.927848 2.04346 -0.000773773 2.67852 9.98247 1.74234 0.369196 3.57854 10.5617 
-3.87145 1.85202 12.0753 0.816859 -2.80572 1.40224 -1.83867 1.11471 1.06037 5.05077 1.14223 -1.05523 4.68404 7.14857 -3.00319 3.64899 2.47747 3.97091 -8.21534 -1.04981 0.375547 4.45658 6.89285 -2.62181 1.7628 1.64511 2.99478 3.94246 5.77466 -0.402854 -2.00873 4.88543 8.09283 0.347954 1.89974 7.40995 -0.413712 3.35358 0.281234 1.60637 8.13409 8.36293 4.71148 3.01936 1.82389 -1.95516 -2.43042 -0.602818 9.26987 4.94307 
3.80062 4.56266 6.51549 4.81985 -3.42788 3.39407 10.1396 3.19999 0.307556 -2.90151 -0.983814 1.92309 6.36722 -2.50989 -1.18056 1.26839 7.61554 -0.127314 5.60582 5.66069 4.77643 -2.18414 -5.14422 2.19273 1.63869 9.65852 -0.753578 -2.41323 2.56805 1.18267 0.160313 5.36194 11.0682 0.39154 -0.931141 6.18395 7.3693 4.28538 5.31724 -1.5669 -6.31087 -1.31356 -4.14984 -0.265413 5.0362 -0.552775 3.81389 8.87615 3.84119 -1.37984 
6.34229 0.46484 -4.84911 3.02404 10.3064 3.51913 2.29969 0.798946 8.17003 5.17979 -1.31557 4.19737 9.77046 1.10177 3.38137 8.73146 -2.37058 -0.542972 2.8241 0.455668 -2.14485 2.69283 1.73005 0.00807688 2.31413 7.13367 1.30323 2.66406 11.7023 4.77117 1.27961 -1.72545 -4.26044 5.26977 -0.375935 8.55069 0.0838688 -6.0701 6.08386 6.54925 -0.487795 1.21191 -0.499715 -0.575941 1.87733 9.63816 -4.00828 -0.982588 0.326714 2.6575 
4.1024 3.23783 3.90054 6.29147 2.80898 -6.99636 -0.716254 -5.84715 5.81401 7.16899 3.18311 6.63753 9.45321 -8.57218 3.17979 7.53226 -0.00647856 0.223112 7.89039 1.48274 1.77189 3.21486 10.3848 8.71513 -3.32698 -0.892085 1.73843 4.2895 -1.30183 -4.00092 1.63901 5.45944 -1.5658 0.0427632 9.15642 -5.81264 1.76865 -0.310882 1.10286 8.67049 2.23872 2.17904 6.1853 6.9982 4.82076 0.303394 -0.0415197 7.73769 5.62145 -3.73065 
4.03594 10.51 -2.47545 3.07954 -0.379688 -1.27117 -1.04185 0.451551 8.77183 -6.58756 -3.60528 -1.19019 0.859071 -3.89115 -0.944566 -3.37499 6.99144 10.9225 -1.10355 -0.462017 3.33575 5.06304 -5.69993 2.2333 -6.33701 4.53922 5.07172 -4.13898 -0.833251 1.97458 7.06478 2.51425 -1.1213 3.07986 6.87632 5.81599 8.56493 9.28662 1.79223 0.779799 0.453245 4.68092 7.44572 -3.54639 -1.64576 2.18476 5.15255 0.552051 -5.74005 2.83463 
3.08763 10.5254 1.21454 -0.133465 -0.809132 0.287654 1.4637 7.96244 11.1182 2.54321 3.0231 -0.686583 -1.00923 -0.0353975 4.75355 -0.21105 0.254836 9.49331 8.47748 -0.698484 7.25689 -0.0356146 1.13959 5.50127 4.42446 -1.28055 6.29235 0.885247 0.782025 7.20569 -3.50936 -3.13975 -3.23202 4.71427 6.17279 -7.67602 6.4283 11.653 4.8053 6.31899 2.51097 -2.00806 -1.61532 -1.24405 0.295385 8.76517 -1.6369 -0.561337 1.06353 4.33857 
-4.31769 -0.405288 -0.715461 1.12237 4.68871 8.30276 -4.22873 -3.5812 -4.30286 -7.17067 -2.03072 4.53071 4.89915 1.20717 5.5215 5.84798 5.82389 2.72356 -4.71927 2.76844 9.98255 9.87116 -1.3021 2.76871 0.878225 0.747853 6.39861 9.58172 1.48843 5.57685 5.31794 0.759666 0.352381 1.26954 -3.02481 0.882506 -3.42915 -8.21794 -2.08188 6.22819 4.92522 -1.91881 -1.03763 2.0011 6.19766 0.596346 -1.8275 2.0446 9.19631 -6.43302 
6.5392 1.07315 -1.85404 4.10185 2.67812 -7.24889 1.37927 0.884877 6.50559 -0.176724 -1.89615 -2.0227 -0.726531 11.1643 3.64012 -3.19322 0.444759 0.148187 2.1976 0.34248 2.39585 7.69793 1.20112 6.67483 11.5701 -6.93205 6.25801 2.2473 -1.23893 7.77999 2.6058 -3.30176 3.41171 9.16625 3.35273 2.61657 1.82642 2.34458 -3.93755 0.78801 -2.72827 2.88174 6.43263 1.03592 -1.09253 -1.84969 -0.602086 7.2828 8.23634 2.88644 
6.68704 6.22366 1.56503 4.99887 -0.173558 -0.95695 -2.36651 6.17034 1.8804 -0.129433 3.32066 2.70165 2.08533 7.24551 -1.2503 -0.513821 2.00774 8.26115 12.1228 6.25583 0.669227 -4.65115 -5.14895 -0.573358 3.66665 0.461462 2.43361 12.1138 0.686885 -2.07324 0.162907 -0.579777 0.31633 8.31066 0.419896 -2.37433 4.57001 2.4839 3.21236 3.95721 4.33356 4.58543 8.39506 -0.912137 1.34505 2.77829 5.01659 10.2012 -1.3498 -2.0287 
0.243648 10.1243 2.71978 -2.75547 1.67376 0.12676 0.655536 5.69865 8.91347 2.29931 6.9429 6.38012 -3.24119 2.43324 1.66434 3.69686 5.61055 -10.5496 5.58101 -5.10527 -1.9569 1.52788 2.07194 0.689948 1.03139 3.87693 5.55014 -8.49081 -0.324098 0.987602 10.6019 5.67872 1.91339 -1.20426 -3.63376 -0.421689 7.34952 10.2583 -3.55682 4.24643 4.69379 0.00504292 2.12757 -0.354314 2.00299 7.13645 -6.08682 0.46978 -0.057775 1.39582 
2.24135 9.12646 -1.1798 5.98459 8.42815 10.119 -4.02675 -3.27111 -0.549378 -0.755603 4.67053 4.14177 -0.183368 4.58585 6.86925 -1.35632 4.12191 -0.840866 -1.11457 7.047 6.94083 7.03201 3.65556 0.569974 1.24041 3.74747 -2.64435 3.31461 3.271 3.59147 4.5112 -4.01756 4.54016 4.79335 -3.06056 0.134798 0.498073 7.3084 7.09396 -4.79577 1.30788 -3.06812 0.0381726 10.4796 2.51963 -3.28432 -0.592022 3.03313 5.80722 -1.88327 
5.12887 9.54172 1.92481 2.26782 -0.608709 -6.35936 -2.39046 7.77788 3.37354 7.09456 9.47809 1.89531 0.671884 6.09924 1.05435 1.72356 7.82328 9.10313 -0.0344799 -0.32188 -6.38617 1.36571 2.34973 8.03857 5.35661 -2.81912 1.97971 6.42465 1.07986 -3.62049 3.8612 4.02735 5.64179 3.64427 1.80625 5.12784 4.2055 -6.86928 9.24145 1.28839 -0.978052 3.05083 7.52062 -3.57345 -0.240211 1.79918 3.44594 7.49811 6.32468 0.563481 
7.17794 7.60193 1.22275 6.18943 4.0247 -1.96998 -0.551333 -2.77109 11.3167 -0.524793 -1.2295 -2.11849 1.98124 11.0459 4.70761 -3.20308 3.09939 -7.20286 0.160723 2.64879 10.2352 5.50894 1.02734 -4.196 -3.51351 -1.50821 4.9258 5.10074 -2.59345 3.82135 5.14108 6.8411 -5.7276 1.96936 0.771307 5.84731 -2.20562 0.150879 1.82676 4.23168 1.66363 3.62506 4.48363 -3.31625 2.70009 10.7329 -7.35656 2.29244 -0.208934 -0.555714 
6.17611 -2.14771 -2.35277 2.97645 1.63881 -0.0813853 2.39767 8.4712 -2.72951 -5.63886 0.902146 3.83741 7.2616 -0.690971 -5.13053 1.85632 8.73983 -2.59916 3.90304 6.99271 -1.36075 -4.60951 3.86239 3.9784 -0.640279 2.37994 3.97167 0.124477 -4.35965 -2.16261 6.28736 6.07915 5.54076 6.06487 4.15856 -3.15409 -0.549218 0.793216 10.3462 2.90035 -1.43877 4.85159 2.72174 -1.55842 -1.90026 3.68046 8.28503 -1.68811 5.79722 10.96 
3.91444 8.88122 4.70778 -3.59048 5.11952 5.70841 -0.436492 -2.88 -2.48007 -4.54117 4.72733 5.56371 -5.75151 0.65892 2.08388 11.3478 1.72899 -6.49379 0.966124 3.80202 0.904003 3.44459 6.77846 4.67339 0.371446 5.30754 4.12621 -0.411587 4.8678 3.54537 3.54345 11.6481 -3.32593 3.59728 1.64321 -0.330349 1.05737 7.61214 0.68203 -3.72798 1.94075 5.48969 2.35128 -0.915133 2.02365 9.57053 6.78983 -0.241938 4.35107 7.57054 
-6.75314 5.7037 4.20172 -1.0688 0.581684 5.78165 4.90077 -1.16323 0.259234 -0.226489 -2.31452 4.91053 7.64123 1.16239 -2.68835 -8.13773 1.68644 -1.19766 2.79888 10.0857 5.88173 -0.192338 -1.62325 -0.931965 -1.90294 9.2856 6.14627 2.84721 5.13894 5.49461 -6.36824 4.00721 4.99274 2.67674 7.39608 1.96702 -1.22475 1.50062 -0.864541 3.48914 6.89404 6.93567 -1.40092 2.78497 5.90971 0.53658 -5.57114 0.891233 7.23139 3.04317 
3.72022 2.98788 6.62467 5.20619 1.97481 7.82863 -2.26738 2.31349 5.37944 6.92984 6.86657 4.15793 1.23113 2.24208 9.2114 7.17385 1.22281 3.85127 3.34493 -1.78583 -3.36042 1.67618 9.98134 0.464 4.5238 8.67609 3.14983 -0.507186 5.75489 2.02173 1.51531 -1.77197 9.5796 -3.18193 -4.22876 -0.362366 3.13099 1.64474 5.84163 3.1437 -6.80161 -0.678016 -0.161343 1.93989 7.59595 4.94762 4.89104 7.09183 5.08007 -1.74825 
1.65935 7.48359 -0.83663 -4.04502 1.6034 7.44385 4.18891 7.18571 4.94133 -6.74949 4.72428 4.39651 6.64855 1.42018 -6.64206 1.07827 -2.88075 6.61649 2.19715 -1.0902 3.70058 8.49293 8.45748 -3.88417 0.246807 5.04693 3.67914 -0.141476 7.54948 0.36964 -0.931135 -0.845445 9.55154 6.59255 -1.46138 0.674799 4.03541 2.84203 -8.3139 4.04598 0.213894 1.64729 2.52884 8.40028 5.2348 -10.1745 2.56877 5.37743 2.8276 -0.979629 
3.96782 8.88438 4.68446 4.08465 7.26446 -3.91743 -2.09785 -3.51525 5.49861 -2.89266 -2.58369 6.59076 4.42383 -0.670135 -0.536851 -0.783289 2.16734 5.45641 0.901476 2.85729 5.76952 5.50689 1.36037 8.4868 0.206973 1.97249 5.5968 2.83541 -3.22048 2.25473 1.96306 3.04847 3.48093 -4.63772 -1.25882 1.44399 7.13974 1.37166 4.12777 6.63356 6.0873 2.13618 -4.17149 2.81758 -4.15201 3.65093 3.3486 3.93875 6.72771 0.100014 
9.26888 -4.51534 -6.07967 1.36205 5.84802 -2.18302 4.21231 8.96757 -4.70375 0.88087 1.10771 3.77608 7.17272 0.84392 2.96381 9.90468 8.6259 1.22014 0.616571 6.80387 7.66423 -1.29961 3.03499 4.48215 5.17298 3.2095 3.7476 -4.07307 4.24751 8.33054 2.41275 -4.68282 -0.502502 1.44598 2.30446 9.76367 5.61657 -6.69741 5.91236 4.4321 -3.38706 1.82022 1.04048 0.300895 9.32114 7.29433 -5.29327 -1.35756 1.07264 1.87029 
-3.99689 3.0202 -0.680213 4.28583 7.19494 -3.58837 6.04873 2.62142 -0.961739 -0.52145 6.71993 3.44399 -4.59758 2.72874 8.20453 -2.32848 -3.18679 2.44592 10.6362 -2.484 -4.35218 1.19541 -0.636885 5.4132 3.90556 -4.2498 3.0447 8.69433 2.84094 -4.11024 -4.05779 -1.18224 6.72614 7.22054 2.21869 -5.62435 -2.66477 -2.63209 8.12785 11.3565 -0.0993536 3.57475 5.38863 -3.89919 0.460165 -4.35067 0.166257 2.16337 3.86516 1.17813 
0.786276 0.837517 8.56471 -0.669517 -3.08576 -3.99098 6.19216 -0.524605 -0.964438 -6.76745 2.56868 5.05718 -0.00803495 -1.26759 7.64637 5.75822 6.32848 6.03638 0.0272369 0.607339 1.71742 6.96108 0.621569 4.01573 -1.93197 2.58717 -0.515466 7.47113 6.13556 -4.02453 2.59873 2.41059 6.57597 -1.55912 -2.99867 4.86358 3.40069 -5.71867 -1.52616 -0.545728 8.22186 1.00432 5.71824 8.02026 3.96087 0.611841 2.86535 2.65313 -2.56763 -1.85944 
3.83679 5.97791 -0.413672 0.198759 8.11375 8.91156 -0.984926 -3.4681 -0.637319 -0.0122713 0.446333 1.56106 7.35055 7.10207 1.0136 -5.84251 -3.10256 0.546477 10.5028 4.1602 5.51096 0.67709 -2.6185 3.02771 9.74376 3.65573 -1.92761 -3.1823 0.0768655 1.65539 -0.00348794 6.96271 4.60288 1.12942 3.33723 4.86749 3.62409 -0.634433 -0.00406521 6.52059 6.46848 -10.2381 -0.0413484 1.20197 6.60468 5.5211 4.25943 -0.679798 0.357174 1.98552 
0.611788 -5.10046 3.13543 2.86618 6.5914 -4.10283 2.61913 2.80612 6.20746 4.29434 2.37247 4.38798 -2.7342 -5.72573 1.85949 4.07268 -1.84419 -1.46729 5.00738 0.395567 -3.59531 3.88009 7.56846 7.61881 8.96758 1.44985 0.800134 0.617588 3.6575 6.26247 8.57699 -0.516332 -3.26004 1.00345 5.10547 5.91518 -0.62572 2.73989 5.96863 6.76765 0.947706 8.11425 -0.194908 1.11289 7.85412 0.450588 -1.08272 -0.984755 3.01981 5.84993 
-1.39779 -1.19926 2.52983 5.74586 0.054236 0.722019 6.74908 8.85587 -5.00174 4.08931 3.14834 1.36049 -0.148624 3.06407 5.12633 5.23657 -1.74498 3.72795 8.12477 -0.846813 0.307529 -1.47725 11.0379 -3.02331 3.94995 -0.0908829 2.45142 9.20546 -5.41051 -0.415799 1.34853 0.548632 1.19498 0.516674 2.65132 10.2147 7.05161 4.68611 2.43414 -7.63909 -0.329973 5.23417 6.73641 7.33811 6.16097 0.614745 2.27151 4.62781 0.359337 -1.63822 
2.58961 3.42048 6.7641 1.41611 -3.05032 1.55597 7.0317 -3.99967 0.872821 0.824225 8.37246 0.516924 3.1144 9.84433 -0.71596 -3.8024 -0.187849 6.59051 6.34294 0.163229 5.67375 8.9087 -0.535327 -3.75361 1.57282 8.99154 9.09548 1.60858 2.72261 6.72787 3.17342 0.381126 5.45743 9.07907 -0.401728 -6.94797 0.0852379 -4.15443 3.8468 0.813096 1.55554 6.42675 9.08532 1.35303 3.70891 3.82308 4.16467 0.517918 -2.92306 4.35845 
2.77233 -6.72149 2.61942 0.82303 0.122155 2.19455 10.1985 10.0041 1.98357 2.09855 -0.0375351 0.123558 4.40767 0.0819845 -1.59717 0.89755 10.3225 1.96407 -6.05548 0.0561547 5.80512 -1.34276 -1.95724 -1.16458 7.32001 -2.6545 -4.30319 1.50664 0.437352 7.52841 5.70453 1.84514 4.48994 -2.67285 -3.13565 0.487236 4.45042 -1.12584 0.0656248 8.69267 1.75449 -5.53175 4.51846 7.66536 5.18996 0.618443 -4.64384 4.75446 8.26822 6.87838 
8.04661 1.7303 0.358449 4.69618 6.92459 -8.07978 -2.7572 -1.17158 -5.21404 -2.71594 4.43776 5.48514 3.15064 -0.552087 1.05875 3.01704 9.07629 4.0065 -2.83764 0.7765 7.00476 0.173447 -1.64142 -4.02734 5.02358 4.85912 -2.66929 2.85911 6.86388 -0.961871 -7.23906 -0.851915 9.02241 6.39465 -0.173615 2.25411 3.47115 1.52019 5.57135 6.45835 0.0335369 6.47597 6.55795 1.67403 -4.97741 2.8346 0.734523 3.72808 6.78735 -0.843848 
5.04251 1.4569 3.44992 6.00527 0.860082 1.76081 9.5346 -0.651494 -2.18684 2.00899 1.83587 6.38582 2.43937 -0.851311 4.02866 5.07867 -5.02079 -0.972137 -1.1759 4.0064 5.19832 -3.72488 4.28091 5.71064 2.39301 1.55572 -1.47268 1.49077 8.64564 7.31928 2.46566 3.74274 7.03178 9.54403 0.86362 6.10447 7.83208 0.264134 2.33159 4.6429 4.11492 -1.36164 -2.42532 -1.27435 -0.103349 1.66174 8.34694 9.17828 -2.33161 3.21637 
5.92078 -4.04377 -0.884693 4.56995 5.66313 4.47939 6.28154 -1.08983 4.54764 5.62315 3.90361 -2.26127 -1.38881 1.14776 7.29605 5.31542 2.52084 6.14509 6.61682 -4.25319 4.82869 3.08216 7.19232 4.19912 -0.911306 4.21403 5.79651 5.61548 6.69656 -4.63242 0.565435 -4.2242 12.2707 4.94369 0.852854 5.75699 0.694947 -1.36791 1.23128 8.12945 -1.61793 4.56491 3.38804 1.52491 -0.530893 4.80449 4.91476 -0.979159 4.14438 13.2518 
9.83114 2.49901 5.74767 1.2333 2.07331 0.201187 3.58012 6.7584 3.00718 -4.7157 -0.84447 0.420584 5.01863 7.50608 8.6128 3.1811 -2.71824 6.21318 0.847158 -0.545515 -0.463063 9.25251 -0.860365 -1.92969 -0.513671 3.12078 5.87245 -0.518583 6.48619 8.85681 6.43571 6.94868 -4.95868 -1.03537 -3.15754 5.01278 5.96805 1.65008 3.22437 9.33199 -4.52881 -1.13148 2.48219 6.42746 4.40903 1.53809 -1.52363 1.04229 3.6462 15.5001 
11.5364 -5.24481 2.29373 7.31538 -3.6215 2.73725 8.68879 -2.9741 -4.16831 1.2659 4.50265 2.26066 4.87107 -5.11329 -2.16988 -1.59525 8.73234 2.34956 1.93655 0.152717 1.5695 9.01152 -0.00521321 -1.33339 3.18242 10.194 6.77358 -0.493199 4.212 -1.09604 -1.85208 3.69009 8.31552 -8.06504 4.00338 5.44222 7.96889 -0.87525 -0.638719 0.4258 -0.751623 -3.67492 7.22246 -1.45557 -5.32931 0.625215 3.75568 4.37592 6.79265 -4.23623 
12.5688 -3.78066 0.380176 7.48647 6.54152 2.30375 4.63908 0.317502 5.41952 9.76661 -1.87999 -1.68663 0.273343 -1.98926 1.36594 3.5016 7.56487 -4.08203 2.71779 0.34132 7.74747 -0.823195 -2.41182 0.787382 7.9255 -7.96267 -1.13464 -5.33889 7.18117 2.91284 -0.90192 4.41023 1.4114 -5.3468 -4.65727 1.295 11.5797 0.415305 2.91277 1.03051 -3.20194 -4.00928 6.08069 1.59068 -2.20075 2.08879 5.1216 5.61012 -3.79367 0.537563 
-4.7256 4.83349 7.68372 -8.124 1.98856 -1.52062 -0.959257 7.69427 3.99537 -5.44593 -1.88379 0.480619 7.68957 1.49245 1.97856 7.1883 -1.23548 1.96025 0.779379 7.40397 -1.67658 2.09013 3.5619 2.66415 8.22738 1.66389 -5.01136 -0.722515 6.51816 5.13955 -2.82457 2.0025 -1.55371 0.399204 3.60002 -1.28739 -2.69208 6.98106 8.69604 -0.618235 1.81617 0.827569 5.74383 -0.486246 0.263271 1.37775 6.50735 -2.10184 2.75029 -4.66942 
1.84713 5.32998 9.45773 3.19512 -5.25131 4.45458 3.22276 6.44252 -2.22526 1.18929 1.67424 4.60056 9.8035 1.35283 -0.204647 5.14384 5.80036 6.43579 9.87974 3.23455 -3.85828 3.33353 6.02101 -6.32467 0.234013 -8.32374 0.489203 1.41693 5.77412 8.82184 2.34981 5.78532 1.57109 -1.87437 2.56622 1.74114 0.0328323 2.0587 8.97443 3.16676 2.17615 5.3714 -4.2922 2.46417 5.79347 8.60172 2.67562 -1.81418 3.02885 -2.71924 
0.0677702 -2.36633 -3.15207 -0.403025 -3.61813 -1.14919 5.93811 -2.77113 0.846787 2.57121 7.37458 -4.35042 -0.523189 1.5525 -2.56388 0.553783 7.81995 1.87174 7.57295 4.01123 0.119781 1.37052 8.75847 6.95004 1.58807 0.237247 4.29195 6.85004 2.28318 -6.98663 -0.791156 3.12207 4.74663 1.21383 4.72512 8.08327 7.09921 4.54074 -0.000259555 -2.00897 4.01933 4.35738 0.00779265 -0.276974 9.45289 1.18393 4.52847 0.258042 3.14772 5.98725 
-0.566211 2.0825 4.58842 -0.0574732 0.136981 -0.0766403 6.78176 8.42937 3.95892 6.5232 6.81815 1.7473 4.49385 -0.70662 0.733767 0.468123 6.75811 -5.26144 -3.32677 -1.04957 8.49564 7.30925 6.78354 -2.14193 3.60278 5.63813 2.74205 -5.87303 -1.29358 -0.284274 5.77151 6.43914 7.72586 -5.08778 -2.73492 6.45334 5.7268 0.94415 0.383188 2.88641 0.118343 5.22389 -0.110444 -0.643536 5.91621 4.70755 -3.64484 4.57996 9.11111 -3.92682 
1.4009 5.93027 -2.40334 0.478715 2.83194 10.227 -1.26686 -9.16579 1.5948 4.88768 7.49542 3.14179 5.84571 5.0149 4.46138 1.82202 -0.887098 -0.170091 0.972804 11.5669 -0.981858 -0.203422 -4.429 -3.74841 9.29019 -0.263257 2.96809 -0.31869 0.352224 2.9101 5.57418 -9.00632 2.77043 2.33804 -0.863785 -1.80779 3.29437 8.2137 3.21413 6.0567 2.85019 -1.63326 0.480855 5.10253 3.57051 -2.00311 3.73979 4.42412 9.4539 6.56709 
9.91709 4.2009 1.52335 1.81964 -0.432957 -7.40006 6.06952 -2.66271 -2.76685 8.81335 5.71279 -6.92869 0.760143 5.53198 3.63756 -0.504052 1.90645 5.49109 6.81175 5.34877 -3.09556 2.96694 0.236676 -1.32764 -2.72259 -0.691251 7.3861 -0.30465 4.13298 4.52765 -2.65825 2.39308 0.472308 7.33632 0.971155 0.778047 8.90311 1.58053 -5.82853 4.3239 4.87386 -1.97743 2.44589 10.7698 4.03022 1.78596 7.67406 -2.88974 -5.78839 -2.32397 
6.17631 9.88181 -2.14191 1.92554 -5.09401 -0.517293 -1.51296 5.28342 6.25878 -3.63223 -3.69365 4.63967 -0.355367 0.702858 7.66596 5.78306 4.39806 3.30812 -5.22128 4.07078 0.387126 1.71945 4.68728 -1.05988 5.30712 2.6268 6.4241 3.7184 -2.93453 3.42045 3.48876 4.34359 10.1895 -0.846432 -4.02232 3.92683 4.05933 -3.79859 1.91459 6.52961 11.1673 -2.56963 -0.288908 4.20909 -1.20673 2.06103 7.72983 6.89676 3.46456 1.5098 
8.3943 2.16044 3.57922 6.46814 7.46343 0.684303 3.5957 3.05239 -2.61024 0.746534 -1.78869 -1.16538 3.94214 8.45471 -4.13919 -2.98394 0.093548 3.6853 8.37352 7.89374 2.45625 -2.07425 2.55608 11.0541 3.09468 -1.67478 -2.36834 0.0520913 2.81542 7.47471 2.88425 -4.25162 7.22987 0.0574471 -1.36301 2.4362 2.43521 -5.15045 -1.34728 1.33525 1.02246 -4.44697 -4.16134 5.22915 2.16218 2.52638 7.82416 -2.89988 -0.92626 -4.59991 
-5.9751 -3.19929 -0.254551 6.67497 0.3835 0.403357 5.9007 3.30006 2.36823 4.56 3.42992 4.51249 4.70904 5.37076 3.78265 6.61235 7.32832 -6.87818 5.10062 -2.37191 0.108521 5.94716 7.30312 4.90729 -0.435608 6.31456 6.7292 -0.0184305 3.61547 0.399005 -6.26933 -0.295853 2.26975 7.0323 1.39855 3.10847 -1.06242 1.67795 -0.111949 1.51116 1.86572 -0.701992 -1.34793 -0.225423 4.38493 4.84329 -7.73639 1.15632 9.7647 9.59007 
-1.32678 2.1705 3.08269 10.1341 3.85133 2.22142 8.34511 5.03408 4.82872 8.42674 6.30087 -0.215751 7.4725 5.92978 -2.89074 -0.25644 -2.30526 -0.123913 -5.24369 5.16434 11.4451 -1.71693 4.06277 1.38206 4.20435 7.4999 -3.46963 -0.599594 4.79688 4.70665 -0.637719 0.890543 4.18497 9.45271 -2.04853 -2.91662 0.7803 4.19152 6.97643 0.752319 -2.13394 1.82005 5.96978 4.56463 -1.75046 -1.75427 3.02127 -3.57927 5.70631 7.80041 
1.42375 4.30808 4.97941 -5.425 2.65631 -2.4668 12.3219 -1.64837 -4.18642 -0.984416 7.90338 5.68701 2.18108 1.23597 -0.650631 4.16339 3.56298 -2.9984 -0.874534 -1.30163 11.5 1.01406 -5.60945 4.15009 4.17852 -5.98944 5.24679 -1.22155 7.69106 0.430665 -3.60362 0.65108 8.27798 -1.13855 0.408241 -1.25488 8.09054 -0.483142 -5.35523 2.15903 2.01076 4.13782 3.22314 -1.76396 3.02591 -0.477619 3.51911 3.98549 8.43954 10.3889 
1.51711 3.75941 -1.16866 -0.29244 -3.68353 10.1863 4.70752 3.39657 3.26904 6.63302 -3.93752 -4.38187 -1.11836 3.51797 7.45177 2.57106 -5.56865 1.12709 1.8132 9.39452 -3.43036 -2.6404 -1.08408 6.36342 2.35104 0.439017 0.466687 8.72622 0.354792 3.92187 0.823286 4.90455 5.0622 -4.677 1.90602 2.84755 7.62986 3.39184 3.74511 5.04236 5.77147 0.438475 -1.28252 0.282859 4.64921 12.7395 -2.58914 -2.06765 3.33986 6.32633 
4.501 2.95456 3.42532 0.260447 2.49172 6.38552 -0.566063 -1.58607 6.25761 3.42057 -2.46653 2.94763 10.7526 0.626581 1.472 -1.14455 1.89726 5.42439 6.49067 6.91396 3.71749 5.78212 5.31432 -5.15165 1.38957 -0.11554 2.62417 10.6759 0.742505 -0.524108 5.41773 -0.877328 -1.89169 1.07453 0.456124 7.29679 4.44025 -5.82983 2.95693 5.00387 -4.40987 1.16606 2.11018 5.53799 1.88882 -6.13911 6.15027 -4.86087 -0.605337 8.60046 
1.72346 -2.76534 1.15363 11.4223 -4.39818 3.58118 -1.49108 0.558696 7.75941 2.29745 0.751957 -4.18038 -4.75877 6.7429 0.794713 4.71857 10.252 -0.0116609 -6.10494 -0.762871 5.4261 1.67524 -3.73226 1.47803 4.29835 6.70181 -3.98145 -5.12713 0.0148541 2.48559 7.92316 4.00873 2.7635 4.07299 3.35651 -3.33185 -0.549563 -0.597384 5.03058 7.48924 2.3714 4.40276 2.54563 -0.804838 3.68021 1.84332 6.17124 8.0645 3.3088 3.21871 
3.96513 1.99509 2.51166 11.8614 -3.94215 -0.761074 2.60707 7.83135 0.641027 -4.47275 2.48434 1.35336 -1.52078 -5.03765 5.5457 0.0490616 -6.47926 1.66801 -1.25896 5.11948 1.89846 -0.576208 1.91713 -1.51871 9.42207 2.24564 2.12316 0.902134 1.4948 0.988112 10.111 2.28162 1.38545 6.62193 -0.545208 -0.0930392 3.18832 8.18728 6.44087 -8.12415 -2.35973 -1.80406 8.52628 9.38648 2.39787 -5.47476 -5.93483 -0.585234 1.42046 3.07214 
4.01945 -1.91944 3.39182 -3.48667 0.0293874 -4.7215 6.39808 1.8296 -3.00704 -0.693891 4.14387 2.3326 -1.96664 -3.63368 1.42489 -0.0186907 -3.66827 -1.89501 5.28393 4.59317 -2.18519 1.75893 3.7039 8.06184 -5.69946 -2.92398 -1.76847 4.76516 10.0328 4.36117 -0.920445 -0.424275 -0.0917992 10.0324 5.35376 1.15364 6.06745 -3.85566 -1.10489 -0.884758 0.670078 -0.0595546 8.26248 2.69256 2.76983 8.5824 -2.92201 -2.10789 -1.33619 9.06566 
-1.78327 -2.17258 2.38867 7.92784 -0.544839 1.75954 6.30688 -2.49434 3.16738 2.22198 5.88933 0.93328 -0.930056 0.190581 4.28983 4.08993 1.55232 2.22113 5.52471 -2.62565 -1.70496 -0.255447 7.57974 -3.618 2.02752 1.3771 5.84978 5.69396 -4.92199 -2.92187 -1.86913 7.59429 4.94593 1.85414 -5.41168 0.3106 4.43603 8.50502 -0.682666 2.74728 1.83135 4.15278 9.27112 -3.43213 -1.61089 3.71499 8.46932 6.24108 3.5736 -1.99347 
0.881678 1.97487 4.98147 10.8921 0.861095 0.250407 7.72837 10.6457 3.80272 2.36119 -1.00634 0.667424 3.76309 6.9347 4.14216 -0.913293 1.7163 4.79277 7.84402 3.28669 3.0173 7.35567 4.82418 1.11938 3.29721 -0.0255916 -3.68104 1.03372 -1.44954 0.14513 2.33552 8.37022 -3.51319 1.45712 1.5806 5.22415 5.63465 2.9522 3.15479 3.32578 2.91776 -6.42555 5.53078 -0.112644 -3.45919 -3.62867 5.09553 8.25161 3.89999 0.420457 
2.5296 5.31369 -7.87273 0.388105 2.6091 0.728851 6.83379 0.843353 -3.74798 0.100379 7.55172 5.33775 -0.893052 -1.19373 -1.58621 0.48469 5.22807 6.9533 -2.89731 0.85366 7.5415 4.27267 -3.00625 3.99282 7.83536 -1.67574 2.53352 6.46815 5.53078 3.31283 5.41666 6.51248 2.11074 5.90579 7.20211 -4.90636 1.98707 0.091049 3.22905 4.16196 -0.639216 -0.473139 3.56872 1.87965 -3.62266 -0.570579 4.34205 10.5008 -3.99989 -0.824662 
8.28284 3.52213 9.01364 5.19583 2.21352 5.83329 -2.44364 1.66301 1.91127 6.36009 6.6159 0.63875 -2.57527 0.504551 9.40841 3.58694 0.0180775 -2.77104 6.02402 2.30691 5.3906 3.85686 -5.42371 -3.80029 2.7187 14.0576 8.77219 1.17611 -1.30724 -0.216056 7.00086 7.03615 -3.66321 5.62143 0.0023901 -1.55353 -2.55631 7.48053 3.39986 -5.09911 3.32517 1.20555 7.13052 -0.633969 0.0740184 -1.04432 3.23577 2.09239 -3.94672 1.21916 
-0.987251 9.46731 8.05007 5.31517 7.61427 -2.4427 -1.43415 4.31052 6.08119 -2.65944 3.0911 0.767706 -1.37104 4.75937 7.43315 0.153896 5.21846 6.14001 3.2363 2.4205 -4.44284 3.84817 1.94927 0.17113 1.2527 10.4188 3.61011 -3.31963 2.49002 6.87557 6.05984 -3.01725 2.38979 6.24258 -0.530308 0.275034 -0.94906 3.53791 1.90071 0.334892 0.566548 8.01286 4.64242 -0.272219 4.2326 6.29503 -1.93473 -2.26207 1.07379 2.32338 
1.61206 7.73086 -5.76795 1.0637 4.55953 9.37258 0.720309 5.16229 -0.457095 -1.55408 -1.28403 11.1705 3.68911 -4.25685 3.19082 4.79381 4.7896 -1.53609 -2.24962 4.14807 3.35864 7.01485 9.96154 5.29334 -0.393099 0.243124 -2.60412 2.20194 8.22851 -3.7114 -3.10742 1.2121 5.82511 9.12214 4.37756 -0.639611 5.09288 3.54779 -1.94535 -0.948347 1.66555 6.76419 -0.764842 1.04605 4.41418 5.09012 0.390736 3.37791 4.46628 0.821138 
7.11737 -0.472021 -3.0129 -3.16467 -2.44967 6.37006 -0.424684 6.66578 8.03332 -1.7223 1.85177 5.38073 -0.365862 4.19455 -2.23144 3.00958 7.24019 -3.82558 2.94378 4.26409 8.0834 -6.92894 6.06884 3.23264 0.779375 5.4144 8.63808 4.0334 1.8194 1.76932 3.43541 7.73365 -6.82163 6.54547 -0.505639 -3.76431 6.22102 2.19198 -3.9676 -0.875911 8.37367 3.42712 -2.76499 3.63165 10.7211 2.18016 3.17749 5.3752 3.4525 0.361947 
6.61712 -0.571087 0.873418 0.272369 0.47561 -0.00698219 9.09198 -0.67607 -1.19273 0.818121 2.32218 7.81349 9.39462 -1.37333 5.11018 1.91356 -2.55779 -0.626094 -1.11211 4.54623 2.64034 0.0289479 -1.1717 12.0718 2.46138 -4.22559 4.73136 1.76722 1.35981 5.5212 1.95279 -6.666 -0.854362 3.54417 6.7208 1.23256 5.05385 0.587971 -3.31327 -2.77651 4.55848 0.316835 -4.23144 -5.96719 -1.46973 11.9492 3.22845 4.76124 1.59034 2.99983 
-1.37668 -1.01502 2.24397 5.53735 2.14419 4.38712 5.78204 -2.38464 1.45182 10.0724 3.1852 -5.11201 0.336689 -0.814174 3.23666 5.31969 -0.56764 4.49815 9.32057 -5.09739 -0.305861 2.24148 7.31585 9.52538 -1.08164 -0.101587 4.94801 5.18791 -3.93595 1.18122 -0.977167 0.476711 1.65375 2.75495 6.80233 -4.25678 -2.68956 -0.743111 2.16705 2.24082 5.07194 -1.2333 1.38374 4.44528 -2.35275 -1.61054 2.71252 12.8269 1.56561 3.76593 
7.32168 3.34962 6.50203 0.39833 -5.02754 1.37719 2.97457 2.55221 4.99839 0.840103 -3.36849 2.01166 9.64042 7.39173 4.91188 4.21107 1.83421 3.30622 1.20548 -2.52193 -5.64007 11.5881 2.99599 3.01832 1.43921 0.196648 7.13105 1.02497 -4.23681 3.59985 9.99699 5.26972 1.95878 -1.17238 -3.70722 0.624573 0.837784 8.42543 3.66547 -4.62293 -2.28127 -0.48922 3.44371 5.32278 3.67176 5.07156 8.49908 0.100006 -6.84961 5.4015 
4.57554 7.84012 3.50625 5.50731 -1.4055 0.971189 3.95713 7.87085 -0.0815129 4.27703 4.15582 2.91611 7.81142 -4.03079 1.49932 2.44747 6.84579 0.505313 1.58184 2.57889 -2.29456 -2.16823 7.25291 8.09047 -0.154844 4.93208 1.60609 -2.31266 3.06281 6.34184 9.25418 -2.34938 3.97289 1.89361 1.01594 2.29369 4.64942 4.27096 -0.772311 3.17449 4.81898 5.60958 7.2488 1.30782 -8.46863 -1.0943 4.20348 -0.690733 4.28798 3.54035 
1.02391 5.26226 1.13913 -1.02425 2.90225 3.12184 10.1875 5.53657 -0.64127 4.24231 5.84169 -4.59782 2.69583 -0.114463 -0.573371 8.69232 2.29598 1.31443 5.24634 2.21458 -0.569816 0.955486 4.08697 10.9145 0.202632 0.53988 -1.89585 -1.29834 2.17232 7.57484 -3.02459 2.1266 2.11991 10.3924 6.02861 -2.63403 3.9892 -0.0719961 2.2665 4.10133 1.12126 -6.77309 4.79992 2.06065 1.80822 1.36954 3.66691 10.7308 1.64483 -9.1032 
11.8151 3.03683 -0.819723 0.849298 0.998464 8.19387 -3.11 -4.9962 -4.30564 6.48043 2.88101 -0.291951 3.78698 12.7166 -1.43166 -1.30471 0.956646 0.956314 6.03211 1.82928 -1.61293 2.61101 7.39515 -3.5104 1.19551 0.387186 8.07378 6.61963 2.72369 5.44865 3.81739 3.30529 0.0523492 -6.75256 5.11684 1.13311 0.468678 7.97375 -4.10699 -1.78443 -2.20015 -0.547911 -1.49264 6.01612 6.84823 2.30775 1.77462 -2.87355 0.576938 -5.14826 
-4.40474 -4.62803 -0.491975 3.00425 4.56434 -1.23913 -1.33727 4.37214 12.7171 4.47088 1.98028 5.51649 9.35933 6.11787 4.33688 7.55888 4.18522 -0.685597 4.08641 -0.58841 1.81691 6.55521 9.72331 5.94433 5.42876 0.347691 -8.76178 5.76254 4.63888 6.35431 -1.77059 -1.82624 2.72651 -2.11815 -0.197879 -3.72493 7.84843 0.241905 5.13361 7.23153 7.23483 2.70978 6.08535 4.75053 -3.46803 -2.18928 5.42977 7.36815 4.44103 3.58841 
2.90671 1.16226 2.44974 3.93989 5.00787 -0.803464 3.1209 10.0834 -5.6829 -1.52216 -7.75143 8.5165 -0.17977 -5.83786 -4.28454 7.54798 -0.0979349 0.448487 7.76298 9.21334 -8.33215 0.0829705 -0.687849 -3.88103 1.77095 3.2191 -1.5725 -3.13411 -0.653493 3.58824 -1.65456 1.21659 3.63948 4.60175 1.40204 6.42901 10.9786 0.664246 -4.95567 5.35797 4.21018 1.1841 3.80141 1.23914 0.540725 0.567707 5.0741 8.66997 2.16187 5.53956 
6.67538 0.584806 4.77123 5.3445 -1.14157 0.441559 7.32928 4.33615 3.80794 3.57585 -4.64181 -6.3953 2.3982 2.33718 -2.78606 -4.28437 -4.17591 9.32305 -0.186492 5.78571 -1.66612 -3.47625 0.0214413 8.71201 5.1641 -0.569132 -1.70754 2.94453 5.77 4.82181 3.73462 5.7494 9.89841 -1.44461 -4.84102 5.21382 -1.40679 1.75053 -5.31222 -7.80647 2.91257 6.39264 3.47713 5.63313 6.76345 7.30191 -0.779148 -4.99038 0.0435247 7.86698 
10.8108 -0.272738 -3.71811 1.11985 -0.430253 -2.03491 5.78264 4.90292 -1.33113 7.86607 6.68849 1.60051 0.941468 5.79404 0.964414 -2.71549 -0.285859 -2.39792 7.11325 5.59775 1.08048 2.23689 2.60144 5.21782 -3.04447 -1.16028 -3.65112 5.75018 6.66618 -5.22395 2.73945 4.74235 -7.02853 1.62947 -2.17549 0.869301 5.21492 -0.7458 -0.623822 -1.008 2.1757 1.51604 11.3215 -2.4216 0.224624 -3.05758 1.16738 1.67963 1.26433 1.49604 
-2.72326 -3.07275 1.89266 3.38774 -2.75187 1.61887 8.09797 11.3009 -2.70719 0.121658 -0.54598 -1.36734 -0.280102 9.69534 1.94529 3.94379 1.60127 5.57107 6.70365 1.31846 -1.87846 3.90831 3.71575 -7.20965 2.53836 6.45923 6.17562 -2.68763 -4.09465 -0.0993279 -0.464496 6.79208 10.3745 0.810928 2.72711 4.34929 5.91381 1.07339 -0.328551 4.32946 9.66534 -1.15085 -1.61645 -1.87073 5.37331 5.69354 1.74535 4.66686 9.49104 -0.217342 
7.7196 5.9609 2.5422 5.00909 8.0813 0.0193627 0.310202 -4.05067 -0.0740637 5.77913 4.4185 -0.331268 1.67835 8.93982 2.40071 -0.609867 6.69888 3.30896 -6.33945 5.45959 4.97205 4.89865 0.87213 -3.88032 -0.921978 6.94811 1.53658 1.5227 1.89613 4.05619 5.71653 1.66866 -5.79791 4.07494 -2.47584 3.07591 4.29693 -4.20673 0.764256 9.40485 -1.89738 4.48809 -1.79896 8.37849 6.82177 -8.32245 1.46794 6.22319 1.15843 -0.910912 
5.80082 4.66791 3.13875 7.53296 -1.23284 0.770433 7.35205 3.69103 1.29003 6.75625 4.36443 -1.57137 4.15052 7.47776 -3.08341 4.42498 7.9026 -0.542598 4.41463 6.22797 4.49282 -1.95278 1.98561 1.11809 -0.669242 0.548066 9.09268 6.0143 1.26972 3.55462 -6.18331 4.82042 -2.12384 -2.85374 6.30061 2.58635 -0.409351 3.52627 -3.15554 -2.94839 3.09003 6.22224 -2.71417 4.28875 -0.750708 2.75613 1.01966 4.08372 9.62491 4.90124 
-3.64354 6.26942 4.15694 -4.57625 2.03565 1.3978 9.08539 7.69594 -1.74082 6.01669 3.80472 2.5576 6.66363 12.6102 6.90703 4.37279 5.86041 0.890002 2.6998 -0.950427 -2.20801 -0.208816 4.97152 7.29568 1.37254 4.7946 4.46954 -5.59352 2.69613 4.97603 5.84622 3.14619 0.389867 3.00065 5.75632 4.0248 1.23223 6.12209 2.77923 0.870704 3.90501 10.0532 -4.13859 -1.49713 1.39532 11.6251 3.93236 -6.75687 -3.39181 -2.62037 
-1.07729 2.09091 5.07352 -4.06557 -2.4499 10.7341 -1.56535 4.34678 -3.43379 -3.89766 9.3506 10.2018 -0.348234 2.30779 -2.32378 4.10341 10.601 -1.96216 2.63254 1.07098 1.97862 2.73279 2.33408 9.19143 -1.68372 0.355842 2.52976 -1.0807 -1.00864 -3.50059 8.08688 3.75842 2.66296 6.20855 -5.68609 0.505284 -1.17293 8.78572 9.72539 -2.21053 2.83059 -0.462189 5.19681 -2.05727 11.3012 -0.669832 0.94824 -2.17615 3.00852 0.736885 
5.26741 3.77774 -1.23586 -0.611273 -2.23991 0.439306 5.81808 4.93057 3.64498 4.60715 3.99195 12.7391 10.714 3.08443 3.72569 3.15258 2.63898 0.198979 4.07302 6.75523 7.31029 6.49577 3.85342 -1.25409 0.91821 4.50112 4.57029 -3.01287 2.47276 8.16025 5.97896 -0.443404 -1.21839 5.62284 2.10748 0.995093 10.2683 -1.47969 4.38111 -1.49018 -0.475679 12.2734 3.55518 -1.80492 3.12781 -0.0345609 3.88682 8.15462 2.13798 0.814537 
4.61273 1.93995 -1.17161 4.75367 7.15095 5.45171 8.0032 5.31815 -3.43791 5.35757 0.164496 -9.99559 6.38867 9.9438 2.19795 9.36527 4.8695 0.387125 6.804 -1.22331 -7.03144 0.200514 4.70803 2.27924 5.47998 6.75871 -0.131499 0.741788 2.63137 9.51818 0.0490604 3.57597 4.78653 6.76838 9.46691 -4.71788 -3.75398 -0.625992 5.63187 8.94155 5.98254 -0.606575 -1.58672 1.96848 13.8233 0.963297 -4.432 -1.80613 -1.51881 1.00307 
6.64837 4.61291 3.05094 7.36782 -1.06389 -9.63106 4.62476 4.44114 0.357436 7.3876 2.57508 -7.87678 -6.26322 -1.40782 -7.10468 3.6316 4.77532 0.898249 7.13581 2.91135 7.95743 8.1817 5.30893 3.15832 -5.26603 0.301032 -0.306552 2.85521 8.50303 3.86475 -5.15722 5.10795 3.19033 -3.42216 5.94785 0.983783 0.153226 3.00602 5.60778 -5.684 -1.2057 4.2751 7.40074 5.26339 8.08856 -1.71504 -5.59013 -0.695742 1.44418 2.31109 
-3.8801 5.75286 5.59299 4.59095 1.97536 7.25115 5.32465 2.42641 4.695 -5.78664 6.09413 1.60815 0.41547 5.72363 0.131245 -0.881286 -2.47012 12.3398 4.87099 -4.05992 6.3078 0.025037 -0.357828 2.97605 3.37885 3.25197 7.29116 -4.25214 -3.49247 -1.02644 -4.63455 -0.803091 6.7268 9.04406 0.751582 -0.527673 1.0357 5.24515 -0.0434837 -0.676934 -3.98593 4.17616 2.01955 -7.97242 3.60357 6.24785 -0.255731 0.0118573 3.33452 7.99587 
2.49713 -2.57262 6.61478 11.9515 2.5701 4.95807 -0.319391 -1.75416 3.08854 8.12718 2.63763 1.00277 0.768703 6.46368 0.571855 -4.1456 -2.51236 8.11866 2.16506 0.487924 5.32335 -0.823661 -4.54308 -3.96219 9.34436 2.77997 4.84362 -1.5623 -0.354238 3.87818 1.08585 0.10305 -1.24324 7.21221 10.2242 -1.3084 7.54716 3.10294 -1.55442 4.11115 6.85338 0.0119566 -1.53977 4.61114 -2.97391 -0.918717 9.29347 3.28375 -4.00667 -2.62605 
3.30249 7.53661 2.81252 -7.94338 -0.922308 4.54503 6.0691 0.767812 5.13505 2.9606 -2.28283 3.5974 8.80727 0.0472596 -1.29651 4.31886 0.786428 2.36509 11.0709 -1.60885 -1.09727 -1.73346 4.87052 -4.01398 -2.46738 4.94769 5.01092 -2.40135 0.957267 5.89062 4.10594 1.4179 5.34467 11.3464 0.669561 -1.88625 7.13171 1.45704 1.10624 3.69228 4.50218 0.757119 2.68074 4.40411 -0.785458 -0.652686 9.56893 1.54065 0.963767 0.292359 
4.30807 -8.88974 -1.49563 2.69715 2.4492 -0.050677 7.30926 2.29073 -3.87144 2.08271 6.37109 6.39668 3.80459 -3.4791 1.3999 12.1883 0.84656 -2.44644 0.335231 0.842808 0.232147 7.95794 -2.142 0.903078 1.53968 8.94021 5.46608 -0.517987 4.82437 7.88632 -2.89487 4.32523 4.78695 -5.59894 6.29634 -2.6943 3.77458 7.25817 0.863305 3.5866 7.63901 0.624741 0.448896 0.524767 -0.960019 0.297285 4.50419 6.30473 -0.696283 2.05814 
-2.96777 1.4109 -0.873573 0.599265 9.47266 -3.49182 -4.13638 -0.364335 -0.412884 0.739908 7.41563 -1.74911 0.441388 1.08783 6.57144 9.08048 -0.754858 -0.900853 3.8053 2.53202 1.27511 7.28366 5.80967 0.605487 5.74144 0.0425563 -6.42468 0.414767 7.59528 9.79376 3.33298 6.67247 5.58367 1.78346 8.83445 13.059 -5.62459 1.63689 5.98497 3.26303 -3.88561 0.0408452 2.11913 5.13458 -1.89576 3.5384 8.06328 2.07365 -0.00071715 6.91638 
3.88314 1.42419 5.02821 7.03864 3.68045 1.27358 6.35431 7.61614 2.44532 5.65966 3.64531 -2.80054 1.93674 8.10422 -6.32881 -2.00627 -1.30122 -2.2447 -1.5031 14.4543 0.140247 0.479205 -0.483052 2.47632 7.43723 0.288057 4.45777 -2.90739 -2.37138 2.09737 13.0014 1.09965 4.89263 0.205908 -7.68397 -2.00076 0.83499 -2.87877 5.1283 8.3852 -2.89263 3.88389 6.18176 9.18035 3.03609 2.30815 1.73852 -0.403227 2.10588 9.85477 
-3.46146 -1.91632 7.4376 3.47268 -3.36227 1.29291 11.8987 -4.49299 -2.41354 2.02137 2.95236 1.24476 3.75715 5.87088 3.37 4.30826 1.52678 -1.93579 -0.635339 11.9159 0.364396 0.833902 1.31614 6.81329 1.7111 -0.848372 4.14621 3.6453 2.03477 7.39862 7.94842 -5.69258 6.92454 3.90529 -1.87509 -0.560065 1.41076 4.8317 7.30515 6.11411 -2.91228 5.47707 9.41193 -1.42619 7.148 10.9962 9.17769 4.21784 0.926335 -0.518738 
4.58554 1.97941 2.01364 -0.663342 -3.32453 0.576748 -5.88098 -2.38672 11.8921 -1.09533 0.807536 1.59172 7.2243 3.467 -3.92315 4.39364 4.30537 1.1609 1.77367 7.62976 -2.91927 -1.42713 3.72065 5.51003 -4.03663 2.21143 9.38142 5.47868 -6.56895 -0.848804 -0.515927 0.269831 7.46146 0.164517 -1.41602 -1.27996 3.4442 3.13459 -6.37615 5.23979 7.89874 8.4228 9.66308 -2.79725 1.02911 0.951805 -5.11947 -0.26985 6.0434 -0.5666 
-0.0818444 5.05368 2.61795 -1.86666 2.67996 3.42934 -2.30265 5.19529 1.28057 5.90831 10.3928 -3.33306 6.32669 -0.254729 0.753483 6.13602 10.1275 -0.291781 2.42881 1.01599 -0.748261 -0.564915 10.031 -1.65547 4.29364 -0.178706 7.68188 7.74354 -0.130132 0.89418 5.77434 4.89691 -1.99472 -4.06044 -0.432565 5.78614 1.74364 -1.5543 -1.88282 -10.9802 0.0471569 9.00506 -2.48594 0.0314854 -2.63086 4.87351 4.06012 0.00498827 4.71669 8.98254 
0.20561 7.3449 2.78674 -1.42882 3.19959 8.3611 6.98867 3.90926 -2.44064 -7.7546 1.04786 6.58358 10.8716 0.728513 -1.74875 5.9412 0.91943 0.212413 -0.577034 10.4122 4.1675 6.2197 12.1588 0.240208 -1.16632 6.54852 -1.09391 -3.54022 0.287823 5.15006 6.52058 -1.2008 5.52015 3.1848 2.65541 7.63534 0.980188 3.928 4.29581 -4.63157 5.36228 7.77115 5.50329 4.00165 6.21934 8.81182 7.12368 2.30174 4.04405 2.71356 
3.71745 2.18305 -0.607783 1.48497 5.95261 7.86276 0.301401 6.55954 3.82898 -4.17377 2.35665 3.81746 1.58051 -6.43937 -2.44487 4.33736 5.21549 2.47072 2.53962 6.2534 -8.26194 -3.11798 3.67246 4.15153 1.33505 7.21987 1.70521 -0.187581 4.15401 10.7304 1.48862 0.24994 7.94092 3.3693 -4.64609 2.24917 4.8611 6.1848 3.40166 0.212444 4.32682 12.0842 1.02377 2.21537 5.39512 -3.46035 0.844176 0.981685 5.92297 8.87278 
1.34768 2.32364 10.6479 2.83925 -4.88784 -0.138764 2.26677 6.39791 1.89464 4.14234 2.29158 6.52873 -1.10816 0.851207 -0.753152 -0.0700346 6.73758 3.01137 -3.59367 6.91737 -0.958536 2.9271 -3.18819 5.11154 5.92566 -6.31045 3.88015 5.11549 2.13094 -7.82977 -1.01981 -2.16128 7.59526 2.06318 3.8344 5.89592 4.8376 -1.85102 -1.32857 -1.09786 9.01486 3.93711 -2.46376 2.56963 10.8647 2.50343 4.39935 3.14292 -5.59067 4.11321 
-0.53592 -3.62603 2.68285 -1.98996 2.44025 1.84082 4.42922 9.63482 -1.83405 1.55743 2.83338 -0.0555646 0.684346 6.43268 9.12518 4.15336 4.21693 0.851545 0.520284 6.01714 4.19986 -2.58565 3.85769 6.30765 -1.30785 5.19969 5.86424 5.89746 1.06234 -0.289768 -0.158158 7.62085 7.65611 -6.10073 -0.0657912 5.51408 1.16535 -0.474149 4.20242 5.12321 2.50103 -1.29034 6.7903 3.17692 4.70034 5.93817 -1.83895 5.37734 13.1036 -4.19226 
5.82841 5.12055 2.00254 2.3186 5.75213 6.3304 -1.69837 -3.52712 -1.39038 -0.229931 10.1369 7.16904 0.665347 2.70819 -2.2672 0.872013 4.17689 6.37817 3.91379 2.74544 -1.23918 2.55058 3.23207 9.04601 5.88311 -2.12172 7.20941 0.381321 1.26568 0.703532 4.17199 4.29442 -1.1959 5.33372 6.62518 3.05419 5.88559 1.30011 2.04587 -0.929711 -2.34787 -1.67889 5.16565 8.8136 -1.57842 3.17315 10.0586 12.5967 1.32915 -1.79706 
0.252947 3.71478 1.4028 3.41921 2.32138 -4.82679 5.19129 3.77781 -1.09046 3.57725 7.73134 -3.9935 1.17588 5.50326 9.12368 3.98634 1.56111 -0.200418 -4.69914 2.1654 7.56683 6.29109 -3.53991 -6.40238 4.86861 5.07066 4.62458 4.231 -0.709865 1.42436 13.8727 6.81592 1.72227 3.92425 -5.16986 0.457104 2.17744 5.31344 -2.22975 1.43651 1.76579 -0.87608 4.86981 3.61789 -6.05175 -1.6826 5.85459 14.2819 -2.83215 -0.0343353 
-6.14129 3.95323 5.71445 3.01852 2.22749 3.02615 9.10089 4.88149 -1.7302 3.43519 2.88702 -1.80651 -1.00133 8.0862 -0.953318 6.06123 5.00413 2.05663 -1.14189 2.44555 9.96159 1.07701 2.85218 -1.36938 -1.74218 -4.17703 5.65506 5.73524 1.76011 8.06097 -0.38196 -4.5991 -2.21481 8.05506 6.93331 1.41184 6.58563 6.61718 0.724347 3.78038 6.62693 -0.262283 1.00018 -1.26766 -1.54161 2.42536 -3.53712 -6.12647 9.9029 7.91069 
9.29235 8.97984 5.10075 -2.53695 3.01432 4.67529 -0.977845 -2.80512 3.9743 6.29629 -4.03497 0.155525 -3.74057 1.01221 8.17628 1.44184 7.06272 7.21278 2.89623 6.74082 2.99665 -4.1599 3.1894 2.41274 3.72803 1.76781 5.38232 4.65533 -4.88183 4.67152 2.66963 4.06457 -0.882672 -1.25925 -2.56155 11.262 5.18251 3.02571 4.77038 3.48301 -2.0998 -0.558209 3.93665 4.20047 3.42349 0.853311 -1.74307 0.398009 -1.20063 3.90636 
-6.54498 -3.24988 -2.28211 9.2212 6.08458 3.02548 0.407422 4.1355 9.38276 5.72889 -1.3419 0.17798 -0.517838 1.55198 10.5579 -3.97072 -4.81173 0.43296 8.96076 0.809329 -0.594476 0.443255 2.71686 6.36233 3.37577 -3.25346 4.09997 1.23113 0.297293 2.59744 5.40073 0.243071 3.0658 3.90746 3.38509 7.49268 8.55887 2.51171 5.66353 -1.85382 -3.47159 -0.573088 7.33459 1.77486 0.237886 2.87264 3.38665 5.64231 5.93588 0.457627 
-0.339483 3.83967 1.86224 1.32247 7.53539 2.03174 1.95433 6.10037 -4.31919 0.188112 -0.873118 5.0177 8.26349 -0.20045 -2.05525 -0.878788 1.10883 9.79219 -2.13502 4.54291 6.51964 5.20404 1.53075 -5.75476 -2.82018 -1.74416 0.120982 8.86174 7.9458 3.64572 4.96082 0.712954 6.66041 8.79071 -8.2093 -0.663201 0.112257 0.745163 4.79607 6.90101 3.44289 5.55103 6.93726 0.201926 0.178616 5.8988 6.38748 -5.58631 5.96215 3.00465 
0.758253 5.25158 9.28915 1.43496 0.669111 2.56254 3.31031 3.96362 3.1127 5.40362 8.3088 -5.5911 1.73258 -0.388831 -0.814063 8.82505 10.4857 -3.3576 -2.28345 -0.637778 5.74373 4.13873 -1.16161 0.46649 1.46317 4.32464 6.86272 4.41666 -7.09579 3.92954 -0.476559 9.83731 0.951892 0.732956 -1.44496 -3.87821 -6.01094 7.59125 4.62934 -2.09846 3.30589 5.02119 -1.96138 -1.38089 1.1085 5.16965 -0.719494 0.834641 4.61153 6.48367 
1.17168 6.35261 -2.70951 -2.37944 -5.67191 6.81785 6.39649 -1.42271 3.91713 4.77466 -3.86694 0.659095 2.72615 8.02163 -3.4068 2.35942 -6.72737 1.40201 1.47476 1.26315 7.49421 -4.08688 0.705292 4.50295 7.7787 -3.44116 -3.89193 2.03273 0.339306 -2.02049 6.28669 1.85502 -3.27126 1.03953 6.85153 -1.25045 -0.0802983 -3.09659 3.51736 9.6623 -0.714513 1.27679 -0.820075 3.47809 11.2998 0.323653 -0.924423 5.16173 7.48704 -6.16174 
-3.11298 -1.80484 9.16904 0.181583 1.42118 -1.95558 7.26295 3.91393 -5.27495 4.2089 0.555083 -0.445562 3.89522 11.0437 2.7483 5.6915 9.43541 1.67253 1.77065 -1.63353 -0.545721 1.00978 1.33059 7.11318 -0.120236 6.25567 4.04439 5.93359 3.11755 2.71093 4.42994 1.09109 0.530593 3.1645 8.40992 4.77038 -2.5792 2.72116 6.32055 8.61606 -3.21862 3.52119 7.10944 4.17096 -8.91166 1.2348 -1.03838 6.07645 3.40164 3.26633 
3.3093 -1.37243 5.02807 7.95054 2.42085 3.1401 0.382621 -3.12591 -0.461414 5.86578 10.9224 7.93678 -2.00517 -7.60607 -5.98418 0.638933 4.72806 4.87265 5.0984 7.77571 5.43677 10.1569 10.1397 0.486984 -1.54658 3.12451 6.33618 5.50602 5.77453 8.40696 -0.781454 0.960947 5.15985 5.05524 -4.91788 1.26134 -0.218092 2.98987 6.66228 -4.33856 0.65681 -4.12905 6.37776 6.46353 4.40123 4.13252 3.3424 -3.60505 -5.22202 2.24468 
0.55509 8.8646 -0.106458 -5.26571 -1.36441 5.91095 3.20595 -0.51471 1.69735 1.61339 7.0579 6.90677 3.76824 -7.02186 -1.38533 1.82025 0.276904 -0.773546 14.4656 6.16112 -4.20037 4.92339 -4.07 1.58203 0.324408 1.51212 10.6334 -0.558473 0.981793 2.22337 2.06154 3.2966 4.13184 -2.68887 2.73035 1.78524 6.8192 0.386201 -3.53015 0.357508 6.37771 8.15011 -12.141 3.73198 -2.39799 0.480597 2.74239 -0.512365 -1.33822 0.185203 
7.41882 5.11108 -0.402114 2.61647 6.46809 2.48327 0.690382 0.159873 1.99461 6.20864 -8.5245 1.19132 -2.10955 2.17346 -2.43157 -0.0461005 5.25705 9.20675 3.03695 -4.46711 1.9227 11.2084 2.98022 0.642264 6.55321 5.54235 -4.30949 -2.10307 0.75418 11.5928 0.414146 3.91987 3.98045 -0.281729 2.77986 6.95183 -4.41105 3.03105 2.92869 3.98309 -1.71775 -5.19516 4.45676 7.35776 7.05733 4.08149 -2.55704 2.0449 1.6361 4.75594 
-4.66112 -1.47112 5.51154 7.56358 -3.17206 2.62258 1.09322 5.80865 0.625715 0.46474 2.0722 -0.681064 8.64109 1.97231 3.5653 7.93851 -0.586997 -5.82412 -0.287996 -1.08027 2.0301 8.69745 -6.54896 0.638333 6.56888 0.60904 -4.0332 -1.43822 2.68234 6.25295 -0.0147672 3.80762 9.94263 -0.77745 -1.47796 1.84647 -0.286727 -1.21651 6.54943 -1.5788 3.58814 2.71758 1.99387 6.93437 -5.31874 4.66675 -1.52405 4.00808 9.90187 -3.54567 
1.2998 10.7352 -0.149179 -0.728035 0.579463 1.76595 7.05302 -2.13238 2.83304 2.68189 2.68335 8.28947 3.17115 -5.24692 2.73509 6.68474 0.864347 3.92981 4.18801 3.01235 4.92959 -5.13042 -0.20345 -7.27095 -1.30621 7.62321 2.38912 2.14486 3.8069 10.2481 1.35366 -0.618825 4.18544 3.67056 5.25511 4.55382 -1.34357 1.93627 9.03878 1.3419 0.710449 6.19157 5.24761 -3.33413 0.245626 8.11056 2.26533 -5.65061 6.67496 -0.030748 
-5.18401 -0.183572 0.64867 2.93501 7.0435 7.24555 -5.0221 -2.50413 3.37216 8.03632 -4.22117 -1.60563 -3.0115 -1.52909 0.57071 8.08577 8.61608 -1.42226 4.30208 2.14724 1.41251 -0.413281 5.19954 2.60348 3.41983 4.0882 8.03219 -0.187898 -5.05034 4.13726 -1.6826 -3.87776 4.56703 5.30585 -3.72744 3.77411 5.93033 5.84543 8.31329 -0.476071 1.71197 4.16189 -1.24395 3.40928 4.92863 7.29883 2.86285 -1.36378 2.55103 9.66728 
2.17586 5.67526 4.90696 -5.7366 7.60457 -1.13672 0.745495 4.74805 6.34405 4.76831 2.90612 5.89589 -0.572717 1.72544 5.19877 2.17461 -5.02784 2.83877 5.12187 1.90753 -3.37298 -1.89623 10.3673 5.59505 -3.07811 3.91544 -1.38995 3.44181 -1.74698 2.01914 4.20628 6.47239 7.36771 6.13945 4.10133 5.67992 0.316272 -6.58258 3.07922 5.12937 7.16958 13.7845 1.55388 -0.517156 1.03814 -3.92917 0.28797 3.22118 5.58228 4.38064 
0.0323826 4.43727 -2.95052 0.988335 4.08902 15.0298 0.566573 -1.59112 2.4296 1.21509 5.60211 8.144 5.11168 1.3719 -1.38338 -1.75954 1.49228 3.82445 4.29923 -1.53222 0.715341 -1.68618 -3.45962 -0.35901 11.9625 -0.267529 -3.14915 -0.313642 0.927007 7.07925 5.53799 -10.3939 2.20354 -2.07509 5.00171 1.35107 -0.753711 3.27403 6.17815 3.25826 -3.64401 -5.30084 -2.55463 8.05307 1.67709 2.28175 4.24961 9.54243 -4.52616 -2.93191 
4.63596 3.5015 -1.38412 3.27653 5.62058 -4.08991 9.35323 4.5716 2.94655 10.9671 -1.17348 4.04185 0.0914715 2.64801 5.32449 4.15486 5.08495 3.06784 -1.92516 1.18103 3.73866 2.68345 0.983227 0.587021 10.6469 -2.25827 -0.197826 1.91655 5.82034 -0.00940981 -5.33188 3.31232 8.86196 4.60644 -0.725662 -4.30855 2.28712 5.69628 -0.808421 -5.22571 2.21244 3.48087 0.745542 4.04632 8.20329 -2.07988 -0.142602 3.37224 -1.2221 -4.9981 
5.8307 7.42183 9.20085 9.96057 0.658153 -10.715 -0.341999 2.37119 2.50702 6.23335 7.79463 9.15801 2.95206 -0.531185 0.982176 1.84537 0.360979 3.30673 1.35236 3.20693 6.23183 0.0375919 -0.440728 3.14711 8.15084 3.1985 -1.4257 5.95459 3.38462 -2.87542 2.62953 6.8002 8.89106 -1.45841 -0.418188 0.622399 -0.350186 4.26473 4.42807 -1.49072 -0.402416 8.46277 0.60772 -6.67177 6.94677 0.0267709 -0.241688 6.67021 -0.845061 2.91301 
-4.68212 -8.3979 -0.657102 1.48611 1.04507 1.60969 -3.46564 2.39435 -5.28293 2.84541 8.11991 -4.06262 0.364722 0.173061 2.7598 8.22068 8.24422 0.438682 3.00579 3.80748 -0.321564 1.01194 4.1221 4.64392 -3.16808 0.171611 -1.64393 6.4478 1.48295 -0.571184 2.19196 7.39291 -3.54031 5.60054 6.92116 6.64488 2.91348 -1.07262 -0.525187 -2.6561 -1.29859 8.71692 4.25552 3.42906 6.10242 7.04567 -0.891181 -1.08884 1.46391 7.63221 
-2.52193 4.31128 8.55657 0.168553 1.86729 1.16614 3.14463 5.86723 6.89741 6.95174 8.79466 3.9417 3.47841 6.67025 -2.44577 -1.49293 -2.84562 1.73741 5.66703 6.01586 -1.07715 4.88022 4.20768 -3.1958 2.07113 4.55999 8.86319 -3.50557 -1.28442 -1.26377 2.00739 10.1042 -1.58319 -5.17004 5.08276 0.603407 3.24048 5.66068 3.68058 5.32943 9.66189 4.27269 -10.4006 -1.46499 3.67946 3.91133 0.422477 0.59061 4.65889 -0.550323 
1.48132 4.47999 9.18756 -1.25873 0.139727 9.76264 -1.02494 -10.2387 3.41061 4.19319 4.59619 6.9427 2.55397 1.12274 -1.51452 3.42437 6.83274 3.62766 1.93856 -2.60924 1.8116 7.57815 2.60379 -4.5142 -1.72498 9.18378 -1.56942 3.10192 5.4585 7.6484 -5.61154 0.388384 -1.67891 -3.79903 -1.88435 12.7335 5.19761 -2.15314 3.39719 -0.820801 -0.474118 -5.22027 2.43882 2.0088 1.54703 3.6575 5.76475 2.80686 -1.19829 -1.25924 
4.19058 6.52539 -0.749292 -4.19505 2.15218 6.71096 7.94754 9.96437 6.48411 -1.29622 7.88781 0.134766 3.56248 6.81561 6.91619 -3.34537 -1.57039 -2.46034 -0.919874 5.85077 5.84968 -2.13323 0.912837 2.6698 2.03168 4.18144 9.40217 -1.53266 3.50201 -5.17263 2.01758 1.0669 4.56193 -2.252 -0.792803 -1.52736 5.16021 1.46477 4.84217 4.94957 -3.17921 2.96852 10.6516 9.88702 2.72985 -2.41012 0.603768 -2.16925 1.79635 5.13806 
-2.5948 0.0415996 -2.3727 0.420525 1.97719 5.43419 1.0589 -4.87145 5.56994 17.7158 -1.29523 1.2132 -0.000511246 4.32244 -2.30714 2.47414 0.590933 2.19714 5.53414 7.85463 -0.296136 -1.35338 0.00125051 11.2252 -3.52453 -6.06841 2.00964 2.30581 3.412 8.65261 2.63979 5.08866 3.67081 0.359767 3.42419 9.96132 0.577797 -5.05402 -0.327203 3.83528 1.82393 1.4042 11.0436 1.07595 -0.31656 2.28829 2.65486 8.15904 2.13838 -4.74189 
7.04938 1.83872 1.93141 5.81289 1.99585 -2.75812 -0.653355 1.21062 7.16718 2.40808 -8.76577 4.47918 8.06632 8.27069 5.25969 1.79234 5.34864 3.52882 -1.09767 -1.98134 0.300741 0.315653 7.59001 9.19963 -2.52372 2.93288 10.5534 5.06939 -5.80992 -1.78892 -1.97451 -0.49518 6.98741 5.88704 -3.61135 0.191105 -4.5269 0.0964589 5.90545 10.0393 2.24467 0.427296 -0.95886 -4.26212 1.51333 5.21736 1.90406 -4.09237 -1.781 2.3518 
7.78725 5.24852 -3.14277 6.27096 0.163318 0.582046 3.35157 4.64794 7.11048 0.657298 4.35679 -5.6576 -1.88497 11.1989 8.86412 -5.45739 4.70633 0.302058 2.5388 4.956 3.4185 4.8782 -1.4747 -7.39444 4.80959 6.83758 8.36831 6.12052 -0.904919 2.13905 -0.476533 0.12275 6.59264 -6.12992 2.00565 4.2782 3.44364 0.216933 1.32246 9.12434 1.78504 -3.79833 2.63963 -0.986538 0.490301 5.90601 3.26352 0.686308 1.96681 1.38657 
-3.87413 1.33845 -3.41005 -0.39092 9.34416 7.79111 0.513752 1.0122 -3.85702 0.615866 5.4253 -3.55421 4.54423 1.37594 5.99416 11.5231 2.86649 -2.48842 -1.94072 6.46601 2.54202 -3.74902 4.18032 2.56426 0.699748 6.82709 1.77161 -6.42368 -4.04538 6.43967 6.6696 -3.60606 2.39284 1.95425 5.43032 6.68098 -2.11832 4.20434 5.51585 7.45263 -0.195953 2.66124 5.86118 1.59848 1.7455 6.41122 2.60628 -1.43402 2.63151 6.56718 
2.15186 4.22505 0.519467 1.95366 9.86976 -2.88159 -0.678312 1.76279 10.1805 5.56823 5.80373 7.83954 1.64205 -3.02894 -7.68173 2.85123 0.440334 -1.26141 -0.360251 4.05348 0.562701 0.896312 4.22224 8.34335 0.343984 -1.06123 0.0651088 -0.453872 1.5544 -1.12638 1.63813 12.1647 -0.320473 -5.85786 -2.49807 3.90545 1.94123 5.64835 6.14687 -2.96856 3.35165 8.14702 5.49959 -5.8731 1.77879 7.45078 1.1962 3.77161 5.80254 5.89711 
5.02984 7.68264 9.38966 -0.458635 1.89081 1.92064 3.91233 6.74505 -4.97657 9.17235 4.67999 3.09169 0.729079 1.95266 -3.24116 1.18278 4.93114 8.06366 7.41283 0.134177 1.46695 2.46664 7.90163 -0.575262 1.24531 3.67649 5.35893 2.28444 3.93769 3.38579 7.37701 7.26638 -0.909011 0.36625 4.10679 4.54296 5.88828 -5.62349 -1.12337 -0.705403 4.63665 7.64242 -2.8134 5.51745 13.4181 2.82026 -3.53725 4.2217 7.38021 3.09475 
4.41037 5.32504 -3.19508 4.1945 4.75567 7.84698 1.97326 -6.97981 2.98467 7.43479 -3.81727 -5.28085 -2.60142 10.8743 3.40382 2.85548 6.63047 -6.30831 -0.136934 -1.5335 7.08661 4.43985 -1.72869 -2.00387 -0.64729 6.91176 6.00027 -0.948343 5.22372 2.94409 -8.59056 4.43783 1.25783 2.2176 8.27327 -1.94381 -0.827832 0.172239 -0.15887 4.02651 8.83355 2.61815 -0.571922 5.75289 -0.269103 -5.0678 -4.2213 12.8348 1.37841 -0.600923 
-4.03847 5.01551 -0.238399 -2.30874 7.4116 7.83093 4.54101 1.06015 2.01418 5.89963 5.16263 -0.17883 1.97601 11.302 2.6164 -1.5818 8.83454 9.07193 2.31787 1.78768 -4.30305 3.52522 -1.06127 0.811537 2.70903 8.25389 -3.76061 1.7502 7.44209 3.05655 5.14587 2.28361 8.35083 1.76008 -6.46799 2.84248 9.10168 7.23066 2.92491 -3.07648 -3.8382 0.472618 2.06205 8.80593 4.81683 -1.10624 -6.97025 -2.10069 3.99992 9.17824 
7.94134 0.179588 5.30251 5.00702 6.16338 2.76413 -3.2556 4.91762 10.4515 -8.39297 4.16288 2.23211 3.19254 10.0538 5.42996 -0.667544 8.75484 0.667611 -1.05628 2.57773 12.5423 -1.32376 3.21264 4.94156 1.78919 -1.48227 -0.770689 -4.55338 5.12949 8.4798 -1.13834 6.92616 -2.00209 -1.72527 2.13008 1.91514 4.58124 3.87602 -1.61137 4.8237 4.73294 -2.12855 2.61144 3.94428 -4.22073 2.20446 1.7824 -0.101317 0.00534814 4.04247 
4.71662 -5.65634 2.37856 8.40875 0.456751 0.906724 1.9326 4.76049 14.4989 8.49709 -2.89036 1.04569 -4.73713 0.876314 3.79758 3.78478 8.53413 -1.22572 1.61045 5.19481 11.3563 -5.05966 1.53618 5.26711 5.19269 2.95082 3.0455 0.0946428 0.931918 10.9322 -5.25634 -0.552088 -1.06221 4.7834 8.58233 1.95149 -5.18433 1.07862 4.93823 3.86669 -4.64625 -0.349848 0.115747 6.93074 3.75853 1.64987 -1.57918 -2.98683 -1.35037 9.61584 
4.40657 2.90916 3.46011 5.51507 5.58337 -1.87144 3.34763 -0.0539366 -6.73663 5.88309 -1.99439 -0.239586 3.2763 9.36456 1.38535 -7.74909 1.57536 -0.748159 0.732335 5.82744 -1.93452 11.9137 2.25176 2.40713 10.1404 -0.728268 4.22734 8.89888 8.20367 3.0978 -1.85808 3.63122 7.05006 1.15628 -2.87135 -1.60094 1.04869 7.50081 3.15049 -2.25891 1.60808 2.41954 5.17655 -1.26698 -5.50972 1.38354 5.54052 2.88012 3.96048 8.95561 
0.226708 3.14675 9.87497 -2.48351 -1.083 1.24328 5.78649 -0.396575 5.47597 2.03276 4.01983 5.14026 -2.1493 3.36506 -2.78045 -0.641003 1.48229 7.28815 12.4835 4.44641 -4.92602 3.05619 6.24103 3.40557 2.23933 5.70266 4.42185 -3.0031 -2.01906 -1.17594 11.3959 -0.0573975 3.91779 -2.20334 2.71004 6.56415 6.19741 2.43237 -3.26919 1.81161 2.03639 5.45217 -2.13725 -1.77033 0.483045 5.82971 8.9916 -1.65223 -6.03779 3.94948 
0.865872 6.68916 1.76673 -2.78107 2.25214 12.5518 1.90848 -0.00562458 3.96873 2.59219 -1.20281 -1.11076 2.99533 8.73445 5.72063 -1.58233 2.53881 -8.15163 -1.09188 -3.29472 2.06834 2.48676 8.78522 0.865022 -1.66018 5.27399 2.36216 -0.473703 1.38165 6.51606 9.39184 -2.2727 0.811356 2.14786 7.85226 -0.121227 -5.90084 3.63953 4.77827 5.10867 6.29129 -2.75708 -1.25923 -0.59304 5.3912 -4.91412 -5.58513 2.41585 0.0531904 -0.284286 
3.86949 2.71739 0.65458 1.71704 6.46459 8.10211 -1.94902 2.54749 5.54412 -0.397095 -2.23015 1.36818 7.50021 -4.53318 4.6454 -1.46999 -0.515239 10.7217 1.34941 -1.42471 2.95248 2.75088 -4.22351 1.57458 -3.30589 4.89573 5.72729 0.581513 3.19945 6.65053 -2.89248 2.50789 1.78175 8.1452 0.039474 4.77335 0.934592 3.6611 6.26432 -2.58497 2.68304 0.270839 0.872608 3.98002 4.13436 -0.119737 5.26365 10.8676 -1.2153 3.50357 
8.10804 4.0468 1.47309 4.37258 1.45066 -4.54532 2.98421 7.62634 5.33604 1.53773 -0.398627 1.96686 9.69724 -0.921984 -3.36848 1.33221 5.07551 8.1604 -1.71074 1.57552 7.42411 2.22985 -0.668921 3.54154 12.7806 0.762795 0.936332 3.87188 7.01874 0.663149 -2.21538 2.99143 7.94489 -5.83056 2.74934 4.50877 7.63246 4.90568 2.07017 3.81946 5.27801 7.49181 2.3775 2.55741 0.231594 3.37451 8.03454 -1.55968 -1.78186 0.954544 
5.34588 -6.04703 -1.81174 5.49928 1.72346 0.183554 0.512778 10.3892 1.90037 -0.336217 2.034 6.09517 4.18349 -1.51174 3.68347 9.86654 -3.18094 3.91194 -0.82009 0.191678 10.5528 4.93862 2.22832 7.11673 4.55467 -1.42495 4.54392 6.83151 -5.01958 4.57407 1.18416 6.94884 3.88498 -2.84784 0.778004 8.75864 1.56638 6.88749 7.82341 -2.87195 -2.97686 -6.10447 -3.14059 5.14375 6.23281 0.0166665 -3.33328 -0.304444 2.7011 9.16793 
-0.446118 6.39985 8.28149 -0.156197 2.89741 0.734442 6.4325 4.68055 -2.71611 2.53432 9.61916 -1.96172 -2.5153 1.05502 8.71238 8.9255 0.846779 2.16513 4.59982 5.80478 9.03146 2.48963 1.06713 7.27868 0.178628 -0.670113 3.25855 3.56727 -3.12449 3.16366 10.3064 4.94845 4.22608 2.71243 1.42029 8.25335 -5.05184 -1.40743 2.17898 11.4092 1.16165 0.81562 -0.138979 1.62548 8.82171 5.04893 1.89064 4.37081 4.61282 2.13596 
-2.12457 9.01767 1.22214 2.80953 1.77855 10.1754 2.94639 0.850227 2.7433 2.49108 10.1794 5.96642 1.68925 5.75903 -3.33596 -3.9296 4.25916 1.89759 11.9456 -1.55193 -2.80341 3.77997 4.71709 7.11108 1.33598 -0.194784 3.96999 -0.509367 -5.42024 -3.14304 4.84716 2.88302 -3.20703 5.06615 3.13628 -3.11881 4.74853 3.08453 4.95616 5.23665 -3.2159 1.68777 13.2032 -1.13465 -4.69545 -3.71375 -2.58843 5.45456 0.975031 -0.312685 
0.325276 1.92552 12.7062 6.04808 -0.282087 1.32952 -3.94824 -0.499733 8.89778 -4.05872 -3.73609 0.797338 -2.66387 8.19435 4.4879 3.40625 5.22222 2.39008 -5.46004 2.05014 -3.60112 7.76458 2.64361 -3.97051 1.90456 1.66759 5.1612 1.80992 5.09024 -1.79557 -0.813516 2.12338 7.14472 1.45002 -2.14747 1.33803 3.26054 8.62605 1.23815 4.4466 -0.205753 -0.322516 8.31839 0.497911 -5.44894 5.12724 6.71706 2.18326 -0.408343 -5.56892 
-0.488045 5.05411 10.7348 -0.611207 3.18147 5.71803 2.99633 3.49533 8.68602 0.634769 0.647639 4.35537 7.78474 7.43051 -5.05584 -2.72495 4.03808 1.73553 -2.44711 3.27072 6.76877 -3.52126 -2.74077 1.92406 6.82133 6.07092 4.44975 -2.43718 5.49791 3.30982 2.67597 7.18122 1.09929 -1.23495 1.8641 8.90083 2.4397 -3.85518 -0.569463 4.33204 3.73441 1.26732 6.58247 0.126775 1.29085 0.647458 8.34975 1.77362 -5.01679 0.226759 
7.92024 2.47423 -4.11938 -0.116899 3.10436 12.2993 3.498 2.67842 3.62224 -2.5449 2.23489 6.99665 -5.93957 2.80818 0.290196 3.25949 1.69874 6.70144 4.90502 2.38904 -0.401605 -0.9148 1.41089 8.27608 -2.73032 -2.23545 -1.00409 -1.52114 4.09473 8.9986 -3.47744 4.39036 1.87198 3.10006 6.81481 6.27025 -1.44101 3.78605 5.38205 7.64087 8.08071 -2.90612 -0.469361 0.159979 4.58402 3.97677 -2.83008 -2.23913 -0.0676043 5.0545 
0.963991 0.0580649 4.69922 13.3923 1.28538 -3.05992 -1.16717 2.85545 4.8906 -0.753475 -0.481825 9.24006 9.73034 -0.639295 1.8513 4.59325 3.2623 0.58384 -3.06692 1.56325 3.50288 6.77395 4.96528 3.61592 1.33878 7.74402 7.74743 3.80048 5.5331 7.2662 2.56274 7.06761 6.89872 -5.54875 3.01122 1.84871 3.5826 6.16563 5.53356 -3.78498 7.09333 2.8236 0.0622956 5.66789 0.839474 -3.37011 1.80895 0.502287 2.57933 5.71538 
3.64456 3.98349 6.59001 9.04113 3.98044 3.67536 5.14711 -0.715739 2.92746 1.65589 0.804208 8.74489 -2.02745 4.50643 3.05428 8.19609 2.61174 -2.0015 -0.247739 3.49712 5.1226 0.286579 -4.43957 -0.950203 6.97166 6.12376 -5.65092 1.49355 5.85661 4.19993 -5.12615 6.19997 2.01897 -1.74921 -1.14884 9.07383 -2.93385 -4.69772 3.44273 5.60162 5.84357 10.5176 0.220473 0.358086 -1.0385 3.20135 3.64214 5.50278 3.21837 -4.55303 
1.22302 9.41528 -6.48145 -3.32981 -5.88951 4.46507 6.39059 -0.928384 4.12546 11.943 7.69994 -1.24103 1.29627 3.02779 1.74768 -3.6532 0.0840744 0.846749 7.36334 2.05821 -3.29983 -0.841175 2.12797 6.42914 4.20437 -2.77684 6.46943 -3.04021 0.846684 4.56161 3.23952 4.10658 2.14429 -3.56745 2.15567 8.47549 3.1102 4.28091 6.93877 -1.6394 -7.58221 -2.15082 -6.61474 0.585868 10.0173 0.336328 -2.22775 -1.46934 -0.331837 1.19985 
0.148884 1.53387 1.58168 12.354 4.20802 -0.723105 7.35237 4.5452 5.56292 10.6677 5.94572 3.10295 4.10043 -2.62388 -1.27326 -0.441467 5.33655 4.34986 -3.19265 0.783195 1.74491 2.5417 5.70806 1.79096 -4.37004 -0.332526 7.13442 10.2809 2.64452 4.07502 -0.609954 -4.53418 3.62495 3.56572 5.3635 7.17501 -6.74112 1.64494 4.27433 -1.29092 2.22394 -0.627659 -1.0939 -1.36586 0.594081 6.89739 4.16806 3.58812 5.7202 3.53296 
-0.604468 3.57726 5.61794 -3.41963 -1.96106 -4.88152 7.88838 -3.5267 -6.27031 -2.00906 9.54857 2.83657 0.418745 0.525649 4.21756 6.69916 -2.77634 -1.87233 -1.24498 2.75772 5.15059 0.335619 -4.89169 2.98674 2.10467 -0.434066 -1.99313 7.80312 1.90486 -6.04914 1.51559 2.93795 3.15949 1.69611 -5.73812 -2.15428 2.32956 1.30641 7.2092 9.46901 -1.26904 4.28648 3.01448 3.60451 5.23852 7.00504 -1.02812 -3.08667 4.64814 8.18605 
5.65132 -0.990766 3.22336 -0.703781 4.2059 9.92863 -4.33752 0.669496 5.54821 8.2631 1.47737 3.89582 1.16406 3.855 6.37201 -4.0342 1.10152 5.32422 8.64416 -0.0582001 -1.99173 -1.18951 -0.121685 4.32794 4.21685 4.05691 2.4381 4.3679 -3.68119 2.49882 5.38366 3.03912 -0.798988 -3.40605 2.87364 2.07404 3.04689 8.71002 -2.537 -2.99047 -0.123165 4.02865 10.1621 -3.69646 -0.779534 -0.378296 -0.395717 -0.231072 -2.55239 8.9138 
0.464523 -4.08831 2.52559 10.8812 -2.90047 4.64069 -0.439017 -4.99371 -5.13409 3.03678 7.19876 6.05873 5.06143 -0.514431 -0.548399 -2.5976 2.17833 7.59881 -6.55431 3.93517 5.64077 5.64131 7.7538 6.10164 -1.82994 -3.13878 1.81782 7.29818 4.27156 4.08834 -0.31554 -2.4124 5.34192 5.6235 3.49145 7.10741 -4.48695 -1.19879 0.937457 -0.975551 4.08511 2.55552 -6.83743 -0.127187 1.2944 7.48975 3.02748 3.75068 5.78911 6.54214 
1.93548 1.65572 2.41242 7.77781 -1.76124 -6.37852 -0.224936 4.31846 -0.978227 1.3372 1.84514 4.26823 0.181694 5.55773 10.1749 1.29472 6.52852 10.8786 6.33109 1.69373 1.67374 -4.60245 4.4083 5.89987 1.12548 1.61377 4.39284 2.55504 -6.62381 3.04495 0.63074 7.08628 5.76047 -3.36459 0.0593486 4.70609 1.47104 1.14015 6.24449 3.174 -1.89223 -2.61685 1.83467 -1.01804 1.38506 11.3761 -0.0765132 0.90449 5.14812 0.698116 
1.48527 2.49367 1.37829 -3.72205 -1.99377 -2.77981 7.05398 5.05636 -1.29733 1.95671 8.14907 7.54314 5.43569 9.03881 4.47188 -1.05243 5.22416 -0.259146 -4.50234 -2.50801 2.23467 7.11538 6.93523 7.04717 0.355213 2.31266 2.34219 -4.94689 0.461723 4.55185 4.39915 -6.39073 -3.14931 2.4826 2.70289 2.06165 6.5826 4.05192 -4.81979 2.74696 1.84591 1.10795 4.05779 8.343 5.65133 -5.20015 -1.37396 -2.13086 11.1249 6.07122 
-1.48581 7.1474 2.99817 -1.66577 3.25551 6.18065 2.62143 -3.94801 -0.237447 -4.88165 12.9502 7.25735 2.57952 7.06655 2.68434 3.26316 6.31626 2.41424 -0.961741 -1.16943 1.37011 10.9296 -1.10634 1.2261 0.798315 2.62217 4.59283 2.98802 0.55323 8.96939 -0.0111793 4.28342 1.33862 0.0503148 5.67666 5.02087 -6.32581 0.645654 0.699265 0.852131 8.80886 0.568215 -3.97134 1.32458 -2.87183 -2.13344 1.02106 4.35519 8.69145 -0.166443 
0.342892 4.93211 2.9099 -2.41137 -0.101336 6.8356 2.50442 2.91441 8.66115 7.09573 -0.38357 -5.81861 -2.32553 -0.865739 11.3808 3.89404 2.87937 3.86158 2.06683 3.42677 6.68937 4.07047 -5.29105 2.71503 5.99554 5.30717 -1.3117 2.11058 5.74368 6.54061 -4.38968 0.210488 1.62913 4.90687 -0.22705 -2.33058 0.938002 2.34127 1.82107 4.64424 -5.80817 3.15111 -1.14185 2.71626 4.49903 2.88126 4.32223 -0.290927 -5.57677 4.2662 
8.05048 -1.47753 0.457475 1.4795 1.65839 4.07228 10.1642 -2.93528 7.15821 1.3618 0.530722 1.27042 1.14573 2.19171 8.92972 -1.4635 2.55356 -1.18359 9.9242 -1.55646 -5.24553 -1.19195 0.944307 -2.23552 7.42591 0.05422 -0.632551 -0.607596 7.84291 0.699557 0.416055 -0.875028 6.82529 -0.170365 -1.27104 1.51674 4.47775 3.59701 -1.98066 -2.02004 -0.417244 3.46225 9.78067 4.63075 -1.95411 2.89937 0.316989 2.74192 1.3642 0.537485 
-0.70111 0.826791 3.90567 9.25419 5.47374 -3.37668 0.84451 4.59796 5.54984 -1.47081 1.55447 2.22763 7.48292 7.50492 0.0600191 -2.10986 3.97499 6.7323 -5.8161 -0.172668 1.38302 7.50219 3.66521 4.40676 3.25408 -0.845206 2.50565 5.84738 5.01234 0.173974 0.0931059 3.11937 7.11801 2.47824 3.5649 6.92799 2.14576 -1.83646 1.70318 2.47174 5.72308 4.55112 -4.47111 -2.22092 -3.71808 5.91439 4.2121 0.360698 5.40507 4.83374 
-5.59513 0.367041 7.97574 -5.34059 2.55764 -0.693342 8.20658 3.78295 -6.24199 2.23592 0.213916 8.90013 -2.83224 -1.46245 0.805633 1.80378 4.58934 -2.05173 -2.30031 -5.93601 2.12499 4.09246 -4.3237 3.32909 9.27935 6.1904 4.87635 -0.858579 -4.00046 1.27657 9.02913 4.30833 -3.58759 -0.628005 2.80616 6.08578 -2.93367 3.4069 5.38873 5.22504 -2.28601 -4.32439 -0.493414 2.82232 6.14735 7.04861 -7.43449 0.759544 2.51338 3.04811 
-1.28522 -2.79649 -1.71563 12.056 3.74779 -1.87768 -0.0718826 -2.81267 -1.81847 -0.414954 6.70849 1.00191 -3.33817 2.64232 9.19292 0.131953 1.33023 2.60352 4.79896 0.745124 -0.0633669 7.5611 8.61992 2.04175 -0.71047 -2.00389 4.70102 4.14817 -3.52338 -1.337 8.69068 3.08052 2.18362 4.41846 4.86638 7.48145 2.7271 5.00872 0.963508 -4.08375 2.81238 4.86303 6.03531 4.35658 -6.6128 -4.88824 -0.299119 6.16732 0.805464 -2.95846 
3.57297 1.29801 0.0570513 3.62906 6.07184 -1.44922 4.67186 10.2938 3.4355 0.391998 1.67586 -2.99412 0.973497 9.88026 2.50249 -3.86125 4.36677 8.30787 3.53157 2.73168 1.98189 -4.20945 -4.3778 -1.75444 1.96599 5.5595 1.28977 -2.36877 -0.161683 -2.32144 2.02663 7.14705 -1.90183 1.67859 9.28408 -3.23688 3.44595 4.92875 4.6574 -0.89046 2.24653 7.49359 -2.39478 3.12994 -0.728784 1.22322 2.68127 6.92024 0.0182373 -2.64582 
5.04218 9.63866 3.08536 1.13526 -0.460134 1.2791 6.86702 5.25613 0.749705 6.1933 4.22868 -2.89904 -1.74067 9.29136 0.133113 -0.364273 -0.0942567 8.73896 5.13806 -5.60362 5.14719 6.99359 -0.105763 -0.0890324 -0.00657242 5.95913 2.53017 1.78142 5.21603 2.54511 5.44149 6.9525 2.18981 3.37919 11.3671 3.29779 1.53301 1.1753 -0.79953 2.44657 8.15791 4.67178 0.388966 5.36431 6.36748 4.03133 -0.764826 -1.8525 -1.43308 1.57153 
-0.153936 -9.08007 3.37559 3.49314 10.5949 2.34331 -5.28817 1.48552 3.08094 6.25261 0.189536 1.95262 -1.13003 2.42659 3.53104 -4.52232 -2.69043 4.80955 1.08559 -2.8976 -0.240322 4.60125 7.68076 3.38578 4.18282 -2.55083 -2.78909 -0.966816 10.8324 0.341459 -3.95474 0.635362 9.35336 4.2146 -4.86735 -0.817289 -1.03154 8.94572 6.91874 1.07201 2.9258 -5.53702 -0.0203851 5.60401 7.80548 0.415829 5.02249 3.68911 3.3144 4.73377 
4.1762 4.38241 2.41457 2.93569 5.18733 -2.68591 2.76322 13.9084 5.02267 -1.18394 2.8793 3.99421 4.05585 0.29421 0.159786 -4.61096 -3.6781 -0.729264 4.75691 0.123244 1.13861 4.71555 9.44071 -0.681304 0.483124 0.185437 2.3335 6.30557 7.15253 -0.151798 5.37841 6.14084 1.41355 -2.72115 4.01442 3.29642 4.66646 4.83468 -7.26374 2.18348 7.35222 3.26573 2.91195 7.85262 4.79085 0.726467 7.67024 1.76445 -3.68768 5.66899 
4.12869 -2.89783 5.48714 6.54545 1.52619 -1.5098 -1.66944 10.8202 8.12618 -0.159701 7.87241 1.59274 -3.91082 0.857368 5.5224 3.23231 1.90406 2.3811 8.49628 4.69781 -1.22241 -1.22811 -5.5093 1.66301 0.721052 6.02517 8.44394 -6.58876 5.66476 6.94106 2.56308 -5.12282 0.614667 -0.920627 2.83955 1.66096 -7.42773 0.212965 0.699938 1.14824 6.23708 13.9319 -0.688373 -0.0968907 2.84448 3.30366 1.50088 -1.09601 3.6295 6.91823 
-1.87338 5.40033 9.15999 4.56311 -1.74936 1.32625 5.30444 10.5343 6.60212 -2.53157 5.10745 1.85356 2.89768 1.12663 7.09405 7.52161 2.08428 2.96876 -2.31714 -2.51266 -0.367598 6.31132 1.94178 2.08215 6.60317 -8.65502 1.43647 1.61352 2.12506 11.5514 2.04515 -0.142118 2.71964 4.50375 -0.314088 -4.24251 2.35853 -0.147515 1.64273 9.46384 -6.16641 1.17019 0.548829 -4.01098 7.60877 6.04436 -3.31043 1.41072 3.67287 2.39804 
1.44251 3.01267 8.34608 -2.45171 4.2368 8.37884 -3.51634 -4.44723 6.24829 6.7136 2.77495 9.03928 5.85205 2.06737 1.96423 -6.13413 0.520657 4.09787 3.48691 0.235328 1.95701 6.86131 3.43273 -3.10494 2.13518 -0.473528 0.960426 8.03741 -2.93635 -6.5288 1.67819 0.414234 7.93228 2.06644 -2.59679 1.04501 5.70072 8.53481 0.729085 -0.317597 4.39644 7.3582 4.99533 1.69245 3.9238 -3.70308 1.69847 -1.17913 6.44873 4.67223 
2.65638 7.78056 7.99671 1.90291 3.05665 -4.78302 1.76054 -4.2669 -2.58368 9.84509 -5.16468 5.20933 2.91965 6.13964 -0.804624 -2.24989 -0.389358 4.54077 5.98269 -2.01985 2.57937 7.61766 -1.19337 2.58617 7.06946 8.67473 0.425012 -0.967689 -0.564282 5.09884 8.35443 3.03487 0.915715 -2.31755 1.69689 4.78391 4.56052 -3.61788 -3.8073 -8.1883 8.57503 0.695265 -2.25099 -0.669126 7.6276 9.91561 6.36927 5.43803 -2.46747 0.0719264 
7.93117 1.84621 -8.25662 0.134844 7.55419 3.76023 -3.58619 -2.56242 -0.904422 2.57151 9.69182 -5.44547 -0.438053 0.507753 1.71518 3.15824 5.21064 3.20857 -2.54137 -0.349263 0.524347 4.63933 9.57333 -2.87848 3.72705 -2.92689 0.308529 3.02967 7.13387 6.5393 -3.98788 0.196075 3.2523 9.886 -0.721038 0.836475 -3.01494 -1.94514 1.00242 8.4136 -0.472019 -1.78409 0.989905 -2.61076 -1.55132 10.945 8.29829 6.24936 0.900001 -0.301366 
-9.37583 2.59471 3.07974 1.4909 3.96365 1.84979 -1.94832 1.74551 5.10481 5.69907 3.48506 0.16094 6.34148 11.5851 0.0223997 4.45521 1.15966 -0.467232 1.53706 4.42652 5.79297 9.35943 5.0496 -1.63761 4.57029 7.91562 3.42555 4.3551 -5.43599 0.131115 -1.00284 2.44571 1.47086 10.8839 1.54303 1.12967 0.571431 0.738147 7.68415 8.3801 -0.00949934 5.5633 3.02736 -2.64989 1.23326 3.15152 8.41227 4.34926 6.77206 -0.70029 
-2.16837 -2.12381 -3.19215 2.095 4.46096 -2.68023 2.8126 5.77019 5.3121 -3.65707 0.227802 2.15155 7.07081 -4.67663 2.08025 5.91629 2.17694 -2.8072 0.92177 8.14754 -7.66469 -1.50403 0.00102068 2.86943 4.40344 7.00309 1.55049 4.91686 3.90887 3.03842 6.45744 8.0914 -4.99137 -3.74711 -0.382593 -3.30429 7.06825 6.64284 -7.2233 -0.362099 2.8069 6.64084 -0.699558 1.00938 -0.293692 7.40378 4.52977 0.232227 9.10639 2.39215 
2.26726 3.57411 0.988082 2.03544 6.90187 6.44138 -1.646 -0.137372 -2.77722 2.896 3.63312 5.22061 -0.853195 -4.16496 -2.2961 5.99982 2.98885 2.31037 5.92298 9.34081 5.38595 -4.36937 6.02271 7.2656 3.06951 2.09263 3.40562 9.43823 1.11366 -0.902841 4.3783 -2.12619 -0.336455 1.64623 1.39047 2.26134 1.6785 -1.54215 -3.49202 -5.64572 5.27317 2.70009 0.0428515 1.69075 8.08314 -1.25501 -1.90235 2.06469 6.50601 -0.394279 
2.60737 9.98919 5.87138 -0.818396 -2.6373 -3.07279 -3.30956 3.22839 7.29881 2.99023 -0.132835 -0.964357 0.480857 1.09943 4.06725 6.93571 5.01107 -8.46269 3.17211 1.00332 -4.33911 -0.960714 1.69008 11.8234 3.6962 0.80526 5.22848 -3.66744 0.458463 -2.12224 2.03339 6.02819 0.656826 4.43331 3.20637 -1.37155 -0.408647 -1.26973 5.69752 -2.26375 -0.361663 3.68284 8.94536 2.42686 3.04451 2.77192 4.00751 7.71128 -0.958595 1.54443 
7.36113 -2.45353 -4.01262 -1.43511 3.78996 1.67898 2.58601 5.38477 7.2703 0.0507241 1.94669 2.37601 2.74166 4.57685 -2.04613 -6.4585 1.30137 -0.987988 -0.25663 4.88851 5.45537 3.45172 6.86941 -0.820705 -4.19538 1.65897 4.22196 5.90924 -1.11593 2.72978 5.80597 7.98851 -3.70909 -0.980672 2.14095 6.21512 6.18348 4.38323 1.65359 -0.648137 2.7749 8.40864 -3.56267 0.0268199 -2.55492 9.06052 -2.30988 0.510701 -0.559151 -2.27693 
1.14683 -2.63238 3.53663 8.28869 9.56012 2.0285 -6.6232 0.171242 -2.32465 -1.52696 -0.872459 5.90055 -1.07702 -0.188097 -1.58392 -1.03027 3.69492 3.53963 6.86705 0.547611 -7.45944 -0.599571 1.75113 2.61371 1.919 -0.156748 2.38024 5.52584 1.54394 4.82365 6.11715 -3.7667 4.72286 1.36735 10.1105 -5.10542 1.67793 -0.542564 4.09266 6.66386 2.6128 -1.80982 -1.60569 2.83487 7.44907 -5.34888 -0.801169 0.390687 4.97437 4.92768 
-0.164528 0.710362 4.18609 4.30653 -0.509968 7.11967 8.55501 -1.80929 3.66386 4.65498 7.25245 1.39032 0.391077 4.32735 4.46273 0.665009 4.15538 0.550915 -6.15652 0.780495 1.08527 -1.24821 1.58132 7.97413 8.46337 2.14564 5.47614 -1.99434 0.0584489 3.48896 2.73774 -0.771508 -0.19449 7.14325 1.54791 4.94274 8.80035 3.22094 -7.66246 -2.91481 -1.12043 2.66343 3.31812 6.81686 10.842 2.45035 4.22135 3.39163 -4.06077 2.7772 
7.18383 2.7296 4.88346 4.15514 2.49291 1.81058 -1.07343 2.90317 1.54775 11.5945 2.60315 -2.37183 -1.40361 2.8402 9.95145 -2.42247 -1.14643 2.32512 1.85779 1.54362 7.05009 7.86248 -1.48429 -3.57363 -3.92869 -4.92917 -0.140065 5.22109 4.23482 4.77929 1.64653 -0.590019 3.05627 10.7563 -3.76659 1.86705 3.52767 1.29836 3.19344 4.88789 2.76092 3.06786 7.36308 -5.92477 -3.72886 -2.68146 2.11149 4.13688 3.81457 5.8108 
5.43677 4.88108 5.27923 3.03416 2.34601 2.9229 3.0538 5.09242 1.82862 -7.16624 5.92578 7.49471 6.64155 7.01277 2.47668 -0.451386 7.72439 8.79333 0.667863 3.85398 -0.552463 -8.66344 -2.34724 2.55005 4.91275 -1.66801 0.37149 2.24226 11.6282 -1.69598 0.810671 3.10169 5.6694 -5.05526 -0.821022 1.61851 11.2547 4.64897 4.68332 7.46833 -1.75779 2.2978 0.190302 -0.710698 0.979935 10.6726 14.4036 -4.51774 1.5832 2.42766 
13.3962 0.92139 4.72332 6.84137 -0.0983414 3.36767 3.32454 -3.3157 -2.18974 2.00192 1.8197 1.62986 9.07182 -1.06568 3.7421 10.5416 -4.87053 0.100294 -2.39626 3.24267 3.33137 -1.70137 2.45501 1.39249 9.48415 5.73414 2.7546 5.60466 -0.59103 -2.32034 2.48044 6.06094 -2.64642 3.23842 5.92528 9.18152 -4.68901 -3.68038 -5.33685 9.35085 5.86844 -2.88106 -0.942822 1.00544 1.59796 8.23369 6.14575 3.14735 -1.94621 1.91471 
9.17089 -3.69141 3.09566 9.35224 1.81681 -0.1993 0.738894 -0.0990418 0.499559 4.27693 8.37532 2.27054 -1.79976 0.762089 7.10734 11.1149 5.26772 5.27458 -1.99296 -1.54005 2.27629 3.32985 4.5183 8.42942 -0.0718309 -3.12828 2.98901 7.36236 -0.437705 2.69885 7.88225 6.77712 -1.58166 3.70703 -3.9898 -5.9761 -0.735889 1.14693 3.32128 5.92494 -3.62478 3.14362 -0.52047 7.29008 1.28772 -7.54804 1.32598 0.481309 0.791124 4.62771 
-2.94086 2.42279 -3.63863 2.61148 11.3509 -2.86846 2.85748 4.04217 2.36553 3.74659 -4.30601 0.0230308 -2.73712 9.02643 -5.39281 -1.35947 -2.44789 -4.20004 4.83097 6.42854 3.21874 3.29995 -5.068 7.59317 1.05647 1.27322 -1.15397 9.99207 5.23395 -0.952228 5.93785 -2.41234 -0.0813662 6.84295 3.81456 2.30339 -0.380432 -0.305996 6.69975 3.48894 -1.24883 4.31481 6.304 -5.58552 5.0554 2.33547 2.43502 1.19343 7.29648 -0.900961 
-2.15934 7.15075 14.0238 1.79508 -0.658993 1.87447 3.93983 0.762867 -2.834 6.09121 1.61714 1.87189 6.62772 6.92897 -6.05473 6.79833 1.0562 1.74806 0.704834 5.8237 0.120679 -8.43797 -2.87984 4.34751 4.3873 -3.68331 -0.878241 10.6669 0.694756 2.08368 9.32701 10.0267 -0.383203 1.83975 1.79277 2.2993 0.729548 7.07822 0.842821 -3.65469 0.877269 7.95235 8.87622 2.34744 2.95287 -0.457986 -1.25091 4.01845 1.77109 -3.60693 
0.999471 1.55353 12.1992 6.8546 -3.84946 2.93275 -3.31169 0.721525 4.11834 6.71409 7.71074 2.55071 4.31799 3.59429 2.66886 8.01332 0.0724628 -1.056 6.63532 4.60546 -2.39841 3.66946 2.0492 1.48872 3.7248 -2.55577 1.11055 5.73562 10.1248 -0.771977 6.48135 -0.86718 1.3538 2.15456 5.81816 7.46778 -0.246846 -2.05496 -0.831886 3.26592 9.42913 4.3235 -0.346918 1.19828 6.7984 8.01748 -2.36229 6.85409 1.89006 -1.20134 
2.68599 3.97277 -7.2576 1.32851 -8.82376 -4.99255 12.864 4.35311 -3.00501 -3.59146 -3.46183 -1.69894 5.1189 4.21458 -4.77432 4.26027 3.42463 0.119446 4.31299 9.81919 4.82998 4.86931 3.00201 0.430272 3.04919 7.38069 6.45014 7.6577 -3.4358 -0.753677 2.49854 9.8111 2.98844 3.33935 0.583934 -3.80665 -1.46877 3.37691 9.13721 1.75649 -5.52946 -5.10801 0.156561 4.28879 6.78329 8.63697 0.71509 3.77615 4.627 0.179787 
2.75263 5.43123 5.90301 4.58505 -1.06215 6.13673 9.79856 3.48216 2.8462 6.77332 1.39139 0.495656 4.98846 -0.0168663 -3.19613 1.49414 13.6348 2.74455 -5.42067 6.08611 0.497758 2.85594 12.174 -5.25578 -3.80909 1.00703 -4.35607 -0.47891 1.71434 1.73383 3.27362 11.4184 0.249154 3.37905 3.98729 1.94922 2.7057 7.57059 8.08666 1.24012 5.81727 2.13289 0.66552 4.82072 6.00693 -5.17851 2.08622 8.8255 5.59095 2.32611 
2.47521 11.847 0.614434 4.15712 8.12491 3.17774 -6.1502 1.80234 0.141579 8.69718 6.04429 1.1157 5.78435 2.37825 1.32223 1.82899 12.0323 2.08699 -2.86653 1.6027 5.5867 -5.1495 6.90368 -3.3115 -3.17719 2.76438 6.19443 7.01764 9.22367 5.77529 -3.93997 -3.45722 -2.1964 -4.10922 5.36256 11.2152 -4.77078 1.28988 1.43463 -0.492373 10.2876 3.44544 -4.26969 3.7554 0.975633 2.92492 -0.314684 1.31567 8.52987 -0.389366 
6.27525 7.61678 -4.34578 3.41249 2.55992 -3.92287 2.8693 5.00729 6.26687 -0.63662 -6.81006 -0.165433 7.7137 6.97638 -1.82752 5.84502 0.96613 -4.30817 -0.48005 9.62343 8.13184 -3.40408 5.70462 0.125974 2.60799 8.88916 -1.34322 -8.23051 1.31783 1.36273 1.40927 1.79885 2.53705 0.610102 1.65821 14.6903 -0.623166 -5.89694 6.07546 5.66335 -2.06853 -3.1537 -1.83098 5.1234 7.40296 -3.94228 3.36541 9.49287 7.2261 1.9602 
4.22741 6.02569 -0.271804 7.14481 0.432987 -5.58519 -5.59005 5.09757 3.4389 2.20512 0.700105 0.84688 4.56586 13.0742 3.05141 -1.32142 -1.93531 0.630064 -0.592193 5.44601 -0.10299 -5.20097 -5.4259 7.65293 6.12319 -2.47593 -3.3046 2.12624 6.4308 3.6841 6.36165 7.61696 3.68722 1.2991 -2.30281 -2.24507 2.09217 -5.76784 2.39604 5.07943 -2.82471 3.19505 8.57708 0.113724 -3.95394 0.634439 -3.17888 10.1903 5.1006 -1.295 
-1.45169 8.10685 2.54524 -1.6091 3.73223 2.48628 -2.46406 0.318352 3.87257 7.31345 -0.288024 3.43417 9.00081 -4.39343 -1.60468 0.032615 10.3632 0.753396 3.57259 4.23369 -0.253813 3.14602 -3.1569 -3.2562 -1.03051 8.97844 9.08614 -6.65628 -8.46063 -2.71313 -2.9698 1.74491 2.60222 1.67066 1.27828 0.738259 7.62566 6.25659 5.35801 5.63969 4.88285 5.83823 3.70454 1.5527 5.76738 5.07064 4.11264 4.72422 -3.51074 0.27057 
5.40257 -2.17766 -3.54699 0.489266 6.95674 0.968305 0.382284 3.99498 8.14724 0.795514 -0.982037 4.75114 5.92623 0.0144537 3.74866 10.1048 -5.87774 1.91847 -4.00878 2.31116 8.75468 -0.517981 -2.08242 5.17077 5.32879 -3.0195 -3.69363 7.29724 5.46283 4.06196 0.473758 1.80244 5.22134 7.58221 4.20241 8.57083 5.29179 -9.73528 0.758977 -0.37303 10.9855 9.32441 3.06666 5.94125 -0.413089 -5.10336 2.29045 2.77547 3.17935 5.4093 
1.81995 1.54484 1.98819 0.204693 7.25165 4.42743 -0.592903 4.88863 7.25391 -2.4399 3.13536 11.5013 1.92071 -1.16734 6.11106 0.701509 -0.686538 -1.23936 11.6539 5.7354 -0.895099 0.904556 2.4787 3.05212 -2.6222 -0.670885 1.02285 5.12869 4.94079 -5.22038 1.48293 -0.300658 9.56518 0.159946 -1.37758 4.21102 0.736896 0.15619 -2.31889 -7.17405 0.599217 8.63653 1.52219 6.7589 4.08085 -0.993941 1.29682 4.23098 5.82817 -4.27572 
3.4497 11.7202 3.68056 -3.56868 4.79147 -0.307426 2.36178 7.00383 0.452955 -4.31226 -4.79156 8.43547 6.90091 2.49858 7.47176 1.73943 0.664207 3.97425 11.1926 -0.304747 4.46365 8.55992 0.892269 -2.21134 2.86134 4.99527 5.14823 1.81643 -2.06255 1.23585 1.85721 9.79062 -0.864293 5.73699 2.50972 4.91568 5.59531 0.83025 3.39008 0.450186 2.20308 -3.04091 6.60463 5.89504 -4.87568 1.5592 6.9726 4.56449 -5.12199 2.21115 
10.5424 1.06289 2.97057 -1.96676 1.47088 5.37654 6.08584 -0.312672 0.593585 1.44241 0.0378153 -0.371619 8.70174 -0.532317 -6.4796 0.443198 8.78448 10.0975 -6.64711 -2.28632 2.79631 4.74735 -3.64913 2.07295 5.90971 1.3779 -4.01025 1.77755 0.970563 6.14041 9.12771 -1.21872 -5.41964 2.58957 8.94864 -0.292918 1.81212 5.62252 8.1857 -0.246017 0.105554 3.29361 3.87546 -4.42682 3.4291 -3.41193 2.92085 3.88255 -0.56874 0.646005 
5.0784 4.48865 -3.34439 0.892954 5.58203 3.92719 -4.96793 -1.76966 1.68666 5.70837 -5.30518 -0.333136 10.0114 3.6044 -0.121355 2.27533 4.28213 -5.78131 2.66411 -3.55982 1.32585 6.92414 2.48169 4.0678 4.09406 -4.04097 2.5663 3.8637 2.52495 -2.93015 -5.25205 1.18433 -0.190875 2.35629 10.1204 0.551758 4.0669 5.03109 -4.94293 1.84364 5.1704 4.06015 -3.391 0.775658 5.77405 6.33858 -0.457625 0.497022 -4.1398 -5.35228 
2.59738 5.92899 0.145382 3.93994 7.20221 -0.823868 4.7727 3.28856 2.59785 5.14802 -1.5908 1.35607 8.02307 -1.83981 0.740741 -0.170827 8.93038 4.11669 -3.73821 -0.179538 3.83742 8.05667 -0.954454 -3.0108 4.50701 2.97922 4.3136 3.43272 0.188652 6.88625 4.36271 1.03262 6.02965 10.0231 -2.22285 -5.75902 2.68909 7.25176 1.43593 0.769818 5.27753 -0.017371 5.28065 5.59274 5.86153 -5.76315 -0.803731 2.84801 0.430761 1.86891 
8.33749 8.38418 4.43006 6.54034 7.6454 0.204587 2.47204 4.84849 0.978694 0.424668 -0.107592 0.900337 8.3901 1.80327 -1.61596 1.64092 5.73736 -0.998144 5.82685 8.66283 1.70527 -3.99051 -0.641544 -3.19828 5.50287 6.2103 -3.3501 1.35353 5.54828 9.4935 -1.88687 -0.173369 6.33535 -2.55921 -3.87101 -2.6318 3.59956 5.66948 -6.30235 2.18477 7.61694 5.44388 -3.02625 -2.93595 -1.63655 -1.27381 1.46291 7.60743 7.60004 2.81235 
-0.987339 11.8279 5.40227 -0.256035 4.01223 3.92957 4.9121 4.41455 -1.09297 5.25383 7.77526 2.21728 -4.86294 -1.38311 0.193232 6.90107 0.426215 -8.7639 -3.81276 3.26988 1.97702 3.44962 4.62235 1.9849 1.25358 -0.563887 -1.66791 -3.89329 5.28384 3.75294 -0.983436 -1.8271 0.786861 7.66888 -3.47641 -0.338619 3.99908 3.88038 -6.13976 -1.79247 7.81196 5.74681 2.27095 0.30021 0.268507 1.52632 3.66607 8.53293 -4.32048 2.57737 
9.0975 -2.06837 11.9689 6.82421 0.469179 6.20993 -4.50797 -3.78783 -2.12395 4.55956 2.76741 -1.94205 4.99548 7.77808 6.08766 3.13913 4.24134 2.23527 -0.324499 1.0034 5.52919 9.39411 -2.82673 0.773007 2.32718 1.32529 2.50186 -1.57402 -1.52424 2.52042 6.59436 2.11496 6.28771 2.95025 0.211645 5.32291 4.87925 -0.685569 6.44531 -1.85557 -2.15767 2.46558 9.72078 3.17015 2.78269 6.41855 2.70618 -2.39595 -0.0154427 2.14553 
5.70015 -9.97939 4.21508 3.70163 3.85843 9.83361 1.5259 0.505421 5.65895 8.7778 3.29661 4.29251 8.65309 0.996167 -4.36453 1.8602 8.64847 1.69992 1.60182 5.954 1.73626 -2.91887 2.14154 2.24345 8.81311 2.63339 -2.41146 0.974681 2.68745 3.85945 9.14627 -6.51694 0.0730881 -1.37233 4.97931 12.2456 1.2743 -0.225152 3.14568 2.36661 3.19261 8.81301 -4.22299 -3.82195 -4.41482 5.88168 2.27495 -0.959711 0.429934 7.66256 
2.27649 8.71936 7.63125 0.503356 4.99119 -1.07476 4.57083 11.6136 0.0289264 -4.34213 -2.10118 1.57957 5.18215 0.106313 4.58265 8.79261 6.9337 -4.21471 -0.264403 6.08537 4.22333 -4.32256 2.87624 5.10059 -4.68542 -0.0771798 -0.754617 4.41604 4.22197 -4.12094 -0.519151 -0.779883 0.639768 9.38501 -3.47752 -0.882512 -0.290808 -3.54311 2.07283 6.52471 -4.35533 2.09394 -5.39514 -4.3582 0.776714 7.49385 -2.39773 2.88689 4.43216 5.42542 
5.54241 4.39601 -2.5737 1.33323 7.63408 6.2083 -5.87994 1.26686 -3.18584 -1.65673 9.45979 11.125 -0.433198 -0.203955 -2.65552 2.77483 -1.35418 2.05502 5.30491 5.20455 0.230974 0.821154 -0.444524 6.84641 7.30941 -1.16539 2.05302 -0.0634751 -3.23223 0.250825 0.242008 4.47935 10.6789 -2.63128 -1.4325 1.47283 2.01711 1.32602 5.5046 6.71632 -4.11184 -2.91887 0.355891 2.07 2.71037 10.5318 9.54431 -2.09063 1.7752 1.37528 
