0 0 0 0 0 0 0 0 0 0 0 0 0 0 0 0 0 0 0 0 0 0 0 0 0 0 0 0 0 0 0 0 0 0 0 0 0 0 0 0 0 0 0 0 0 0 0 0 0 0.01 
1.51128 3.82303 4.69581 3.40271 2.89233 2.97501 3.29142 2.76268 3.4706 2.6423 2.53878 4.30106 5.24757 3.13551 2.17836 3.38049 3.33019 2.0136 2.63628 2.73144 3.3547 3.97508 2.88582 3.06594 3.00922 3.34278 2.53054 3.17686 3.70214 4.38894 3.91037 3.50279 2.59752 2.49081 4.18037 2.76335 3.09102 3.4534 3.89612 2.41018 2.34355 3.73738 3.47995 1.60328 1.90442 3.41747 5.1646 4.0455 1.58345 1.97273 
7.79089 -1.92697 -1.01863 0.83811 4.95329 9.47054 2.03382 -0.215183 3.62883 8.10521 6.48014 -0.925953 0.272154 2.01204 6.92594 7.81593 -0.836735 0.910686 4.30953 8.77946 4.54195 0.998364 3.19959 5.85488 7.336 5.05374 5.94124 6.51663 2.0298 0.697313 1.93122 4.95549 6.84803 7.67065 5.67303 2.18819 2.06257 2.5054 3.06971 4.3605 7.21989 5.13666 -0.246504 2.76453 7.58488 3.52228 -3.19128 1.40862 3.40355 8.00113 
-2.67341 -1.69766 3.78627 6.46278 1.61542 -5.59258 2.94593 -1.3081 9.28221 -2.10561 -3.33174 -2.18443 5.153 5.30666 -5.92106 -3.22803 -1.08144 5.42156 4.94373 -6.35267 0.478669 -5.074 4.85409 3.62642 -9.5184 1.158 9.73907 2.14869 -1.20871 1.85952 8.39088 -3.13739 -7.47421 2.78917 1.34816 2.94472 9.90543 5.49607 -4.50795 0.227282 -0.582414 0.897927 0.25031 2.98362 4.51822 -2.04298 4.03719 7.08979 -1.70701 -6.55668 
5.65231 -0.606944 2.46997 7.76412 2.09257 4.66583 7.10591 1.8132 -1.98607 -2.18442 1.96146 8.09549 -1.91939 -0.31376 -3.08025 -1.89539 7.14626 0.844575 -3.43544 -0.05188 2.66166 6.42875 -3.36905 5.11478 0.472403 -2.82144 -3.60164 -4.3362 -3.10757 4.19452 4.93909 1.4007 6.97976 9.0346 -2.39846 2.1342 -4.57424 2.5115 -1.48511 -0.485671 3.04055 7.16788 5.16768 2.13859 0.238647 1.31064 5.95184 -1.25808 -1.8978 3.69164 
4.64317 -0.474659 3.46724 10.4383 -4.875 1.4608 3.87045 3.49243 3.27848 2.63121 4.67573 7.69465 -0.878553 0.276439 -0.84879 -2.58345 2.76739 3.73643 -2.58308 1.12481 7.46688 8.25656 -1.80075 2.23583 0.243853 1.3784 1.44213 0.624771 0.25128 -0.979511 0.905476 9.47932 0.905412 6.2114 2.5068 3.91184 8.06085 -1.08873 3.69808 4.38191 6.45918 1.75305 -4.02063 2.76714 6.78804 4.32353 -0.65438 -2.22083 1.05121 6.05251 
-2.63593 -0.0838536 2.47524 11.1314 6.17486 3.03801 4.69656 -3.24999 3.53033 7.60499 -1.46234 -4.88572 -0.389923 3.15635 3.63077 1.32983 3.96389 3.62167 -1.73124 0.737114 8.90038 -1.52703 2.73517 1.87234 8.41952 2.56869 0.588475 3.77524 2.64559 2.25037 6.41523 7.38859 -7.40745 3.67214 4.17892 8.3436 -1.04638 2.41996 5.64006 3.17843 -2.33223 5.5039 5.0886 2.17358 8.27956 0.410089 -0.778203 1.41091 4.59105 8.28794 
2.08496 1.87164 7.0973 -3.4201 -5.29236 -5.38689 4.25145 8.41463 1.84448 2.75877 1.10312 5.80372 10.3264 3.03872 1.82707 0.998118 2.23586 2.08107 -0.554556 -0.190094 7.22752 9.80453 -0.353237 5.2541 -1.34879 -1.43766 -0.513404 8.56681 4.13357 -4.91781 2.82611 -0.901783 3.49902 0.433511 5.71589 2.5249 -6.25423 -2.49491 7.87121 3.94088 2.33325 7.47414 3.53301 -6.03858 6.27259 4.89779 2.15014 6.0924 -1.5266 -4.30893 
2.04917 6.21306 0.0758405 -0.685852 8.74872 2.86805 0.753396 5.07173 7.21597 -0.599634 3.90634 6.22001 -5.11946 5.81423 5.85342 6.99282 2.13611 -1.22355 1.79893 4.92791 9.54207 -0.25404 0.301102 8.22808 1.76362 -2.60059 1.70068 7.37514 -1.11359 2.98643 6.35484 8.46858 2.26361 -1.69301 2.29336 -0.406306 3.36176 -2.43647 -1.68493 1.53241 5.96076 -2.10364 7.42088 3.47749 -0.727992 7.07702 0.446543 -4.97578 2.19872 2.23392 
-1.95026 -2.59842 1.43384 2.2619 7.66552 4.87415 0.581965 6.70473 1.73007 -1.42272 4.78007 4.92623 -2.67231 0.615141 11.1071 7.48385 3.94366 4.35814 3.0802 3.3738 -2.85298 5.39472 -0.494955 5.25456 6.64565 -0.171021 3.66945 10.9573 2.65804 -3.85059 3.6751 -2.18435 3.02984 3.04856 4.12476 5.052 -1.41804 0.151025 1.37955 7.01649 8.21036 -6.6345 -0.79376 0.0566146 2.83999 6.5106 0.654839 3.76651 6.4865 4.94974 
2.00073 4.44433 4.56582 6.83033 -1.66102 -4.69574 -1.83538 8.15742 3.77282 1.14595 5.87694 -2.38967 0.839787 -3.13356 -2.65615 7.46827 6.69577 5.60745 0.235057 -7.58569 -1.06528 8.92777 2.17668 -6.18593 3.64189 6.15621 4.25148 -1.46653 -5.14935 -3.69728 6.25983 9.59662 -3.27472 4.294 1.33407 0.0208333 0.36526 2.06972 5.22202 -4.72388 -4.34815 0.659462 4.12392 6.79342 9.21125 -0.559759 2.62149 5.53781 -2.43123 -3.05571 
8.64528 -1.62057 -4.80179 -0.137887 -3.0194 0.722198 3.66931 6.87064 9.65361 -1.20254 1.60023 2.95093 2.79415 -1.34249 0.609278 2.29529 9.3203 4.61251 -3.46637 -4.71079 0.133905 -0.199089 3.51218 -3.88524 -1.97084 2.70828 4.02857 -0.389444 4.1737 -1.19819 0.113406 -3.23946 10.4323 5.63357 -2.12735 3.315 5.11817 2.84395 -2.43554 -0.470176 1.42927 7.37029 2.8192 -7.75299 -1.55 -3.39661 3.40258 4.00063 -2.32979 3.15502 
4.55117 1.10969 6.90668 2.03356 -3.73557 0.0551923 7.06924 -4.03656 -2.98557 -1.6345 5.3983 4.78254 -3.48151 1.32938 4.66369 4.17772 -6.01679 -1.716 -0.99545 5.96676 1.08484 2.87576 4.88655 0.376966 3.08036 8.00156 5.56237 -0.988879 2.16172 2.517 4.48614 5.85479 -0.151638 -5.28067 4.16367 4.62842 8.23523 5.73876 1.4956 2.46796 3.17896 -1.03732 -5.14333 -0.369341 4.65139 4.98426 4.64344 3.11498 1.38233 5.07868 
-2.18618 0.943346 4.884 1.55833 3.86487 6.09698 7.13355 0.848167 -0.650646 3.79634 4.50468 -3.74616 2.57361 0.12889 6.35939 1.06344 0.637221 2.27702 6.90265 8.69872 -1.44141 2.03436 7.30933 6.11841 -2.18019 -1.43022 -1.90064 -0.426816 3.58668 6.28244 -3.72 0.943091 0.537254 0.403055 -0.866546 5.68595 0.737975 -5.22057 -0.840783 6.97795 -1.11881 0.561161 2.50254 1.08024 1.20062 10.1184 1.46663 -0.900973 3.33519 10.6085 
-4.06005 2.316 11.329 -0.313351 -1.43628 1.93145 -0.912055 1.48496 2.81626 5.66628 1.63304 0.210899 3.96737 7.52963 -3.89808 2.34922 2.73909 6.95955 -6.11075 -1.5826 -1.72428 5.64883 7.23026 -4.33325 2.33431 2.50812 3.43773 4.01029 5.12401 -0.484176 -1.29105 3.12241 7.82577 -0.64314 3.23426 6.3185 -0.00016586 3.91693 0.566754 1.70144 8.53323 8.618 3.6437 4.47597 1.87708 -1.63037 -1.20907 -0.270856 9.64599 3.37101 
5.59419 5.09369 5.91408 4.8054 -1.29036 4.8871 9.31658 4.41584 0.0395563 -2.92187 0.284358 1.91347 7.38282 -2.71786 1.08482 0.799611 7.027 -0.600137 4.62406 6.36175 5.27452 -2.57564 -4.47302 1.27708 1.24999 10.7044 -0.395578 -2.08558 2.51159 1.29399 0.9598 4.69386 11.348 0.581679 1.33098 6.46086 6.24649 5.53642 6.47753 -2.7453 -7.01092 -1.69028 -4.66757 -0.134621 4.83332 0.200164 3.12148 6.67841 3.06937 -1.13563 
7.04711 0.624302 -4.79574 2.15641 9.77949 3.86748 1.16628 1.17224 8.61003 4.86721 -0.957375 4.58098 8.86377 2.96159 6.03395 10.1119 -2.41106 -0.50767 4.23961 0.188877 -3.56457 3.25035 2.02947 0.858119 4.13171 6.86434 1.34434 4.47475 10.8432 5.39553 0.0576939 -1.69107 -4.87004 2.56544 -0.674468 8.80286 0.127238 -4.63666 4.67211 5.67931 -0.152022 1.27225 0.00582664 -0.142262 2.39637 9.37503 -3.85013 -0.608271 0.479069 1.81657 
4.78863 1.37718 3.12365 6.30943 2.91608 -5.96215 0.549376 -6.55608 4.22627 7.10941 2.30447 6.13686 7.8556 -7.37425 2.77824 6.21659 -0.749689 0.32916 6.91443 1.8106 0.903862 4.28788 11.2972 8.54617 -3.59748 0.209109 2.55438 4.52095 -2.25084 -2.63305 1.52132 5.10634 -1.32398 1.82286 6.86537 -4.82858 1.19796 -1.39237 2.12548 9.07769 1.88333 3.666 5.57086 5.61123 4.26059 0.96543 1.04787 7.05038 5.66753 -3.12634 
4.43579 7.82995 -2.26794 3.97935 -0.952165 -2.00459 -1.08991 2.49695 10.5565 -5.77726 -4.44979 -1.1809 1.70517 -2.12505 -1.93001 -3.78786 5.95754 10.6123 -0.826102 -0.750784 2.30456 5.23966 -6.77243 2.91062 -5.53994 4.97682 5.16864 -3.90329 0.444013 1.46906 7.41836 5.03971 -0.711119 3.80002 7.42183 6.54399 8.18892 8.16254 1.08604 1.15105 0.814786 4.16928 6.92974 -3.44962 -0.0238144 1.454 5.95929 0.923836 -5.35146 0.87478 
6.17604 9.53106 1.93309 -0.979106 0.640078 0.768812 2.24138 8.3596 10.3867 1.78941 1.62171 -1.60767 -0.58792 0.963249 3.35991 0.323649 0.152519 9.88031 8.05122 -2.21774 5.76102 1.20437 1.37248 6.30293 5.15776 -3.0668 7.21775 1.88077 0.059375 8.34068 -2.50301 -1.81097 -2.29394 4.77291 5.08167 -7.75185 5.53057 10.6527 4.25022 4.36949 2.56422 -1.27901 -1.99463 0.662819 0.725315 7.16427 -1.30205 -0.846543 2.31032 4.06829 
-4.96316 1.04355 -0.835136 0.540438 4.42805 7.30385 -3.44482 -5.37938 -3.81086 -4.41052 -2.35127 5.14479 5.95986 2.25178 4.45508 3.89203 5.68314 2.85762 -5.35837 1.19996 7.41298 10.3805 -1.79482 2.34729 0.800424 1.5138 8.1446 9.67735 1.57479 6.40868 5.09224 2.17055 2.91924 1.11282 -2.73545 0.949728 -4.27146 -6.9301 -4.0543 6.4421 6.79849 -0.947413 -0.383975 2.98191 5.84697 0.861125 -1.60003 1.50649 8.85521 -6.86068 
6.75067 1.08248 -2.63255 3.66292 3.81024 -7.1976 1.86558 0.772524 4.24694 -1.17276 -0.605084 -1.99556 -1.05215 10.8009 3.04737 -2.08981 -0.644704 -1.2769 1.94841 0.411039 2.14988 8.30471 3.1566 5.79868 12.0261 -7.00981 4.98406 1.8311 0.939684 7.21072 2.84681 -2.34949 4.04824 8.52891 2.34873 3.4159 1.32481 2.31508 -3.8843 0.402494 -3.571 2.65653 8.37207 0.577932 -0.55827 -1.91534 -0.0818348 5.88551 7.41484 3.79613 
5.42427 5.86586 0.871503 3.34627 0.116248 -2.13681 -2.3585 6.2305 2.15043 -1.1425 3.79235 2.84296 2.66576 7.03519 -2.04264 0.288873 0.969134 7.91266 11.2617 6.33872 0.665029 -5.28766 -3.89051 -1.80408 2.52112 -0.0407961 1.32298 12.1305 1.52319 -2.75824 -0.353926 0.700468 1.11485 9.44133 0.191827 -2.22998 4.0862 3.08846 1.12136 5.18809 4.80587 3.91534 7.11493 -0.203542 1.68114 3.16539 5.05468 8.90899 -0.908272 -2.34818 
0.658625 9.29989 2.83786 -1.70061 1.62543 1.22414 0.895981 5.87067 7.65229 2.75511 5.57188 5.02455 -2.91817 3.31462 1.36099 2.75722 4.79501 -10.9495 5.25803 -3.74021 -3.30296 1.93679 1.77852 -0.379778 1.44024 5.20664 4.58439 -6.57762 0.00489645 1.03696 8.40175 5.69898 1.92286 -1.33321 -2.99461 -1.71555 8.92737 10.4286 -2.34834 3.3169 2.68696 -0.422962 1.48958 0.0247752 1.73076 7.50437 -4.84373 -0.327693 0.0909478 0.0482219 
3.234 7.87592 -0.756366 3.26247 8.57265 9.20078 -2.20759 -3.67735 -0.377139 -0.00822609 5.10171 2.81372 0.496918 4.30776 6.18969 -1.55446 3.67106 -1.02922 -0.183213 8.64385 6.99678 4.84061 4.95069 -0.238319 3.07955 4.07245 -2.58286 4.42665 3.12268 3.53876 4.20966 -4.02775 5.28574 5.84029 -2.40116 0.987687 -0.12109 8.96317 7.06471 -5.25443 1.42394 -2.1934 -0.0690963 8.48727 1.94016 -3.6431 -0.0765698 4.00428 5.93267 -0.601049 
5.01883 8.20756 1.49059 2.72633 -2.15843 -5.16003 -0.79679 8.49174 2.88167 4.47141 10.2639 3.05522 1.68966 6.95214 0.838048 1.62153 7.68884 9.46924 1.36751 0.934413 -5.88758 1.50546 1.2571 7.561 4.37063 -1.14636 1.85941 6.86789 3.03658 -2.85722 3.56548 4.11024 5.90022 5.04349 0.63631 4.30989 3.43574 -6.8786 7.76755 0.850825 -1.13188 3.63152 7.60409 -3.38884 -0.222765 1.93202 4.42396 7.47494 5.87345 0.166801 
5.84567 6.99973 0.25861 6.52119 3.5631 -0.849625 -0.703759 -3.18174 11.9538 -2.80513 -0.0503479 -1.03794 2.06339 11.2479 3.85413 -0.478617 2.74927 -5.13803 -0.0108729 3.52216 7.89644 5.37608 2.45198 -3.33212 -2.83818 -0.771467 5.24754 4.11332 -3.05998 2.55438 6.34991 6.06886 -5.82109 1.83468 0.756077 5.59526 -1.31752 0.631527 3.56321 6.71365 1.22733 4.93239 4.23451 -2.33992 1.01283 10.8635 -7.6677 3.26395 -0.449839 -0.356123 
5.25822 -1.78724 -1.23951 3.7033 1.49857 0.657259 3.11203 8.09968 -1.88969 -6.38963 0.85679 3.74968 7.21624 0.345349 -4.59207 2.46212 8.82693 -0.0620698 2.56701 7.0439 -1.9502 -2.79631 2.8691 4.39329 -0.637539 1.34566 5.60515 0.213512 -2.81524 -1.65501 7.43497 5.63054 4.71397 6.20385 3.7882 -1.96154 -0.878209 0.0142032 9.47001 0.413369 -3.25349 4.32952 2.00891 -0.543815 -0.827993 3.15496 8.20882 -2.62028 4.95272 12.0872 
3.89298 8.69335 5.48733 -3.43908 4.58923 5.79916 -0.745231 -2.3276 -2.43643 -4.58273 4.59316 5.71414 -5.40204 -0.220016 0.074065 10.9342 2.37 -5.45104 1.76144 4.4087 -0.317302 2.55632 7.77084 4.14459 0.157837 4.08376 4.7281 -1.01937 4.10872 3.39225 4.07077 10.6921 -2.38793 2.90904 2.57429 1.31898 3.40573 6.58431 1.58426 -3.95122 2.67204 7.62236 1.72273 -0.974239 1.99744 9.46438 5.54418 -1.09858 5.52162 7.52631 
-7.1506 5.79739 4.17071 -1.56222 0.578889 6.60097 5.25631 0.193225 -0.412168 -0.0563417 -0.958643 4.92642 9.04232 1.10717 -2.8532 -8.06723 0.431445 -0.199721 2.74527 9.48106 4.99861 -2.38697 -0.363953 -1.44967 -0.425361 6.63191 6.68357 1.20468 5.89443 2.78698 -5.58573 5.91045 4.2264 2.4083 10.2311 2.6276 -2.28435 1.74598 -0.549859 2.03461 6.08278 7.80996 -1.11764 1.59886 6.19503 2.44443 -5.51043 1.39018 9.30726 2.42928 
2.89099 1.91725 6.79133 5.18141 3.3581 5.97295 -3.03924 2.23735 4.53995 7.11757 5.91461 3.63132 1.89133 2.25212 9.31429 6.28131 0.330183 4.73392 4.34246 -3.56794 -2.96108 0.624194 7.95895 0.957087 2.93594 8.57633 4.58578 -1.06752 6.39672 0.0516316 0.647636 -1.80331 9.34052 -2.57704 -4.99454 -0.00237963 3.13852 3.56377 6.17517 1.44397 -5.28465 -1.41053 -0.529907 1.46348 7.94246 5.19635 4.80387 6.34826 4.30303 -2.86644 
0.879654 9.80215 -1.87438 -3.99966 1.42802 7.24235 4.01724 5.62542 4.0824 -6.37038 4.8866 4.26798 6.62275 0.8439 -6.30404 1.55569 -1.86916 6.14969 0.423851 -1.43157 0.816781 7.64079 8.91613 -5.46785 -1.66954 4.46602 2.98364 2.28315 6.52826 0.854867 -1.9768 -1.08836 8.20581 5.49819 -0.961649 2.0519 5.0722 1.64649 -5.69214 3.40506 1.70232 1.51707 2.55675 7.1316 4.63191 -8.80575 2.59667 5.26614 1.50898 -0.447381 
3.64531 9.19039 3.95599 5.03162 7.02728 -3.98098 -2.18027 -3.21199 5.07496 -1.7961 -2.61545 5.42537 3.03779 -1.80955 -0.326767 -0.33479 2.25698 6.73226 -0.0446769 2.44776 4.69872 6.40361 0.978566 8.15132 -0.111672 0.568183 7.13274 2.10793 -4.09225 1.26857 3.07968 5.11479 4.43214 -3.07393 0.558729 0.120549 6.60576 2.29076 4.22204 6.741 6.90103 1.08592 -3.91281 2.2122 -2.71506 3.626 4.12772 4.39432 6.92528 0.559737 
8.89587 -5.50036 -5.01786 1.13799 6.71385 -0.0343995 4.40008 7.2215 -4.29705 0.283966 0.0278597 3.60712 5.08754 0.0785191 3.44725 9.45881 8.81613 0.877331 0.63709 6.0797 7.81331 -1.41988 1.18538 3.8198 4.03073 5.08418 3.42113 -1.4041 4.23565 7.47457 1.6958 -4.65683 -0.722894 -0.157782 1.98295 9.47126 4.69988 -6.19966 4.82425 4.16487 -1.78359 3.14022 0.933166 2.41901 8.37357 7.28004 -5.8587 -0.52408 0.0188397 3.26198 
-4.93488 2.5669 -1.71472 4.92438 7.7183 -4.56178 6.1043 2.99748 -1.84804 0.541552 7.8089 4.94506 -2.59734 3.1019 6.89248 -1.53461 -3.31574 1.52106 10.3893 -2.94603 -3.61054 1.1147 -1.29811 5.20751 3.49455 -4.67859 2.20219 8.52913 0.85189 -3.85207 -2.66099 -0.476347 7.16701 5.73878 0.704497 -3.89731 -3.86312 -3.49569 7.35035 9.7248 1.3584 4.42524 3.8053 -2.96025 1.19208 -4.51871 -0.239765 0.764965 4.29004 1.70748 
0.220187 0.0411953 7.98873 -0.638572 -4.67936 -2.78893 6.7168 -2.01771 -2.09179 -6.37957 2.64329 4.08675 -0.665581 0.207692 6.36269 7.60479 5.0765 6.0207 0.299051 -0.820728 3.8849 6.77039 2.33382 1.25039 -0.910331 2.59388 0.0916615 5.45246 6.39837 -3.62498 2.38809 2.37545 6.52001 -0.557326 -2.17832 4.38791 2.93938 -3.51292 -2.23164 -0.40771 8.50841 1.63008 6.25703 8.7526 3.43696 1.86069 2.9952 3.7244 -0.67475 -1.88798 
5.3493 6.0357 0.586227 0.144987 5.36114 8.18901 -1.1299 -1.8076 -1.34009 0.435526 -0.709356 2.27114 8.33099 7.47221 0.601864 -6.08918 -1.6682 2.93932 8.54072 4.33563 5.55765 1.37141 -2.72828 2.66138 10.1868 3.95238 -1.99732 -1.56522 -0.910529 0.245909 -0.724285 7.93499 3.00785 1.07378 1.50655 4.81299 1.89159 -1.30332 1.25737 8.0982 4.74235 -10.1219 -0.741692 0.909711 6.04818 4.78876 4.0191 -1.85484 -0.34676 1.11149 
1.05979 -5.39381 1.90205 3.08142 7.47167 -3.76873 2.72904 0.928774 6.11473 3.46504 1.63387 5.14522 -1.9634 -5.43065 2.99926 4.13904 -2.59494 -1.53232 5.97872 1.0825 -4.00816 3.89514 8.98202 5.98453 8.59967 1.10145 0.000368919 1.8568 3.22028 5.44106 6.64753 0.035801 -3.80993 0.769536 3.77365 6.44134 -0.164896 2.41565 5.88527 6.361 2.88883 7.82885 0.900376 0.857247 8.34766 -1.595 -0.415923 0.561377 3.24531 6.5307 
-1.77049 -1.02317 2.6645 6.73052 1.63432 -0.185063 5.27246 8.28825 -4.12812 3.1065 4.15625 1.72956 -1.23192 2.40561 4.25292 5.20549 -0.285989 2.22479 6.85766 0.282819 0.804489 -0.212512 10.6673 -2.12625 3.36839 -1.31244 2.16662 8.75491 -3.18215 -1.68949 -0.392115 -0.683298 0.780839 0.20607 3.15429 10.7622 7.46382 4.94109 1.60461 -7.38129 0.568906 4.49706 7.0776 7.01776 6.24848 0.543392 2.46148 5.35057 -1.06857 -2.47766 
4.95936 3.71303 6.11354 3.28338 -2.22285 2.00824 7.4904 -3.48395 1.42134 0.768085 8.30679 2.22572 4.00762 7.87275 -0.974978 -3.27782 1.15409 5.60219 7.21761 0.98839 4.35433 9.13043 -1.80652 -3.29154 1.5412 8.27572 8.04002 2.46642 1.29004 6.49846 3.45041 -0.717391 3.85264 8.18345 -1.73364 -7.13406 -1.2849 -5.05721 4.70348 1.04355 2.57531 4.99133 8.63554 -1.29805 4.54111 3.80677 4.07167 1.98744 -2.0091 3.25958 
2.69929 -6.41977 2.83596 1.16628 0.946452 2.46385 10.564 10.3217 1.48806 3.05578 -2.31369 -0.443651 4.07246 0.439569 -1.46081 0.530732 10.0769 3.60876 -6.12109 -0.248603 6.63273 -1.0574 -1.71519 -3.16847 8.65091 -2.63102 -4.86134 1.57538 0.873019 6.78768 5.24549 0.292066 5.10029 -3.6571 -2.75548 -1.02019 5.26507 -1.87203 -0.108871 9.18761 3.61372 -5.58792 3.62979 7.35638 5.9074 1.1612 -2.27579 3.05236 6.90682 6.41631 
7.65904 2.27781 0.905052 3.10234 8.61435 -6.35694 -2.83324 -2.22621 -5.21307 -1.95922 4.61057 5.77359 1.79134 -0.864598 1.20281 2.8628 9.85043 5.0364 -0.220755 2.51054 5.01597 0.996499 -2.00224 -2.70539 5.22659 5.70363 -3.26443 1.58244 8.33914 -0.161237 -5.3581 -0.640224 7.15572 6.1386 1.25756 3.46305 4.40549 1.95747 4.00811 7.17576 0.777271 4.7324 7.07493 3.0913 -5.26611 2.71208 0.649378 2.50802 6.59732 -0.611809 
5.08416 1.79235 3.08803 5.89042 0.0346692 0.473029 7.96534 -0.474236 -3.46393 1.46511 1.49825 7.40961 3.50332 -1.63373 3.1754 6.31183 -5.62864 0.258887 -2.20639 5.44051 4.20606 -1.95402 4.07561 6.54379 2.25914 0.987272 -2.41195 0.297496 8.35958 7.43288 2.71499 3.71747 7.27673 9.18945 2.84573 5.78105 9.41677 0.0381969 2.37756 5.97071 3.20256 -0.988236 -2.06762 -1.84655 -0.670821 1.64301 9.08693 8.19794 -3.31874 3.49024 
4.10288 -4.41626 0.0449301 5.22086 5.43345 3.76288 5.6122 0.12119 2.86766 6.67492 3.55183 -3.3957 -2.10466 -0.308783 5.86227 4.82224 1.15924 5.92587 5.87235 -4.06955 3.51428 3.96544 6.13979 5.81891 -0.168706 5.19055 5.88393 3.82748 5.80609 -4.33784 -1.62343 -5.44561 10.1064 6.19175 1.68347 6.47249 0.541724 -2.83681 2.03481 8.4958 -0.0282892 5.21853 4.02837 -0.151657 0.82598 3.95194 4.80023 -2.44135 4.27147 12.0893 
10.2961 3.23851 5.20178 2.25697 1.90284 0.307873 2.75658 6.05516 3.03871 -3.42891 -2.16455 1.02967 4.51288 6.09068 7.69108 2.69742 -2.64797 4.23591 1.21001 -0.461436 -0.819791 9.30037 -0.969598 -0.225034 -1.77158 3.92709 5.8748 -1.84149 5.57266 8.74536 8.75918 7.47497 -6.04113 -3.5119 -2.47374 5.52433 4.31722 1.20735 3.35381 9.56242 -4.81402 -1.68815 2.43018 6.30268 5.4588 4.17003 -2.13846 1.04504 3.46637 13.2115 
10.8417 -5.42863 2.92967 7.17682 -2.6334 1.96429 7.88564 -1.38024 -2.66184 2.72185 3.70632 3.53491 5.92217 -4.66129 -3.54243 0.00665472 7.56067 3.95531 1.29393 -0.509041 1.86533 9.55321 0.958876 -1.49154 3.13001 11.2482 5.82474 -1.71838 4.60335 -1.01582 -3.01947 5.21219 7.33362 -7.13872 3.99607 5.73391 9.36553 -1.24133 -1.25506 1.46407 -1.37944 -2.99599 7.93052 -1.25833 -4.83493 1.14131 4.05513 3.56127 6.43264 -5.89275 
12.5991 -2.71448 0.565466 6.07203 7.17024 3.22249 3.61323 -0.838093 4.30878 8.82795 -3.36537 -1.92109 -0.0753924 -0.332097 0.0400759 3.22441 6.60686 -4.29871 2.65024 1.3628 6.91623 -0.111975 -3.66982 0.0602829 8.50943 -6.98784 -0.444919 -5.36433 4.68432 4.0187 0.0719864 3.9003 1.77894 -6.00264 -4.93105 2.58214 11.0043 0.782078 2.30637 3.21428 -2.27259 -1.22758 6.1231 2.76577 -2.60271 0.97936 4.23603 5.96341 -2.7103 0.590187 
-4.41436 4.6536 8.15006 -7.65343 1.66219 -1.36434 -1.52443 6.24244 2.29661 -4.2253 -1.10361 6.52719e-05 6.69363 1.26367 2.40542 6.23454 -1.56475 -0.0979059 0.362523 7.59268 -0.676014 3.98136 3.80156 3.53169 8.7928 2.12051 -6.69007 0.91717 8.36636 5.60755 -2.05488 3.40072 -0.416943 1.68437 1.70234 -2.58336 -2.17186 7.6659 7.61204 0.509023 1.47265 2.32319 5.28782 0.0223639 -0.218953 1.34427 6.3277 -1.09646 3.12872 -4.60577 
1.12678 4.00708 9.92337 2.65931 -4.68884 2.99474 3.74608 5.34427 -1.57884 1.34476 1.22115 4.61962 9.75838 -1.53883 -1.51222 3.93508 5.40394 5.8419 9.83342 1.88859 -2.47343 2.79709 5.52282 -3.5678 -0.508733 -4.00383 -0.790125 1.90973 5.77354 8.73554 2.96955 4.16322 2.89335 -1.41655 3.54662 0.847483 0.155857 2.88853 8.54759 2.30189 4.53257 5.9588 -3.69807 2.08102 5.10655 8.61806 2.86337 -2.26859 2.22606 -0.851745 
1.13346 -2.91261 -3.45342 -1.42357 -2.4259 0.171174 7.24782 -0.919201 0.647058 1.70343 9.64016 -4.92188 0.699442 -0.50486 -2.34423 0.00835307 7.84073 0.680357 9.04169 4.26822 -1.29897 3.02375 8.40925 5.82386 2.24755 0.812446 2.62779 7.08761 3.34054 -6.3952 0.328314 2.91295 6.72453 3.34812 5.2074 8.21951 6.66195 4.4308 -1.30778 -3.39021 2.85171 4.45099 -1.71611 -0.921615 8.83449 0.121301 3.64492 0.0810549 2.7053 7.78879 
-0.384635 3.4182 4.68218 0.151827 -0.12506 0.2042 5.49382 8.15282 3.30555 6.11896 8.78103 1.92617 2.67694 -0.69355 0.864597 0.930422 7.52785 -5.25326 -4.77185 -1.09374 8.73934 8.12487 5.65558 -2.15031 2.92005 4.10058 4.65234 -5.64023 -1.3256 0.407607 4.72892 6.97696 8.79777 -4.80488 -4.03225 5.03931 4.9526 1.01436 1.48375 1.67859 2.25443 5.58007 -0.540719 0.476627 6.63882 3.21145 -3.20948 2.89414 7.96897 -4.20469 
0.628425 3.99004 -2.14453 1.41827 3.75982 10.9317 -0.170221 -10.0475 0.865245 4.29171 7.10165 2.89455 4.46467 5.55789 3.21584 2.26426 -1.14213 -1.70248 0.429214 10.2603 -0.404243 -1.22782 -3.55585 -5.59415 8.88383 0.40304 2.8111 0.518927 -0.172554 2.55855 4.97589 -8.01448 3.03358 1.90021 0.26028 -0.540829 4.29658 7.82491 2.1219 5.2621 3.77467 -2.0979 0.887411 3.95402 5.10816 -0.952462 4.23494 5.39306 9.00737 6.40722 
10.7353 4.71222 0.451085 2.69929 -0.854736 -7.50618 5.71701 -3.67265 -2.5276 9.15625 6.41124 -6.09123 1.29129 5.27837 3.41246 -0.135384 2.1549 3.94906 7.01286 6.03164 -3.05199 3.61113 0.823982 -2.52864 -3.51185 0.8216 7.75939 0.812094 3.30891 4.6617 -2.20071 -0.138167 0.795503 7.31197 2.15362 2.97986 8.63256 0.101674 -4.38417 3.39064 5.13098 0.281383 2.71886 9.50074 3.80316 1.19424 6.32773 -2.81805 -6.91202 -1.43411 
5.19303 9.26077 -2.00409 0.376999 -4.50784 0.324883 -0.560223 5.16523 5.99176 -5.08005 -3.84067 5.04656 0.249561 0.343145 7.52757 4.95844 3.6426 3.3685 -5.17846 5.79293 0.511949 2.16416 4.70963 -0.199636 3.38424 3.83142 6.25886 5.02038 -1.9144 4.83862 3.22408 3.68643 9.49386 -0.870445 -4.05216 4.29457 4.09491 -4.09735 0.521206 8.59253 11.553 -1.21295 1.23542 1.93371 -1.8185 0.841322 7.83549 6.40094 3.52035 2.54699 
8.57992 1.41496 2.32036 6.50438 6.88742 -0.316689 2.83911 2.23536 -3.53865 1.40363 -1.42626 -1.21409 3.6969 8.97865 -4.37449 -1.47429 -1.39314 3.15685 8.38004 8.08485 2.39769 -0.852848 3.75682 8.62936 3.36546 -2.11825 -1.81439 0.503338 2.28113 6.96053 4.55013 -4.62624 6.7306 -0.247917 -0.803429 2.90253 1.61513 -4.40626 -2.2368 2.91765 0.405164 -4.20837 -4.71923 6.60704 1.38828 1.33367 8.74365 -3.48823 -0.891609 -3.90548 
-6.05832 -3.13751 -0.873351 7.4997 2.07806 0.792266 6.30154 2.92483 0.38854 4.74852 5.29334 3.02582 5.0211 4.93675 2.42488 7.38188 7.43694 -6.76273 5.2309 -4.07111 0.998956 3.60974 5.84653 4.12326 -0.171232 6.42898 7.70049 0.781659 4.61164 -0.491396 -4.66914 -1.36637 3.34265 6.76236 1.68679 3.61654 -0.379243 0.17768 0.502668 2.5091 3.09321 -1.18446 0.874071 -0.730385 4.79997 5.11894 -5.6608 1.73479 7.88412 9.19583 
-1.90111 0.474196 2.69309 10.1009 2.98083 1.77613 7.80085 7.00581 4.25618 8.74459 5.6768 0.443437 5.34703 5.15594 -1.92108 0.333479 -2.14542 -0.548833 -3.74277 5.30474 11.209 -1.73204 4.38799 1.29583 2.68462 8.97765 -2.91736 -0.677508 6.95958 4.65376 -0.537462 1.10226 2.49122 9.42391 -1.78058 -0.96224 1.52061 4.35043 6.40609 2.57478 -1.06218 1.70565 4.60896 5.47266 -1.52958 -2.35645 1.98626 -4.77274 4.42789 7.00805 
3.80351 3.97649 5.56775 -5.75915 2.48524 -1.70232 12.3969 -1.09053 -2.98216 0.695003 9.60118 4.41185 2.04575 -0.229256 -0.352689 4.24767 5.58332 -1.58711 0.0648293 0.54627 11.8122 1.391 -3.45557 5.1637 4.61537 -4.88917 2.66306 -0.181363 7.89895 0.997602 -1.56666 -0.819579 7.49522 -1.02449 -0.132878 -1.45193 7.888 -0.721404 -5.02805 0.647746 1.06001 3.79594 4.04913 -2.90991 2.89508 1.92416 3.97907 4.76538 5.77161 8.863 
1.81002 3.82613 -0.425159 -0.586317 -2.95853 9.99179 4.81943 2.59647 3.00261 7.35549 -4.55886 -4.63491 -1.14283 3.68231 6.432 2.68363 -4.71494 0.35501 1.25123 7.74701 -3.97116 -1.93161 -2.29037 6.43834 0.239248 -0.183184 0.180738 8.99274 -0.767195 3.08538 3.33213 5.63722 4.90134 -3.36588 1.24257 1.81727 7.65181 2.40007 2.26199 5.25393 5.65079 0.700846 -1.93077 0.820034 4.76226 13.2002 -3.06027 -4.10928 3.59672 3.53176 
4.0808 3.43645 3.35239 2.45979 4.30806 7.60148 1.03266 -1.41621 6.84623 3.29864 -4.10186 2.00931 11.5 1.08693 1.33906 -0.884064 3.181 6.0359 6.46018 5.17828 3.25744 6.50055 4.66394 -5.08469 0.887109 0.512143 3.68106 11.0157 0.697869 -0.0287771 5.82225 -0.413559 -0.773782 0.488616 2.32142 7.5785 4.4949 -3.44048 3.77119 6.66353 -3.45945 1.872 1.93308 4.34714 1.72566 -4.39889 6.8062 -4.47439 -1.17172 8.58503 
0.785959 -1.97335 2.07254 10.0657 -4.17764 3.1488 0.460725 -0.618012 7.17845 1.04916 0.665906 -3.68068 -3.2374 7.51642 1.28661 3.48008 10.1487 -0.556085 -6.22181 -0.191306 5.09393 1.18578 -4.26774 2.12079 5.40641 6.28114 -3.65341 -6.16775 1.01628 2.26021 8.28696 3.28052 1.58895 5.00587 2.57518 -4.96629 -0.90738 -1.25863 3.76463 9.8948 3.92177 2.75003 2.35772 -1.77716 3.78874 1.76931 5.78507 7.90475 3.70731 5.57104 
3.88781 1.74116 4.29082 11.051 -3.6101 -1.33791 2.0132 7.51321 0.692635 -3.16871 2.523 1.58885 -2.20613 -4.80956 5.5678 0.416911 -7.09545 0.628315 -0.416015 3.52554 4.72937 -1.15139 0.488387 -0.868689 8.17856 1.70499 2.07475 1.21167 0.652266 1.14839 9.18645 2.07228 0.189633 5.65783 -0.325893 0.72597 2.52566 6.82771 5.83063 -6.47474 -3.10064 -1.80809 8.35153 11.4264 1.70547 -4.06474 -6.57322 1.23159 0.233948 3.51485 
4.74038 -2.17434 3.26858 -2.3722 0.946229 -3.69529 7.08463 2.18799 -2.76325 -0.277557 4.50191 0.571672 -2.84646 -2.21645 2.16468 1.12071 -2.47485 -0.141077 4.91945 4.42084 -2.48035 1.09449 3.51637 7.49087 -5.06968 -3.69085 -0.83776 3.80049 7.83432 4.69449 -2.55657 -2.01152 -0.106835 8.92537 6.0682 -0.233496 3.01277 -4.3187 -1.65948 -1.75867 -0.795695 1.03038 7.0959 4.44083 2.44331 8.70793 -2.165 -3.76497 -0.954359 10.0353 
-2.39481 -1.31785 2.30377 7.75823 -0.438933 2.58889 7.45776 -2.30555 3.69344 1.3061 5.09762 2.19711 -0.885578 1.25495 3.95502 3.02647 -0.254765 1.72388 6.05087 -1.10121 -0.765906 0.353785 6.09486 -2.69848 2.43715 1.55097 6.68781 3.9219 -6.42282 -2.11591 -0.511726 7.75183 6.33191 0.896249 -4.58914 -0.656625 4.79512 5.56632 -2.09742 2.30086 2.45875 4.7132 9.37033 -5.34151 -1.98033 3.53551 8.30056 5.23219 4.24813 -2.65494 
1.20158 2.56861 5.38132 10.3 2.09411 0.722704 7.14674 8.45339 3.43668 1.04648 -1.33494 1.59205 2.61191 5.99226 4.70524 -1.05778 1.55218 4.75111 5.78039 0.588057 3.73076 8.1603 6.1967 1.13477 2.99588 0.613448 -4.07401 2.1276 -1.29329 -0.292878 0.103041 7.92279 -2.41742 1.42518 2.37237 4.77467 6.1219 4.29095 1.99405 4.55184 3.19605 -5.19732 5.11968 0.0133725 -1.58452 -3.75079 5.67925 8.94193 2.91073 1.2628 
4.34644 6.93922 -9.3833 0.522387 1.57982 0.481792 6.32223 0.508748 -3.86636 -0.39676 9.28776 5.86286 -0.471421 -0.719066 -2.0125 0.346393 6.37163 6.3284 -3.81903 0.454344 6.35641 4.16448 -4.45614 3.44597 6.94576 -2.01259 1.33886 5.03482 6.39152 2.60467 5.31336 8.60967 2.71548 4.72846 6.511 -5.57743 0.271882 0.384922 3.45881 4.834 -2.20687 -0.194938 4.48043 1.48903 -3.71689 0.463852 5.04393 9.33441 -3.33221 0.696651 
7.8792 3.21641 9.65797 5.08243 2.30107 6.0501 -2.90192 1.92912 3.45872 4.64196 4.67603 -1.77102 -1.37314 2.65996 9.12076 2.53556 -0.337148 -3.04193 4.18748 1.67393 5.88107 2.0452 -4.99521 -2.53619 2.48411 14.2253 8.11915 1.66663 -1.0303 -0.106726 6.48531 6.05253 -2.33848 5.83831 0.54583 -1.21715 -2.16234 5.2346 1.92181 -4.86838 1.44308 1.9552 6.11493 0.165533 0.580783 0.410869 3.64759 3.22984 -4.06968 0.734558 
-0.457926 10.285 6.6814 5.19931 7.96833 -1.54454 -0.350704 4.46366 6.35451 -4.63468 3.15603 2.06319 1.65425 4.73383 7.77253 0.661772 4.75175 5.24162 3.69584 2.02098 -4.58 2.6496 1.99955 0.469263 0.861774 12.4907 4.31852 -2.166 2.71103 6.34658 4.82847 -2.88994 1.79381 7.53155 -1.17798 -1.43118 -1.61905 4.07153 3.37754 -0.889577 0.167201 6.14104 3.81945 -1.7093 3.29241 6.07264 -1.90171 -1.47445 1.76301 -0.772944 
3.26221 8.3077 -7.61694 0.753565 4.10513 9.24567 1.53557 4.55776 -0.918682 -1.85198 -1.8273 10.7571 4.85849 -4.83015 4.19098 6.34177 5.13595 0.251764 -1.88827 3.71286 3.22392 4.66936 9.96371 5.63133 0.187895 1.19715 -2.3242 2.74755 9.96959 -4.17882 -2.57182 1.71937 5.15364 9.15183 3.12365 -0.239462 3.90911 5.21325 -0.671165 -0.491521 1.96308 6.65303 -0.410705 1.76423 3.69771 5.52701 1.45651 4.61313 5.36957 0.414742 
5.27261 -1.51362 -2.77737 -4.23068 -2.10329 6.81778 1.71838 6.43807 7.31932 -2.9669 2.20041 6.95321 -1.0784 5.7701 0.22186 5.00584 5.15156 -4.13155 2.197 4.87277 7.33591 -6.89081 6.4409 3.30002 1.20503 4.92503 7.13333 4.2482 1.39655 0.801323 5.35442 6.49985 -6.43413 6.42461 -1.5111 -2.3072 4.90139 1.53825 -2.83177 -0.425924 8.12038 4.65758 -1.744 4.15102 10.7298 0.701274 0.984168 6.13717 3.47963 0.0878475 
7.1626 1.15182 0.426863 -0.115948 0.187751 -0.0710004 9.22115 -0.371299 -0.417561 1.80286 1.69337 7.13821 8.42091 -2.51131 5.27778 3.65323 -1.81227 0.804887 -1.52776 6.5211 1.64508 -0.587038 -0.531347 12.2291 2.29656 -4.73961 4.87495 2.05577 2.22925 5.86538 0.527847 -5.37279 -1.93341 3.27512 7.23979 2.15515 5.54914 -0.259335 -2.71207 -1.60028 4.85317 0.031621 -4.59753 -4.96217 -1.20699 11.3568 3.52424 4.29223 1.9944 2.59964 
-0.754948 -0.151686 2.91089 5.7677 2.80249 4.4296 5.23467 -1.7223 2.68803 7.70418 1.59918 -5.69063 1.3601 -1.17245 2.98708 4.70694 -0.488135 4.07085 8.04629 -4.01007 1.18199 3.08547 6.12163 10.5069 -1.18511 0.51937 4.6096 6.98995 -3.59087 1.01031 -1.80563 1.53535 2.58136 2.24046 6.86362 -3.50257 -2.15857 -0.280535 3.06723 3.6874 4.9497 -1.19021 -0.194252 4.34425 -2.94314 -2.90143 3.05444 12.4458 1.88566 3.73006 
6.55285 3.47304 7.31548 1.68051 -5.27927 2.11066 4.4145 2.76462 3.91267 0.936681 -3.34063 2.64033 9.68175 7.00652 4.31516 3.92208 0.97043 2.98727 -0.0416293 -2.18034 -4.63293 10.3357 1.66813 2.99751 0.955562 -0.471045 6.87356 1.003 -1.90867 2.96069 9.93795 4.29192 0.763531 -1.24576 -2.54793 -1.12047 1.29974 6.81833 2.57673 -3.61452 -0.835139 -0.213808 1.09731 6.15903 2.82427 4.53541 7.54875 -0.417418 -7.24759 4.22306 
4.62635 6.7219 3.12765 7.72953 -0.662848 -0.256023 2.98295 6.40308 -0.144288 3.95666 3.58089 3.73885 8.05719 -4.88358 3.34341 0.96411 8.41761 0.89995 1.08348 1.41482 -1.53095 -2.16541 8.11917 9.01392 -0.0366269 4.63108 1.41954 -2.04831 1.92027 5.69228 8.43082 -1.8887 3.25134 3.031 1.73926 3.53189 4.92622 4.08735 -1.91195 3.16677 5.00648 4.98886 7.25573 0.873627 -6.60025 -0.551357 2.84779 0.317661 5.19494 5.11217 
1.86321 6.46846 2.33787 -1.53841 0.103651 2.35493 9.11203 5.34895 -0.575529 5.35279 5.32876 -4.11635 3.7589 0.429875 -0.272743 9.9186 2.14676 1.22421 4.34156 2.50865 -0.234322 0.750655 5.14214 11.7655 -0.0188141 -0.160105 0.383346 -0.186315 1.27032 7.47041 -2.85865 1.82111 1.27692 10.0114 5.44702 -1.72385 4.44239 0.684819 2.17329 5.96925 1.36911 -5.9219 5.72967 1.86323 0.437079 0.428482 2.71806 11.3875 0.170652 -7.50646 
10.9378 3.76774 -0.366429 0.370147 1.45793 7.16162 -3.35571 -4.6919 -2.75891 6.22754 3.16651 -0.494032 4.33522 12.6977 -2.03115 -0.330553 -0.446316 1.46696 6.3726 2.17211 -0.520056 2.7687 7.20976 -3.44146 2.1266 0.785773 8.51856 6.21965 3.14717 6.39698 3.41791 4.07137 0.0470201 -7.00243 5.3242 2.62429 1.53404 8.78271 -1.55144 -1.14971 -1.6522 0.286449 -1.07174 4.89003 7.52206 2.9734 2.21299 -3.98424 0.0922796 -3.90313 
-4.89477 -4.99407 0.192906 3.49497 5.77864 -0.594098 -0.84704 4.00152 10.9821 4.47296 3.41411 5.68672 7.81488 7.03298 3.86212 7.37924 6.0431 -0.972779 4.11561 1.39929 1.72864 5.95087 9.26383 4.55347 5.01521 0.702297 -7.66933 4.48265 4.75207 6.05602 -0.70633 -1.92449 2.29138 -1.39758 -1.09125 -1.36694 8.14046 -1.3182 3.41442 7.22144 5.83302 3.32465 5.29714 4.59063 -1.92515 -1.13464 4.89905 7.22709 3.97731 3.82788 
2.82882 2.59507 2.44759 4.35853 5.46928 0.117722 3.05557 8.45151 -6.14515 -2.23043 -7.0659 7.76457 0.918455 -5.8824 -2.33223 9.02314 -0.130105 1.76477 8.24669 8.99682 -8.06928 0.994704 -0.570177 -3.71733 2.63708 2.2147 -1.56965 -3.29021 -1.13533 3.69671 -2.69107 0.188367 4.83761 4.53782 2.32065 5.43795 12.4674 0.291385 -3.9077 5.12484 6.22177 2.88608 3.4982 -0.674132 0.21172 0.921625 5.42897 7.97875 1.20252 5.50035 
6.48885 0.791486 5.43801 6.05042 -2.1876 1.61113 6.13708 6.23999 4.39485 5.34539 -5.22568 -6.90192 2.01941 2.29501 -1.3458 -3.2442 -4.32797 8.04984 -0.717994 5.92381 -0.767151 -3.77681 0.0385121 7.3628 4.62778 -0.669874 -0.751484 3.09609 5.87648 5.82963 3.09706 5.42343 9.86172 -0.749591 -5.06807 4.98089 -1.6833 1.37072 -4.51484 -5.56105 4.96927 6.08234 3.21027 5.17061 7.31578 7.33615 -1.3064 -4.28722 -0.34462 7.37827 
11.8013 -1.11945 -2.60588 0.809432 -1.44521 -2.31822 4.67359 4.94207 -1.67889 7.14912 6.3175 1.24509 2.31909 4.74465 0.959933 -0.728522 -0.810294 -2.96161 7.20889 4.74581 0.822918 2.49917 3.95871 5.32781 -2.62803 -0.168175 -1.79802 5.95675 6.26495 -5.30904 4.19364 5.13771 -4.7945 2.02568 -1.93269 -0.806841 4.71179 -0.459783 -1.07863 2.63399 1.19421 1.69464 12.2301 -1.36057 1.66316 -1.13806 -0.716404 1.81534 0.585637 2.6606 
-4.154 -2.65269 0.821359 5.20213 -2.18664 1.95863 7.89269 9.23628 -2.98794 0.291726 0.464053 -1.11207 0.799809 8.30754 2.14386 2.85605 3.19368 4.18242 6.64362 0.994167 -2.15918 4.11536 5.11458 -4.92634 1.45347 5.13918 5.90587 -1.90461 -3.42215 -0.271037 -0.0246439 7.74056 10.0749 0.250006 0.538782 2.26064 6.86503 1.46862 0.621821 4.9304 9.88601 -1.65831 -3.76036 -1.23522 6.20492 5.4468 0.508059 4.26338 7.66084 -1.43412 
6.8405 5.12074 0.72901 5.84081 7.65452 0.622211 0.453803 -4.71107 0.848199 5.71017 3.91358 -0.54884 2.29604 10.3109 1.41219 -0.642433 6.48841 1.50454 -5.53121 5.13842 5.34795 4.26585 -0.905913 -3.28095 -2.91597 5.77941 0.979146 -0.221794 1.50309 4.09264 5.55979 2.08967 -5.73287 5.07883 -2.19133 5.3604 4.44619 -5.69515 0.176334 7.73423 -3.08575 4.30515 -0.329682 7.69737 6.13456 -6.52129 2.04159 5.36669 1.0473 -0.893561 
5.00314 3.79492 1.94863 6.79607 -0.10039 -0.540976 6.31246 4.70935 0.678786 5.79338 3.98522 -1.10966 3.69834 8.41238 -1.07514 4.02781 8.24374 0.238192 4.35247 7.68235 6.0293 -1.48343 2.81422 1.84761 -0.128964 1.46106 7.55663 5.05129 2.73007 2.74598 -5.23071 3.49856 -0.656096 -2.51467 6.63527 1.63699 -1.14949 3.15351 -3.07922 -2.80089 2.21701 7.78584 -2.23595 4.91783 -0.281598 3.45368 0.613995 3.88899 10.1062 5.14136 
-2.51377 4.85713 4.77053 -3.97226 2.01729 2.51754 8.97485 7.59289 -1.38984 6.05696 3.76166 0.391079 4.6492 12.0668 6.60601 3.87222 6.38063 0.354156 1.9857 -0.964365 -2.76125 -1.51598 4.59551 7.25912 1.95656 4.93105 3.84043 -6.12755 2.20862 6.46706 5.44111 3.22749 1.71805 2.81821 6.96541 3.63109 0.652109 4.81319 2.14105 1.04754 5.13391 10.4144 -4.50686 -1.29099 1.64487 11.1168 4.23422 -5.21009 -3.96187 -2.31376 
0.158151 2.05597 4.60768 -3.14663 -1.76058 10.0096 -1.86927 4.11947 -2.50508 -1.86919 10.0464 10.0783 -0.623099 2.1048 -3.47044 3.16478 11.2481 -1.49678 3.01388 1.43467 0.313541 0.893567 2.79054 9.37982 -3.21017 1.14671 1.50494 -1.09325 -1.48834 -1.81021 7.34989 3.47467 3.99347 7.51712 -6.13678 0.853197 -2.38671 7.2836 8.35805 -2.21004 3.81049 -1.7778 3.39781 -1.49689 10.4848 0.0998471 -0.647851 -0.696238 2.87848 0.935813 
2.31113 4.09896 -2.55006 -1.53171 -1.06303 -1.14802 6.90576 5.02752 5.02918 3.36731 5.21136 12.0307 11.3151 3.95419 4.13647 3.57366 4.27698 0.181529 3.05514 5.88477 6.60403 5.8261 3.12892 -1.3885 0.69163 5.11985 3.34148 -1.63388 3.77836 7.52037 6.34962 0.447113 -2.10764 4.7824 1.60065 1.82717 10.7602 -1.85616 3.21113 -0.926586 0.325821 12.9242 2.56666 -2.52773 2.38399 0.446313 3.26254 8.4143 3.3388 1.09433 
5.88861 1.96586 -0.494149 4.08639 5.4979 4.53035 8.74669 6.2933 -2.0288 5.34946 -1.05385 -9.78478 5.50866 10.658 1.80151 9.54869 4.91146 0.996394 6.69158 -0.0517612 -6.66754 1.27865 4.59192 2.62717 3.94486 6.57532 -0.0629463 0.765249 3.31259 8.10364 1.63826 6.10152 5.51047 6.08126 8.83269 -5.15218 -2.30234 -1.26429 5.65992 9.45532 4.54804 0.474435 -3.008 2.50458 12.626 -0.947843 -4.42022 -0.30193 -1.96517 -0.762123 
7.26455 4.78496 2.06376 6.59392 -0.240584 -8.49888 4.62688 4.21424 -0.449045 6.76308 3.60003 -7.54353 -6.3654 -0.318795 -7.28411 4.29832 5.61214 2.51512 7.18766 3.33852 5.69184 7.00386 5.41727 4.10052 -4.14994 1.17691 0.31657 1.64947 9.92525 4.72878 -4.14854 6.53052 3.67991 -3.77946 6.44608 0.445539 0.753301 2.92628 8.36504 -5.0262 -1.86318 4.16237 8.56183 5.1048 8.70717 -1.27471 -4.11727 2.42225 2.23877 2.62384 
-4.6887 4.64962 5.72807 3.54306 1.50506 6.78238 3.72154 3.03834 5.839 -4.42899 5.57713 2.68869 -1.32012 4.65215 0.385128 0.0820292 -1.62559 12.0327 6.25759 -3.721 8.10186 1.08706 -0.784247 2.46432 3.33552 3.81362 6.56073 -3.27282 -4.64056 -1.35971 -4.70674 -1.25787 7.59665 8.51281 2.63438 0.483947 0.878513 5.68853 -1.69178 -0.447319 -4.50591 4.79821 1.07431 -6.13477 3.02705 6.58728 -1.55847 0.942904 5.1867 7.65746 
1.2051 -0.707106 6.63263 12.045 2.07193 4.67454 -1.47339 -0.662876 2.49261 8.51056 4.20095 -1.45189 0.740804 6.10227 0.992426 -2.81207 -2.43495 9.64256 1.60468 0.915419 5.80945 -0.351179 -5.24123 -3.10195 8.99756 1.18052 4.73855 -2.76212 -0.52425 2.652 1.23266 0.528044 -0.682426 6.65232 9.68438 -1.56569 6.085 2.94286 -0.822751 3.45839 6.16418 -0.296548 -2.55267 2.46221 -2.42172 -1.00122 9.22301 3.79807 -4.07378 -1.93982 
2.92752 7.7513 2.20408 -7.39291 -0.929999 5.63755 7.27947 0.649213 4.76344 3.36879 -2.17464 3.59013 8.9353 0.357127 -2.21233 3.79307 1.00352 2.15767 10.3885 -0.845856 -2.36082 -1.64143 5.86039 -3.81484 -2.30999 4.65179 5.07695 -0.145065 2.92022 5.61679 3.00417 1.50913 4.65546 10.3756 1.06492 -1.37336 6.18799 2.56477 -0.392948 2.68346 4.69936 -0.787822 3.31629 4.74482 -1.88454 -0.825105 7.51832 1.32542 0.153708 0.576413 
3.86157 -7.7128 -1.07906 1.09811 3.22177 1.84977 7.17348 3.318 -3.55043 3.23745 5.19979 4.85091 2.71724 -2.50783 2.07895 11.9044 -1.73601 -3.69918 1.06986 -1.39764 0.428806 8.07205 -2.09538 0.253152 0.341054 8.38428 4.75038 -0.75884 5.73021 7.63076 -0.894862 3.35789 4.8432 -4.81678 4.8215 -1.82287 3.86364 7.19835 0.487588 5.13894 9.18481 0.643773 1.7198 0.820244 -1.87607 -1.2534 5.33951 5.08294 -1.15266 4.1439 
-2.69846 1.42376 -0.940051 1.38225 8.97537 -3.08259 -2.22059 -0.547544 0.0591763 1.45969 9.07512 -1.23047 0.391775 1.46062 4.95119 10.5596 -1.72502 -2.0459 3.63734 2.19143 2.14251 8.87473 5.26081 0.726402 6.10327 1.26875 -5.221 -0.244719 7.20955 8.3692 1.86719 5.51414 4.49844 1.95508 7.78726 10.6339 -2.61431 2.34911 6.53569 2.50687 -3.18683 -1.19007 2.9399 5.84309 -0.369126 2.98467 8.80537 3.29942 0.676199 5.16793 
3.86729 0.0930432 4.4742 8.01683 3.01145 1.63281 5.73883 6.78841 3.30206 5.87916 3.53163 -2.13468 2.99187 6.78885 -5.54333 -0.974329 -0.0281397 -1.50821 0.518851 12.4281 -0.807632 -0.0123501 -0.393861 1.90221 7.59259 0.804135 3.83868 -2.00512 -1.74942 3.67038 13.6145 2.2643 6.02175 0.507314 -5.91731 -1.16565 0.499757 -2.52214 4.30963 8.32537 -1.60201 1.61604 6.51395 9.62636 2.73955 2.05795 2.83093 -0.701402 2.73847 9.58884 
-3.38056 -2.08225 7.33325 4.1335 -4.24877 1.75136 11.0433 -4.87121 -0.982963 3.61492 4.30449 0.573165 3.80663 5.61661 3.41451 5.5048 2.04312 -2.20846 -0.254896 11.4128 1.09673 1.12777 2.30794 7.36683 2.64088 -2.1594 4.04966 2.78131 2.47662 6.81207 6.72594 -3.61962 7.75007 3.76922 -2.06198 0.0944091 2.66191 3.77664 6.15355 5.62854 -0.543229 4.36942 8.31142 -2.37143 6.57347 10.4843 8.09851 3.84654 0.209065 -0.611593 
3.50962 1.18155 4.83689 -0.615191 -2.57601 -0.244297 -5.81868 -0.639568 11.2442 -1.08715 2.22935 3.13567 7.57476 2.36645 -3.36508 4.63484 4.44201 1.47089 3.28456 8.86921 -3.38651 -1.16744 2.47886 4.7869 -3.5946 1.80023 8.22565 5.46354 -6.35033 0.229116 0.780782 -0.971263 8.42368 1.10643 -1.02392 -1.8774 4.32849 4.85312 -5.78942 4.10048 7.43409 7.8714 9.60286 -4.43623 -0.0753073 1.58365 -3.82102 0.874178 7.57651 -0.0652736 
-0.0640608 5.10157 3.12131 -0.967707 2.08724 3.62173 -2.8713 4.5576 1.69636 5.65658 8.91108 -3.10589 6.47542 -0.668377 0.947565 6.19909 9.19011 -1.41166 1.79882 1.82303 -1.10585 1.13565 7.74959 -1.19732 4.19198 0.695425 8.41193 6.25123 0.246747 2.77004 5.70619 5.34126 -3.77888 -1.96072 1.5362 5.98794 2.37121 -2.24512 -1.08873 -9.29332 -0.836861 7.97904 -1.99868 1.24594 -1.4378 4.05894 2.34238 0.101441 5.6562 7.78445 
0.691272 6.03672 2.32571 -1.05045 3.17452 9.20911 6.06974 4.10892 -0.731004 -5.17034 1.13499 6.72604 10.4763 -0.0981095 -0.570123 6.9845 -0.398725 -0.477394 0.449976 8.25825 4.0475 4.41074 11.5336 0.380341 -0.980094 5.97863 0.0571565 -2.32379 1.02276 3.40926 5.54097 -0.624016 4.29505 4.20446 4.28589 6.47268 -0.140113 2.16221 3.56793 -3.09854 4.6899 7.36889 4.59 4.08933 5.28249 8.22909 7.93198 3.46647 3.816 0.513727 
2.71148 3.60296 -0.537903 2.1173 5.88584 7.63294 -0.817431 7.06991 3.42102 -4.10009 0.712713 2.74576 3.51122 -7.55129 -2.93465 4.49002 5.7464 0.616297 4.58656 6.95021 -8.80108 -2.04014 3.50723 5.2232 2.02922 7.03095 1.60416 0.433689 4.2779 9.57874 1.58508 0.29303 6.39868 3.02817 -4.52454 2.23036 3.98537 6.29864 3.15912 0.151699 4.27614 12.6548 0.913962 2.32669 7.17374 -4.48445 2.50832 -0.0641546 6.49326 7.8695 
1.84818 2.0285 9.57841 4.28807 -5.50678 0.708579 1.46854 7.03481 0.333999 3.67597 2.86325 5.20565 -1.87007 1.41414 -0.203175 -0.209782 6.88716 2.74962 -3.17081 6.08275 -1.34098 2.35164 -2.1932 6.48367 3.88869 -5.47427 1.98811 6.29817 3.93375 -5.27351 -0.275641 -1.57981 7.03615 3.24773 3.6162 4.87108 5.2588 -2.79581 -2.02621 -1.34242 8.60801 3.14965 -3.55984 2.25523 11.7764 4.18197 4.35689 3.83875 -6.13177 4.73781 
-0.416976 -3.91177 1.88471 -2.64602 1.53036 0.772337 4.5358 9.97728 -0.166015 1.76277 4.26469 0.318647 1.71654 6.87892 6.49692 3.33611 4.10416 -0.640778 0.615443 6.40626 4.43225 -2.82549 2.79843 6.78026 0.0894363 4.43353 3.59242 7.47933 0.307785 -1.9522 1.10143 6.9699 7.35274 -5.52915 0.403809 3.93574 2.11512 -0.393581 2.31215 6.58993 2.15085 -2.5568 5.97211 4.35379 4.4929 4.72274 -1.11111 4.71984 14.9437 -2.91251 
5.70529 3.0706 -0.749595 2.13529 6.22204 6.0547 -3.58552 -4.02369 -0.434175 0.401887 9.41334 9.08728 0.57533 3.05946 -3.26072 0.635389 4.41321 6.70614 3.14074 2.17164 -2.33709 3.20804 4.25518 8.65891 6.84662 -1.84083 7.31698 0.606171 0.985694 1.60795 4.17572 5.19082 -0.8671 7.17447 6.72729 4.80666 7.23516 2.9609 2.10597 -1.43727 -3.42693 -0.765971 5.03732 8.28104 -2.66849 2.72832 8.75564 13.2131 0.601809 -1.81038 
2.26715 4.92545 1.40741 3.24811 3.03911 -2.78785 4.97548 4.15012 0.356884 2.70604 7.98069 -4.88393 2.53721 5.7978 8.90853 3.70856 1.23996 -1.82157 -2.059 1.01485 7.35613 4.19483 -4.5369 -5.96317 4.34819 5.69688 3.53977 5.53326 -0.311917 2.3285 11.6675 7.32577 1.26807 4.84924 -4.57321 -1.21151 1.96872 6.14794 -1.17959 2.91775 2.13605 1.6024 4.55872 3.5178 -7.04095 -3.08699 6.18253 15.4319 -5.05825 0.0895566 
-6.16082 3.87636 6.55358 3.92935 0.713439 2.51027 7.61218 4.20321 -0.589806 4.50794 4.18572 -2.03311 0.956947 9.63079 -0.532118 6.07342 4.89938 1.22129 -0.0509226 1.57991 7.56081 1.44534 4.48461 -1.04281 -0.998883 -3.55947 5.24875 6.33708 3.46674 7.17322 -1.0855 -6.75756 -1.77436 9.50474 5.44623 2.03268 6.28586 6.31035 1.81544 4.58816 5.24533 0.898941 -0.186818 -2.28675 -0.0269078 1.36033 -2.84307 -6.55567 11.2768 8.32735 
10.223 7.78099 5.01395 -1.86627 3.15041 6.48905 -0.515725 -3.78287 1.13405 6.44537 -2.49601 0.453168 -3.40188 1.54292 8.73906 -0.267318 6.87017 7.47774 2.57406 6.3432 2.84795 -3.98429 3.08637 2.2274 3.23237 4.02468 5.92342 2.50563 -4.3804 5.34204 2.59042 2.42266 -2.46828 -2.07076 -1.9195 12.6374 5.85477 2.19699 5.4755 2.54926 -0.20141 0.957577 3.99075 4.83845 2.16317 -0.104982 -1.83331 1.92665 -1.91651 3.70593 
-6.61867 -3.90251 -1.61237 8.36308 4.5587 1.27144 -0.0248098 4.22046 8.72672 4.47151 -2.30682 0.738345 -0.0301192 1.9339 10.7382 -3.91332 -4.68215 0.852953 8.04163 -1.4326 -0.147386 0.920808 1.858 6.93387 3.95049 -3.82124 4.14573 -0.267216 0.814783 2.70098 6.39228 1.17519 3.78371 3.94645 3.34325 7.5944 8.99309 2.40849 5.97095 -1.25006 -3.28333 -0.516248 7.64417 0.78071 -0.946694 3.26286 6.03225 5.49295 5.70229 1.1599 
-0.468162 2.82248 0.839839 2.11729 7.13708 1.72883 2.28855 5.69899 -5.95491 0.921858 -1.61708 4.61707 7.93445 -0.226622 -0.803045 -1.13119 1.07861 10.9614 -2.91225 4.61187 4.90541 4.88699 2.0925 -4.61727 -0.91939 -2.22272 1.54974 9.44663 7.30861 4.9598 3.67371 1.07454 5.73244 10.004 -7.8652 0.18917 0.683258 0.4862 6.16329 5.23386 1.30262 4.17665 7.26287 -0.222345 0.434955 5.11777 5.86652 -3.92736 5.59464 3.76287 
1.01688 5.18007 11.0369 0.892106 -0.0231548 1.84854 3.83712 2.91651 1.54258 4.5948 6.31725 -5.5219 3.21082 -1.64759 0.311232 8.95271 10.5828 -2.66895 -4.15492 -1.72164 4.74829 3.17062 0.844355 0.206229 2.73981 4.47577 4.71133 3.81065 -6.7801 3.47372 -0.892781 9.5093 1.72758 2.49132 -1.42141 -3.1832 -5.29161 9.52767 5.31484 -1.80234 2.84839 5.93382 -0.350693 -1.41192 1.72123 7.06435 -1.89006 1.98611 5.71541 7.129 
1.99243 7.20246 -2.378 -2.49639 -5.57902 6.66935 6.40305 -2.49728 4.85293 4.35015 -3.32166 1.08489 3.51705 9.41318 -3.32467 1.07027 -7.39047 1.33865 0.887304 3.57285 7.65042 -2.34977 1.39564 3.77622 7.26703 -3.30337 -1.97324 2.69293 0.283249 -1.93447 6.73646 0.250538 -4.27727 0.901589 6.27728 -1.52819 -0.19098 -2.85883 3.2159 11.8388 -0.812622 1.67512 -0.288453 2.61198 11.2973 2.13948 -0.960631 5.95612 7.48041 -5.11434 
-3.22628 0.262904 8.32831 -1.05174 1.42629 -0.679916 7.59848 2.78031 -6.22592 3.83321 0.439524 -1.00264 5.53237 8.8413 2.21938 7.53503 9.56645 1.91851 2.36872 -2.11923 0.931544 0.0579812 1.8103 7.48644 -0.166858 5.49558 4.01444 5.19145 2.84652 2.59536 7.0345 0.736846 1.89628 1.93815 7.08441 3.21767 -3.49734 1.37985 6.12732 9.82773 -2.56686 1.84516 6.04966 2.72405 -6.81025 1.8754 -2.27614 7.39365 3.22345 4.23196 
2.69481 0.134624 4.74902 8.45534 0.233251 3.3352 0.10901 -4.55392 0.446119 6.49254 11.6359 8.2352 -1.27905 -5.62449 -6.16676 -0.920928 6.19414 3.94389 5.87417 7.93867 5.44548 8.08438 10.1215 0.35264 -1.31626 3.31886 6.1319 3.6396 4.76447 7.20719 0.049978 0.485222 4.36481 4.63117 -4.93234 1.33494 1.23593 2.74402 6.88574 -3.64874 1.9168 -3.09368 6.6264 8.03824 5.03294 6.53422 2.20713 -4.01139 -5.36759 1.8596 
0.454501 8.90257 -1.47834 -4.93207 -1.44192 5.07047 1.8083 -0.61994 0.28019 2.27387 7.92291 7.70479 4.2973 -6.97217 -1.82537 2.22806 -0.425912 -1.25348 14.5566 5.53081 -4.24066 2.12142 -3.15446 2.21634 1.35058 1.41576 11.3996 -1.37164 0.801217 2.79982 1.93535 2.90021 4.27652 -2.70023 1.5528 2.75861 8.14477 1.02074 -2.72985 0.314125 7.57143 6.2745 -11.1154 3.97621 -2.93051 -0.00297572 2.72198 0.390132 -0.134475 -0.521452 
6.78349 4.7689 1.35158 5.08366 6.15595 0.895035 0.220522 -0.0494566 2.68628 6.22392 -8.30738 0.703858 -1.3199 2.43352 -0.844309 0.760243 3.76624 7.53851 2.13642 -3.76379 3.43784 13.0717 4.18392 1.10035 5.25692 4.37497 -3.64873 -0.863295 2.01348 9.43679 0.900788 1.34754 3.10777 1.16269 3.22436 6.30925 -4.65639 1.32343 2.33502 5.62569 -1.2332 -5.24655 3.83159 8.01541 5.75919 4.95887 -2.67799 1.84811 2.23469 4.44003 
-4.63619 0.230765 5.04153 6.09436 -3.53383 1.05286 1.20052 6.21265 1.66161 -2.10134 -0.113676 1.09505 8.67859 1.78043 3.4574 6.09505 0.159678 -5.15109 -1.11775 -1.44804 4.82698 7.76907 -6.86026 1.45093 6.69454 -0.914422 -2.609 -1.13352 3.2784 7.52761 -0.868067 4.16029 9.49992 -1.16418 -0.51786 1.48126 -0.952278 -0.212847 7.41771 -1.10816 1.65697 1.66957 2.44753 7.74152 -4.55551 3.55063 -0.0231564 3.09417 9.99255 -4.42051 
0.65478 8.83617 -0.488356 -0.806331 0.0390778 1.25204 8.91387 -1.44648 1.86595 1.02384 2.55314 7.81716 4.8645 -4.78223 3.02058 5.95457 0.699823 3.97461 3.74767 2.78051 4.0447 -3.64113 -0.494609 -6.39788 -1.73722 7.94139 3.15129 2.03982 5.24279 9.71736 0.463288 -0.924262 3.8765 3.37537 5.10242 5.22477 -0.698598 2.87655 10.1023 1.5893 0.798352 6.78267 3.94505 -3.76138 1.3509 8.87322 1.28145 -4.80134 6.23829 0.649352 
-3.17793 0.255763 0.0525276 2.52147 8.99758 6.59747 -2.9028 -0.989405 2.95978 6.86867 -4.4565 -1.98691 -3.56889 -0.625996 1.81525 7.2853 8.48754 -1.99408 4.71936 3.39535 -1.21527 0.905905 6.06514 1.78185 2.49105 4.58444 9.15209 -1.24033 -3.92081 4.81052 -1.14092 -1.87891 4.03396 5.84234 -3.27402 4.37894 4.65044 4.50621 9.17126 1.03763 3.11615 5.75611 -1.10769 4.43488 4.13858 7.70683 2.72038 -0.984624 3.93451 10.0383 
2.81384 6.53359 5.5919 -4.82966 6.11159 -2.63192 1.88134 4.72576 6.16491 5.54109 3.66786 4.36412 0.674242 1.76138 5.22598 3.23915 -5.83729 1.20722 5.29051 3.27627 -5.15887 -2.0554 9.8244 5.56233 -2.15284 4.43778 -2.05729 3.80298 -1.86104 0.724965 4.70549 4.85229 6.38514 6.49695 3.48191 5.84761 0.542223 -6.55513 3.74612 6.15565 7.18498 9.90259 0.109006 -0.0457946 0.984977 -3.04912 1.28053 3.16237 5.95938 6.09164 
0.35837 5.60844 -2.04551 1.15919 4.10508 14.2132 2.06244 -1.56904 2.70741 0.125358 3.43388 8.7363 3.5047 1.67903 0.242461 -2.80068 2.80005 4.00544 5.44482 0.0194769 -0.327318 -2.11992 -3.20471 -0.238693 10.9906 0.741005 -2.66146 -0.668194 1.31383 7.06519 5.96739 -9.70841 1.71908 -2.06193 5.58228 1.15159 -1.32606 3.22748 4.28622 4.1078 -3.8135 -4.4833 -3.10313 7.20648 2.30281 1.40686 4.65811 9.7907 -4.25949 -3.66288 
4.83851 4.64984 -2.40908 2.50566 6.82329 -3.71452 8.91921 2.58152 4.08896 11.5259 -1.67488 3.79835 -0.131252 2.95653 5.10468 4.34349 5.06623 2.98207 -3.45196 1.54008 4.22081 2.26919 -0.179638 0.11107 9.51374 -0.950619 -1.21104 0.939086 4.7127 0.218915 -4.35992 3.83314 9.14892 4.05069 -1.08382 -4.42773 1.37447 6.83214 0.485282 -3.27045 1.36534 4.32833 1.24911 3.56877 9.98543 -2.50851 -1.43235 1.89855 -2.02678 -3.1403 
5.7324 7.7427 7.60513 9.21385 1.44488 -12.3147 1.71823 0.974431 4.20156 6.42776 7.84578 8.7061 2.2334 -2.09709 1.60204 2.71 1.44462 2.73161 2.14593 2.74802 7.09914 0.0304458 0.434404 1.75234 9.19771 2.68829 -0.527254 4.72782 2.53924 -2.21306 2.81141 5.74314 7.95201 -0.812391 0.0896914 1.20515 -0.74279 4.3601 4.3894 -1.47086 0.925024 7.9083 1.74034 -6.05416 4.93579 -0.406847 0.75998 6.52144 -0.172021 2.48188 
-4.50773 -8.51712 -2.2863 2.55494 0.88993 2.32187 -3.09007 2.67809 -5.05716 3.65156 9.07196 -3.41474 1.72618 0.730139 2.35253 8.2972 6.65175 0.189496 4.07864 4.67154 -0.196199 0.819972 3.78691 6.85109 -5.31002 0.798291 -1.69566 6.16513 2.87284 -0.371166 2.13868 7.91908 -1.2857 4.58859 6.90391 6.53583 2.92798 -0.0729283 -1.57417 0.20357 -0.880356 7.38038 3.68625 4.08583 7.75037 8.36716 -0.440292 -1.06438 2.25374 6.88234 
-2.19489 3.39015 8.54577 0.979317 3.15328 3.56157 3.01474 6.47452 6.96592 6.85334 8.81 4.13444 3.59602 5.97315 -1.57284 -0.715354 -0.710607 0.234083 5.55137 6.32549 -0.717758 3.81576 5.27393 -3.39412 1.59905 2.66248 8.51525 -2.59844 0.463046 0.422014 2.59384 11.7199 -0.841033 -3.57249 5.0971 1.15569 3.37385 5.65291 3.09573 4.47362 9.03977 3.31058 -9.35612 -1.83564 2.383 2.6072 0.833576 1.20544 5.15747 -0.885153 
0.388663 5.25959 10.0776 -0.65668 2.01741 9.87157 -0.127122 -10.4842 4.07643 3.65436 4.41001 7.18403 1.09546 0.631285 0.206475 3.25432 7.81107 5.92683 2.0933 -0.38021 1.02672 5.70295 1.23049 -4.28868 -0.637853 9.30336 -1.43789 2.45734 5.75766 6.95135 -5.47583 -0.536739 -1.50568 -3.94235 -2.42677 13.2005 5.16069 -2.28989 1.45479 -0.450302 0.667964 -5.02868 2.93252 2.63013 0.925095 2.49324 6.17355 2.57366 -1.02339 -1.9527 
4.92782 6.52801 -1.51767 -3.40345 0.781194 8.40066 7.38727 9.71158 7.72297 -2.20896 6.64719 -0.0370565 2.59908 8.13862 6.73453 -5.10632 -2.27768 -1.95491 -0.966427 5.02019 6.4384 -0.891758 -0.689259 3.07279 3.38028 5.67035 8.99884 -1.32065 3.63524 -3.16388 0.253951 0.145986 4.18833 -2.74084 -0.40357 -1.37068 6.15427 2.55795 4.6915 4.90334 -3.2825 3.44208 8.79653 9.09984 2.39757 -1.97009 0.808052 -1.42932 1.64925 4.4969 
-3.84512 0.649632 -2.30506 0.903708 1.28625 7.53974 1.70592 -2.62859 3.72602 16.157 -1.17643 1.05295 -2.62081 4.26347 -2.40818 2.09972 0.540148 1.83731 4.0358 6.63934 -0.0840019 -2.91979 -0.0411446 10.6225 -4.49911 -5.4329 2.63783 1.04265 3.92514 7.98926 3.91491 3.42181 1.86148 0.433493 3.29933 9.314 1.03227 -5.03963 -0.518786 3.53909 1.26158 0.428483 10.5446 3.2652 0.481131 0.192444 3.36093 8.33793 3.20798 -4.2336 
6.62833 1.85917 2.62013 5.41451 4.13199 -2.50658 -1.77912 -0.115626 8.67023 2.06165 -9.31599 4.57839 7.46132 8.54651 6.29495 1.71429 4.97035 3.87414 -1.9822 -1.95392 -0.412795 1.14717 6.24488 10.3827 -1.98056 2.7605 8.15997 5.24913 -4.56373 -2.48043 -1.24468 -0.595781 7.89288 5.36061 -3.34437 -1.8715 -2.85068 -2.12017 6.40497 10.8893 1.45654 0.0393652 -1.1836 -3.38235 0.215424 6.00112 2.47334 -4.27634 -2.84128 1.82075 
9.1542 5.23875 -3.25922 6.12829 1.14375 1.43791 3.23266 6.39666 7.29539 3.74821 4.73093 -5.23378 -1.57129 9.50754 8.08724 -4.9378 5.21788 -0.691756 1.70963 4.20496 5.60474 4.49362 -1.5636 -5.1849 3.18381 6.34019 9.28075 5.34983 -1.56396 2.53204 1.35559 1.74151 7.08832 -3.38092 1.32943 2.65353 3.75243 -0.647609 0.671397 10.8097 2.03223 -4.37596 2.67304 -0.577498 -0.931242 4.86541 2.40312 -0.730674 1.03944 2.04294 
-4.67444 1.61405 -3.13994 -0.203836 10.7695 6.53568 1.66095 0.284995 -4.95509 2.01811 4.29763 -3.48712 3.1895 2.07142 6.50392 11.636 1.8593 -3.12882 -1.49011 6.07226 2.148 -3.0815 1.93183 1.97006 0.200353 3.9937 0.811178 -5.78712 -2.90428 5.71939 6.55647 -4.41127 2.66478 1.823 4.09647 6.15467 -2.38625 3.67246 5.76581 8.06904 0.0278766 3.02267 6.57912 2.56615 2.05776 5.05246 1.34524 -0.49844 2.46479 6.26812 
2.14854 5.20512 0.964851 2.18128 8.98876 -3.69573 1.14934 2.57615 9.23992 6.07557 4.89719 6.39463 0.882831 -4.66069 -7.38265 3.53501 1.05715 0.526491 0.654663 5.86793 1.84448 0.756513 3.52237 7.87439 0.364939 -0.0242012 -0.182823 0.677606 0.323588 -1.1944 1.91652 12.158 0.515424 -4.52705 -1.36515 2.11012 4.01624 5.89397 6.64386 -2.28354 3.73513 8.38188 5.68756 -2.98946 3.32235 6.52866 0.811007 2.52106 5.65364 5.60462 
2.66043 7.1224 7.64201 -0.311845 0.522411 0.580524 3.65148 7.76297 -5.01816 7.46004 6.79148 3.57396 1.55785 2.16661 -1.86521 0.889586 3.29025 7.73537 7.13725 1.65312 0.104567 2.71971 6.65211 0.573487 -0.797669 4.16845 5.19952 1.59364 2.63001 4.27456 7.74442 9.1828 -0.343467 2.18748 3.26231 4.92435 4.0965 -5.41801 -0.908085 -1.27018 4.6409 7.17406 -0.980205 4.95811 13.5096 2.81882 -2.19859 2.986 7.33699 2.19291 
3.5868 4.66682 -3.92675 3.71734 5.08274 7.91936 2.10535 -4.79755 0.745874 7.94505 -2.96204 -3.86627 -1.81362 10.4961 4.91138 3.11835 5.72985 -6.38763 0.403353 -1.20238 6.68073 4.37653 -3.37347 -0.750312 0.0447832 7.84048 6.89714 -1.19383 5.91469 2.48363 -7.86106 6.16207 2.87347 1.92319 7.30191 -1.48722 0.621961 0.487055 1.41037 4.92357 10.3897 2.75003 0.63473 6.00642 -1.01552 -4.55994 -5.38272 12.7063 1.529 -0.448108 
-3.2679 4.44005 -0.993153 -2.03357 8.73801 7.17917 4.23731 1.9987 1.34529 6.89278 5.75589 -1.87792 2.4003 10.3228 2.05249 -0.0195912 8.00042 9.74764 1.16281 1.86597 -4.79256 3.32152 0.717583 -0.104057 3.08979 8.91569 -2.49486 1.99301 8.31243 1.81249 3.81224 2.84826 7.19176 0.0113178 -6.50785 1.83494 8.46168 7.82198 2.03472 -3.62239 -3.52219 0.0504366 0.550312 6.63221 4.95422 -0.0147993 -6.34766 -2.79792 2.95926 9.18125 
8.40058 0.24296 5.35807 4.69099 4.78227 4.2041 -2.55886 3.17803 8.15409 -6.63472 3.27861 2.77826 2.86915 9.6719 4.4075 0.182028 7.45252 0.472137 -1.69964 3.05163 12.049 -0.0259073 3.22121 6.77169 1.59864 -2.99708 -0.871128 -3.66067 5.70908 7.26249 -0.371656 7.07064 -1.59298 -0.709552 2.36362 3.27346 4.61157 3.46841 -0.254906 6.25543 6.17215 -2.32056 3.43395 5.31153 -4.88754 3.82483 2.97431 -0.974575 -0.550089 1.45911 
3.67739 -6.75832 3.1364 7.23826 0.105065 0.449804 1.17858 4.24432 12.346 8.49932 -2.93852 -0.00937483 -4.87342 2.07394 3.3148 3.55669 7.92154 0.0111718 1.64827 4.85576 11.5714 -5.41196 0.127461 5.14609 4.42775 2.6171 2.87173 -1.18966 0.644164 10.9328 -3.63671 -0.770112 -0.183253 3.03916 8.31634 1.80878 -4.36278 1.65971 5.64559 4.12702 -3.88796 1.45915 2.26885 7.32797 5.50352 1.64432 -0.568532 -1.76966 -0.931024 10.2423 
3.87271 2.46941 3.50176 6.7962 4.85982 0.333569 4.1419 0.0227789 -7.94389 6.92355 0.339759 0.634602 3.97436 7.94112 0.428531 -7.53871 1.05193 -0.697255 3.24539 6.69453 -1.33239 8.17831 1.3448 3.55523 7.85754 -0.935024 4.07045 10.8077 8.0584 1.44135 -0.847616 2.93774 6.44588 -0.0830629 -3.85465 -1.79656 -0.973545 7.01046 1.45147 -2.8101 1.54224 1.1795 6.30022 -1.76778 -4.65048 0.361777 5.33444 1.8806 3.46644 9.9893 
0.264438 1.49704 8.40228 -2.52339 -1.71398 0.35559 6.32383 0.0436838 4.87852 2.65216 4.42388 5.84624 -3.43736 5.1823 -3.45942 0.490965 2.72835 6.73791 12.3124 2.98776 -3.40222 3.95566 6.31287 4.92434 4.42968 4.68175 4.02545 -2.66778 -3.40925 0.103384 10.7683 -0.619874 1.31214 -1.64188 2.77646 6.56912 4.45478 3.58109 -2.71979 1.23686 1.66 5.94756 -1.3085 -1.88732 1.07996 6.80435 9.52009 -0.28939 -7.65753 2.66067 
1.22771 6.66434 1.1827 -2.44942 1.87429 13.5118 1.41829 -1.98177 5.23034 4.81046 -0.336537 1.33143 2.61927 8.95065 6.9791 -0.74176 3.64697 -8.01254 -2.97931 -2.28598 1.48743 1.63321 10.1463 0.541096 -1.8686 5.90346 1.67306 -0.893244 0.942447 4.15296 8.2561 -3.85687 1.1324 1.6808 7.42769 0.758133 -4.59055 4.08797 5.16913 4.41356 5.05362 -3.33716 -1.16067 -0.722804 6.76585 -4.98995 -5.03381 0.609104 1.59721 0.467537 
4.46419 2.97049 -1.25267 2.42653 6.24577 9.53486 -2.42451 1.4772 6.18235 0.34613 -1.70452 0.862584 8.56897 -4.88914 4.05784 -2.61647 0.217271 8.95946 2.82917 0.0598583 3.90297 4.22092 -5.34009 1.12309 -3.63862 3.69077 5.08095 0.610695 3.61168 6.27106 -2.94213 2.26989 0.914975 8.53156 0.456498 4.0252 1.70272 1.83952 6.32874 -3.19883 1.54561 -0.509716 1.08615 5.38243 3.94283 -0.353246 5.1722 8.82067 -0.283229 1.98515 
8.22815 3.36852 2.91981 5.07358 1.06311 -4.26103 3.91157 9.00568 5.66022 -0.490002 -0.280578 1.596 10.2703 -2.25717 -3.72615 1.19068 4.46411 8.51015 -1.31731 1.16403 5.59437 2.46865 -0.0689493 3.84032 11.8745 1.07679 0.554418 3.94585 5.91281 0.140162 -0.406081 3.42135 9.55604 -4.73018 3.07237 4.76116 8.79228 3.85681 1.57446 3.41174 7.2389 6.47364 0.772826 1.28887 0.372293 2.2114 6.36141 -1.46297 -2.29133 -0.585665 
3.59017 -5.59945 -0.172882 5.27228 1.6845 1.08082 1.01734 10.2373 1.37001 -0.781773 1.55271 6.02832 3.80709 -0.495521 4.48038 10.4121 -3.66137 2.55928 -1.52312 -1.02616 9.56643 3.62506 0.811682 7.14176 4.27973 -2.83888 4.03158 5.45525 -6.02813 4.1402 1.77023 5.78691 3.72929 -2.79292 2.06029 9.71485 1.52954 7.21634 9.62961 -2.73721 -2.35891 -3.59639 -1.91439 5.04546 6.5882 -0.274435 -0.976236 -0.893142 2.36704 9.10934 
0.487571 6.98614 10.1483 0.64787 2.85293 2.75778 5.54549 4.55587 -2.60098 2.72696 9.74108 -0.304849 -2.84239 0.773981 9.41533 8.85693 -1.49261 4.30691 4.3153 5.30711 8.98298 0.963258 -0.407174 6.91459 0.515211 -0.726461 3.35868 5.33844 -1.98312 0.67869 10.4888 3.28358 4.23091 2.95 3.13087 7.79107 -5.98986 -1.68572 1.13524 10.8807 2.2545 -0.994849 0.337452 3.37694 8.96137 3.77115 2.63319 4.61527 4.63423 1.94526 
-0.902364 9.11565 -0.0289123 2.88232 1.99203 10.2971 1.8691 1.38247 1.87209 4.00652 10.7319 4.05239 0.922272 5.47491 -2.08817 -4.49905 2.53758 2.29686 12.1204 -1.49949 -3.1579 1.60244 3.63618 7.14656 1.34122 0.404169 4.80292 0.257981 -6.01661 -4.14812 4.45589 2.85818 -3.26756 4.27175 4.35987 -4.56419 5.18451 2.90753 5.02819 4.16524 -3.84134 2.3873 11.8467 -0.126916 -4.73111 -2.6876 -3.33107 8.30457 0.73106 -1.79047 
-0.0971941 1.26863 12.0212 6.33914 -0.663787 0.99586 -3.11991 -0.627124 8.67524 -3.96671 -4.20664 0.251103 -0.338849 6.07914 4.01818 3.37762 5.36356 2.11486 -4.79976 0.901648 -3.83595 8.80635 2.89918 -5.30482 1.51889 1.34834 6.05155 2.17177 4.38789 -1.76885 0.28744 1.77489 7.7198 1.03069 -1.33144 0.779561 3.8418 8.44473 1.6584 5.20878 -1.15839 -1.7133 6.99305 3.00876 -6.54138 6.13595 5.02502 4.16711 -0.231866 -6.44255 
0.627082 4.46696 10.3029 -1.22269 4.492 5.81096 0.93735 3.4396 9.20168 1.62609 0.452296 3.54872 7.17164 5.02655 -5.12738 -2.24114 3.02708 2.21424 -0.13445 2.01578 6.80427 -2.03716 -3.86683 1.55697 5.60646 6.54039 3.01086 -2.44924 4.26176 3.4508 3.30201 6.33372 0.808226 -2.19662 1.999 8.77991 3.83857 -3.95103 -0.948191 4.2265 2.17547 1.13734 6.40557 0.00633003 1.21612 0.482541 8.49072 1.65271 -5.14133 -0.0564206 
8.45633 3.55007 -3.71859 0.315174 3.97149 11.6345 2.64272 3.48917 3.15787 -3.20765 1.43941 6.86025 -5.81991 2.20617 2.0524 1.21354 2.7291 6.92239 5.60767 1.20009 0.0851628 -0.982049 1.86273 8.15257 -2.90952 -3.67258 -0.910523 -0.50871 3.96015 7.72607 -3.66094 4.08899 2.24155 2.34168 5.2724 7.25994 0.0870319 3.9067 4.89095 5.80425 7.82772 -1.44827 -0.396345 1.51384 4.70525 2.86331 -5.32592 -2.35389 -0.817906 4.87276 
1.94595 -0.98561 3.79984 12.7731 2.12966 -2.88307 -1.05726 3.71013 3.78631 -1.01782 0.784733 8.54933 10.416 -0.50017 2.63245 3.83175 4.55208 0.214852 -4.0532 1.18638 4.42634 5.37641 4.86987 1.86659 0.323876 6.12033 6.63655 2.93122 5.84989 5.85895 3.51623 7.49103 6.4478 -5.35113 3.36257 3.2554 2.83171 6.42546 3.70906 -3.57995 7.5458 4.30041 0.322498 4.72925 0.289923 -3.80957 1.04169 2.41562 2.73291 5.18759 
2.6658 4.19265 6.39592 10.2367 3.18429 4.47196 5.85283 -0.162689 2.61017 0.463627 1.58422 8.41166 -0.748595 4.8325 3.1121 8.38199 2.44201 -0.156424 1.81195 2.45993 6.06534 0.642552 -4.53204 -0.742953 10.515 6.59978 -7.09604 1.34402 6.74323 5.29161 -3.97176 4.86521 0.943766 0.691103 0.298019 7.51563 -0.914437 -5.18626 2.82622 4.7097 5.54286 9.95243 1.2638 1.21 0.142705 1.69448 3.29746 6.46507 2.25999 -3.95052 
2.45253 7.5644 -6.31116 -2.70183 -8.14486 5.34869 6.14062 -3.29884 3.15767 12.1768 6.92704 -0.665934 1.64425 4.01177 2.73169 -3.59427 1.62911 1.50775 4.99791 2.60268 -4.10797 -0.372939 2.13148 7.27038 3.81581 -3.72752 7.8136 -2.59381 0.284697 4.00793 4.17053 5.51707 3.12313 -2.02731 2.92479 8.13232 1.85433 4.13482 6.53082 -1.30199 -6.94559 -1.98678 -5.49311 0.897377 10.4609 0.398345 0.0840936 -0.978787 -0.685292 1.24276 
0.959453 0.218384 1.98035 11.1938 3.70464 -1.67914 6.84171 4.58688 4.35096 11.7399 4.5966 4.32802 5.00091 -4.57096 -0.0809138 0.0878045 4.76801 4.06331 -3.43394 -0.4822 1.494 2.98664 4.97963 1.77743 -5.91298 -0.666663 5.99954 9.42921 2.30957 4.20564 -0.291609 -3.20473 1.55915 3.33511 5.8715 7.16522 -5.60352 2.61791 4.52977 -0.825397 2.6337 1.95585 -0.849511 -1.80163 -0.515286 7.90953 5.35521 3.7749 6.26514 3.90007 
0.635114 3.62353 6.18447 -4.4664 -2.27412 -4.83929 9.25632 -4.9042 -8.034 -1.96035 8.8922 2.19203 0.679847 0.103262 2.81081 7.01026 -2.8933 -0.838605 0.603103 1.13223 6.82343 1.23735 -5.01208 1.2483 2.57002 -0.284584 -1.68276 8.49675 1.88753 -4.63927 1.00904 2.7822 3.61134 4.58225 -5.05307 -1.21122 0.575737 1.23823 6.33938 6.77827 -1.9796 3.80971 1.61543 1.98136 4.79297 8.4374 -2.01135 -3.19619 4.26469 8.55651 
4.17754 -0.22445 2.61608 0.828443 4.44425 9.80595 -5.92861 0.0273674 5.52712 7.32198 3.67446 4.28966 0.488184 3.79553 6.54928 -3.74888 1.60419 3.43395 8.26744 -0.791994 -1.58266 -1.9487 0.134574 4.1464 6.22508 4.11495 4.33891 4.17194 -1.97047 4.05143 4.41668 4.00468 0.240076 -3.8039 1.72766 1.79136 3.6908 7.43211 -3.37652 -2.39475 0.285443 4.66504 9.54193 -3.045 -1.50124 0.469714 -2.1294 -2.15985 -3.40892 9.95955 
-0.730057 -2.83109 1.82296 8.75925 -3.04391 6.94301 -0.72705 -2.57452 -5.54388 2.21681 7.61649 5.60629 4.61043 -2.08835 -1.17665 -0.526825 2.10548 7.52718 -3.96276 4.10879 5.78404 4.92571 6.25007 6.31244 -1.85396 -3.33046 2.00693 6.68854 5.39632 5.08858 0.709497 -1.45974 5.37989 4.05777 2.99674 5.87863 -4.02397 -3.20138 0.611 -1.24265 4.47585 3.72498 -5.5917 0.698277 2.05296 7.23979 2.72775 4.77883 6.71204 4.46043 
2.62974 1.50793 2.4823 7.58763 -4.25669 -5.98493 -1.51696 4.19504 -2.07467 -0.469459 2.17623 4.10503 -1.95699 4.92432 7.65177 0.997713 5.23527 11.3574 5.82104 1.74117 0.494239 -3.7959 3.81023 4.3626 0.150315 2.81813 5.13779 4.78758 -6.44249 1.30113 0.630131 6.33015 6.83545 -4.34399 -1.59319 4.56825 1.6961 0.897188 5.51783 5.38611 -1.57371 -2.06587 0.722343 -0.568274 0.760106 12.0286 0.357528 1.13893 4.36354 0.685645 
0.793594 4.38429 1.41867 -2.66004 -1.50241 -1.1953 6.40401 5.04576 -0.76162 3.14643 7.71146 8.31446 6.40273 8.31486 3.16045 -2.04886 4.24594 -1.85869 -3.39926 -2.21455 5.51106 5.86531 5.88572 6.80523 0.504481 1.95957 1.35928 -3.17876 1.83476 5.43643 3.67822 -5.06782 -3.52315 2.43392 2.04506 0.871431 7.28358 3.53138 -4.67586 1.41604 1.04238 1.07009 4.71813 9.63 4.85628 -4.36312 -2.13641 -0.307062 9.89245 5.17762 
-1.38154 6.75079 3.56577 -1.97061 3.20723 7.68687 2.56901 -3.86784 -0.470314 -4.88896 12.461 6.75171 2.72922 5.15454 3.51278 3.04163 5.67344 2.0301 0.497972 -0.162892 -0.533097 11.1362 -0.0671903 0.785767 1.34845 4.16169 2.60211 -0.591928 1.74874 7.40552 0.472346 4.05672 0.771002 0.191127 4.99923 3.86947 -7.08493 0.93369 0.000325216 2.38292 8.54974 0.30223 -5.3245 2.29194 -3.40228 -1.67404 1.59284 3.84553 8.53999 -0.533692 
0.600208 5.94055 2.63867 -3.77154 -0.723212 7.54794 3.23842 3.84382 8.01106 7.38631 0.795177 -4.69478 -0.907048 -0.515316 12.8521 4.5986 3.08423 2.47712 1.43817 2.63627 6.1931 6.46731 -3.86175 2.6695 5.09306 5.93878 -0.693623 1.73221 5.72968 6.72222 -2.6148 0.449668 2.9158 5.6299 -0.595322 -3.99927 2.45669 1.6753 4.50445 3.38651 -5.46889 3.07558 -0.166232 1.89497 4.21194 2.9439 4.17475 1.19235 -5.01621 4.67709 
7.80202 -1.84797 1.08037 2.46287 2.09841 4.05745 10.1297 -3.41491 5.83177 1.87123 -0.400824 0.492943 0.652571 0.928358 9.4781 -1.83608 1.35081 -1.28527 9.22004 -1.00939 -6.25724 -0.918182 -0.201075 0.160607 7.64214 1.47076 -0.924719 -0.109355 7.84256 0.496852 0.044686 -0.331048 6.37678 -1.31178 -0.53706 0.465193 4.47889 4.22617 -2.05097 -2.44261 0.20316 3.50423 10.4712 3.63543 -1.99417 2.66573 0.0452256 0.113976 0.198931 0.390679 
0.063039 -1.39748 2.20817 11.1433 5.86732 -3.32589 1.82663 4.27326 5.55239 -2.12314 1.61368 2.92509 6.7725 6.61207 -1.6387 -0.97831 4.1978 5.89065 -6.57047 0.190154 1.41147 7.55645 4.05235 4.19983 4.94589 -1.38023 2.92988 5.82794 7.05501 -0.380952 1.01269 3.49439 7.75705 1.80283 3.11249 5.32629 1.15404 -2.49928 0.225139 2.22493 4.91388 5.21306 -4.18757 -2.65393 -1.73142 8.4825 3.45701 0.515983 4.86696 8.02372 
-4.00959 0.887518 8.86925 -5.46772 1.33665 -1.15686 8.12033 1.79255 -4.20227 1.0721 -0.606842 8.54631 -2.54712 -0.112132 0.79905 2.6317 4.06307 -1.93691 -2.54555 -4.3693 1.9863 5.82598 -4.99873 3.72251 9.45103 4.62372 4.14858 -0.0174638 -4.43114 2.19829 7.42712 5.60001 -4.24646 -1.12843 2.62005 5.79947 -2.00697 3.29733 4.68097 3.78492 -1.82124 -3.27807 0.877071 3.27089 6.48528 5.69368 -6.22882 0.532614 3.8134 3.8815 
-1.44129 -2.49471 -2.5066 10.0831 3.43068 -2.53722 0.443548 -2.5917 -0.0132645 2.03762 7.33019 0.787803 -1.83547 2.60067 8.71496 -0.736214 1.91813 0.897504 3.73714 1.15949 2.21972 7.29125 7.84136 3.57711 1.84154 -2.38027 4.67984 3.6316 -2.87617 -0.983873 8.06904 3.55397 1.66574 2.02169 3.91499 7.58481 2.61629 3.06727 1.6202 -3.14334 3.5373 5.68135 3.51103 3.57169 -5.02598 -3.85678 -0.724889 5.54356 2.9712 -1.86256 
4.56712 1.88801 -0.533315 5.34872 4.68593 -0.698343 4.40758 9.05128 2.63731 2.83192 0.869351 -2.29791 0.573979 10.3383 3.64792 -2.80115 4.09965 9.68503 4.62694 3.39021 3.7303 -3.5517 -3.57624 -1.27934 2.39971 6.60653 2.14398 -2.72282 -0.422941 -2.19511 1.22305 5.97057 -2.0062 2.06894 9.81518 -3.62082 1.83733 3.75088 4.60334 0.879159 2.55788 6.766 -0.725097 2.96074 0.271027 2.00165 2.68509 6.13829 0.144603 -1.54098 
5.16036 11.0871 1.68024 1.40907 0.85171 2.01164 6.10524 6.22191 -1.08415 5.70596 3.71843 -2.95249 -1.14234 8.52646 1.58526 -0.762301 -1.93257 6.77397 1.94923 -3.93145 4.47009 8.17325 -0.411277 0.0361914 2.18662 6.88421 1.20379 1.5439 3.83023 3.23933 4.84591 6.94003 2.33915 4.50853 9.8538 3.57104 1.23973 3.35918 -0.537615 2.15598 7.75575 6.9321 -0.0526246 3.86423 6.95904 4.0986 -0.694157 -2.21627 0.579136 0.52379 
-1.03007 -7.47155 2.50898 4.38597 8.80937 1.00546 -6.78638 1.79236 2.33848 6.55631 -1.2847 3.14165 -1.84658 2.08286 3.37993 -4.66068 -1.87541 5.20784 1.04791 -1.97637 -1.57919 5.81479 9.62623 3.07941 4.63094 -1.5581 -1.60721 -0.195385 10.138 0.690137 -4.65095 1.40808 8.34683 3.02264 -5.04681 -0.464976 0.633537 8.92581 7.23682 1.44808 1.1274 -4.04651 0.971401 6.20649 8.02247 0.859527 5.19985 4.68281 3.20833 6.21852 
4.16695 3.4545 0.804666 2.63694 4.56418 -2.05565 2.38309 12.953 3.56777 -0.390801 2.5191 5.32671 3.95703 0.00500919 0.319843 -2.5332 -2.07697 0.963939 3.47032 -0.62109 1.94353 4.53618 11.588 -1.58328 -0.800593 0.505461 2.00113 5.77911 7.96327 0.00200683 5.24515 7.73331 1.60955 -4.32672 3.42479 3.66049 4.87355 5.32578 -5.62169 2.65645 7.2083 4.20677 3.7525 8.10525 5.46679 1.26545 6.77782 1.77593 -3.68081 5.89767 
4.2988 -3.3172 3.26498 6.55412 -0.0731296 -2.20859 -2.3731 9.93696 7.44914 0.574186 5.91971 1.13553 -3.83878 1.20164 4.90059 2.19773 1.6925 3.77767 8.25352 5.48322 -0.792089 -0.552395 -4.71538 1.80998 0.952167 6.91552 7.3244 -5.88767 4.89916 6.93034 2.30064 -4.75609 -0.114027 -1.21611 4.4557 3.32449 -7.84878 0.549615 2.1958 1.43348 4.91858 14.44 -0.616635 -0.145868 3.49913 3.95888 3.34234 -1.38659 2.81332 7.16006 
-2.75667 3.83844 8.61642 4.59899 -0.504731 2.71312 6.0353 10.379 5.12711 -1.84468 5.54518 0.833987 1.45764 1.5138 7.25307 8.81987 0.863688 3.31794 -2.2551 -3.10624 -0.214564 4.50257 2.40466 2.42014 6.16794 -6.69154 0.435584 -1.19424 3.59641 11.1595 1.83454 -0.431093 3.12828 3.49306 1.04396 -2.5583 3.29513 0.527529 1.13763 9.85676 -5.55705 0.529643 0.347504 -2.21639 7.29892 4.61196 -3.29794 1.70885 6.24236 2.44662 
0.635773 4.36686 7.58193 -2.34624 4.4907 7.96281 -3.77602 -5.7821 5.79462 7.3815 2.96489 8.8404 5.5565 2.46752 1.227 -5.9173 0.0785603 5.18059 3.36568 -0.847925 1.73601 5.56814 4.98278 -2.49666 2.73505 -0.488153 -0.27994 9.23927 -3.01139 -6.20928 0.665184 -0.554422 7.77879 -0.0756931 -2.28114 -0.230171 5.70847 10.1068 1.35518 0.205579 3.56033 7.8562 4.1044 1.67814 4.4238 -2.58358 3.6015 -0.749238 5.1955 5.584 
1.72519 6.92661 6.31467 0.95411 2.65613 -4.59605 1.06141 -4.53338 -2.87602 10.0401 -5.86543 4.57946 3.59381 5.30395 -1.58988 -1.04421 -0.615878 4.41459 4.99 -1.92109 1.72854 7.13976 -1.14576 2.60945 5.35121 7.39063 1.53562 -1.0173 -0.449277 3.65135 9.69153 2.84944 0.547107 -0.747439 2.38583 4.5461 5.27649 -3.63426 -2.39956 -5.95464 8.79845 2.30206 -2.50904 0.139696 8.10871 9.6013 4.62865 4.47363 -1.76769 0.134573 
6.54797 2.52373 -6.15263 0.783985 7.58977 3.60657 -3.80342 -2.72513 0.339877 3.90622 9.67275 -5.86423 0.367617 0.189515 1.48344 3.07344 5.33687 3.41958 -3.31749 -0.270685 -1.81634 4.53147 9.77384 -0.0721822 3.85499 -2.49808 1.33206 2.73119 6.09986 5.8766 -4.01762 -1.50585 2.37515 9.81232 0.610465 -0.519651 -3.70385 -1.37308 2.1734 7.48456 -1.1826 -3.09449 1.0748 -2.70653 -0.730638 9.18264 9.24522 6.25363 2.49514 -0.555381 
-9.25376 1.11676 3.59691 2.03133 5.3416 0.443734 -2.5852 1.92484 5.01644 6.11535 3.4738 0.587958 6.28657 10.0319 -1.56962 3.65771 1.72656 -1.18605 1.34434 3.9347 5.40712 8.79986 3.58885 -1.73591 4.54901 6.02319 4.30412 1.21818 -5.62975 0.284655 0.19242 0.910016 3.02743 10.8113 3.20794 1.50962 0.586686 2.2497 5.82489 5.95716 1.17492 5.34116 2.09898 -2.53348 0.694509 4.47253 8.98606 3.8269 6.34848 0.351546 
-0.153626 -1.85678 -3.46944 0.992025 5.76558 -2.71377 2.20018 6.28852 6.59008 -3.2756 -0.184095 2.67783 6.81586 -4.30424 1.8761 5.57731 3.19846 -3.16464 0.774453 8.80312 -6.88893 -0.374884 -0.814309 2.8028 5.41199 5.88159 0.493385 5.03191 3.12849 2.46633 5.42538 7.12922 -4.08745 -3.62247 -1.61674 -2.48536 7.14273 7.92022 -5.37809 0.842398 2.1585 5.35305 -0.27586 1.12726 2.27138 6.87998 5.74572 -0.617901 8.64688 2.40202 
2.61534 2.79262 0.426211 1.07806 6.51224 7.49563 -0.502112 0.624912 -3.80547 1.83238 3.41581 5.19522 -0.698148 -3.00908 -1.88975 6.78074 4.30915 2.85322 5.59342 10.5855 5.32464 -3.17276 4.22714 7.08193 2.37358 1.13352 3.64401 8.24265 1.94885 -1.8549 3.63492 -1.89497 0.569846 0.844117 2.36621 2.09931 3.83803 -1.49444 -3.2157 -5.19545 6.17883 4.27108 -0.570595 1.9739 9.49739 -0.563302 -2.01559 1.57103 8.2901 -1.27139 
2.79851 9.28082 5.32125 0.811401 -0.703553 -3.52739 -1.8414 3.11514 7.91504 2.01014 -0.0979922 -2.40097 -0.357822 1.51601 4.15273 8.38318 4.41964 -7.47499 2.53753 0.612097 -4.08813 -1.79483 -0.139725 10.1774 2.39758 1.33714 4.59314 -3.45306 -1.2966 -3.53677 2.82673 7.47246 2.98829 4.67851 4.15781 -0.322295 -0.070229 0.0535799 4.75597 -1.03369 -0.00734468 4.86946 10.0748 1.82281 1.4864 0.960241 4.27068 8.88376 -1.08688 -0.46656 
8.01592 -1.72825 -3.93776 -1.26531 4.52328 0.435419 2.46177 5.51492 7.89712 -0.547774 2.35065 2.90334 3.68544 4.99573 -2.07222 -5.43941 2.07317 -0.00829844 -0.464422 4.42906 5.23576 4.18883 6.50677 0.274503 -5.53102 0.0123801 5.49838 6.22733 -1.07752 1.29724 3.69307 7.7164 -4.92919 0.598274 1.65824 6.95325 6.49854 4.14276 1.30009 -0.134358 2.85581 7.7946 -4.38294 -2.22362 -2.26831 9.39366 -1.74579 -1.0178 0.0847493 -1.27651 
1.6031 -1.58874 3.20321 7.62982 9.08753 3.15229 -5.59599 0.446894 -1.84923 -0.520741 0.62162 7.44831 -0.691128 -0.815634 -1.39915 0.362524 1.97729 3.62986 7.32817 1.79919 -7.18223 -1.69547 1.59411 1.5792 2.45592 0.822971 3.33842 7.1119 1.9982 3.79873 4.01341 -3.65172 3.93314 3.82629 9.21637 -5.03774 0.155933 -0.970522 3.33542 6.38991 3.42833 -1.06724 -0.777224 2.86412 9.61514 -4.54943 0.0608038 0.460516 5.29719 7.41322 
-0.759038 0.148595 4.0151 4.07676 -1.49383 7.98404 6.34888 -2.15728 2.51519 5.86798 6.51503 0.700705 -1.50928 4.02839 4.75085 2.07166 4.41797 0.851968 -5.2153 1.14082 2.11986 -0.446651 1.46696 6.95949 10.1826 3.69984 2.27538 -1.05579 -0.502387 3.38636 2.4332 -0.280743 1.50603 7.79228 0.571197 5.19005 9.27431 3.92643 -6.99887 -3.52825 0.285178 2.00866 2.12438 6.16588 9.67453 3.31405 3.69367 3.27656 -3.76853 2.5865 
6.87995 4.24074 5.33458 3.83184 3.14178 4.0713 -3.22653 3.65226 1.19803 9.65222 3.12184 -1.59396 0.0806808 3.83275 8.50692 -1.80204 1.666 0.721485 0.631204 1.36796 6.11258 8.32346 -0.51731 -3.83826 -5.06414 -3.21367 -0.829981 5.63326 4.13118 4.12228 3.49979 1.05579 4.08586 9.83204 -5.45974 2.119 3.65238 -2.19529 3.36426 5.24242 1.70129 3.93725 7.29123 -5.84892 -3.66859 -1.80872 3.51756 4.66399 2.3092 5.299 
4.42644 4.75768 5.11834 3.96551 1.39916 1.63942 2.20686 5.13604 2.69669 -7.09982 4.46466 7.08872 5.69618 6.99442 1.63283 -0.0701406 6.34616 8.36354 1.01663 3.91802 0.249676 -6.89849 -0.989197 2.37508 4.97982 0.237619 0.947381 2.89784 9.245 -1.14815 1.31253 4.53967 5.93382 -3.58927 0.291839 2.02724 10.3493 4.21191 4.48427 7.55718 -2.39833 3.75275 1.2783 -0.810004 0.427963 10.4188 11.1888 -3.20485 2.31128 2.52137 
11.3776 2.48938 5.33861 6.12792 0.873553 3.60702 3.07626 -3.94486 -1.48088 2.55283 1.41372 2.53141 6.94881 -0.960176 3.52802 11.0634 -5.80056 -1.89028 -3.8053 4.43875 4.20445 -0.705418 0.460108 2.74965 8.1059 3.33019 2.48933 6.36699 -0.185975 -1.73727 2.6595 6.43304 -2.60535 3.11856 6.10523 7.2399 -6.85329 -4.88552 -5.54541 8.98145 5.18915 -3.19481 -0.591785 0.482818 0.814855 8.55306 4.3496 4.84377 -0.890675 3.01673 
9.4393 -4.52588 3.80913 8.92503 2.80386 -1.4252 0.914796 -0.791878 0.503623 3.83978 9.98949 2.40447 -1.79546 1.68977 7.30171 10.5345 5.79795 2.5863 -2.37535 -2.05282 4.13987 4.66251 4.00719 8.77605 -0.206041 -3.35797 2.81759 6.90643 -0.894795 3.06238 7.49557 6.0469 0.532674 1.98437 -4.01405 -6.16426 -1.07494 -0.258581 3.22331 5.9453 -3.90973 1.59594 0.35941 7.77292 2.18297 -7.70635 1.99144 -0.411394 0.034217 4.55942 
-3.78381 2.40644 -2.14649 4.21175 9.8696 -1.49526 3.54807 4.38596 4.94144 3.4409 -4.84903 -0.916853 -2.93643 10.1456 -5.15249 -0.935164 -3.14935 -4.54621 3.62334 5.34766 4.3638 4.73692 -4.21335 6.64659 1.14361 0.120163 0.245576 9.6616 6.42409 -2.33577 4.81313 -2.01567 0.958406 5.23346 3.12569 2.92992 0.581918 1.38151 5.68398 2.4941 -1.43941 2.99074 5.42897 -4.96557 6.06835 2.27257 0.143209 2.1163 7.42217 -1.67728 
-0.601512 6.9117 13.4912 3.89558 0.269015 1.01264 4.45028 1.27921 -2.14515 5.21649 2.4862 1.49625 5.79264 7.47292 -4.03259 5.36853 1.27636 2.20364 0.98223 5.38924 0.155375 -6.41397 -1.92027 3.25726 3.67909 -3.27479 -0.542457 9.71466 0.246187 3.11069 8.35657 9.56701 -1.55493 2.04199 1.10775 0.635012 2.57437 6.22107 1.45675 -3.28708 0.761554 7.52319 9.13155 2.90132 3.04604 -1.03451 -0.791606 4.01489 1.80432 -4.34543 
0.751094 2.05133 12.2941 6.61807 -4.04482 2.78807 -2.80977 1.96967 4.10144 7.02026 7.26203 1.50366 4.67047 4.01896 3.49086 7.25033 0.771287 -1.91223 4.43977 4.58402 -2.60104 4.61696 1.57883 0.876555 4.61275 -1.20967 0.404748 3.78475 10.8124 -1.04727 5.20428 -1.95618 1.7703 -0.405822 5.25993 8.05195 -0.731604 0.788575 -1.60614 2.60184 7.9094 5.62725 -0.88845 -0.216456 6.49133 7.43823 -0.439007 5.19264 0.759186 -0.379519 
2.47247 5.28087 -6.38455 1.45322 -7.225 -5.59932 10.4572 5.64337 -4.07983 -3.06224 -1.61966 -2.51084 5.64626 4.52418 -5.71974 4.78576 2.85673 0.58557 5.27888 9.48447 4.7867 4.71612 3.13042 1.35166 5.23642 6.94032 7.74207 6.25014 -3.75302 -1.00822 3.90105 9.97822 4.24189 3.3026 0.373443 -3.01979 -0.268531 2.43933 8.50235 1.99211 -3.9106 -3.34588 1.83407 4.58034 6.90013 8.10409 2.03506 4.59994 2.50327 -0.0787811 
4.76002 5.95427 6.08091 5.93043 0.614635 5.69013 8.88006 3.19126 2.33015 6.05627 1.36404 1.02682 5.65631 3.12736 -1.85784 0.729895 12.8557 3.00818 -5.09652 5.0817 1.82138 3.37076 11.3395 -5.30718 -4.26793 -0.391278 -4.1577 -0.0482274 0.402992 1.41059 2.49859 10.9224 1.72159 1.56828 2.68046 1.30036 2.89143 6.82343 4.83399 0.899204 6.36757 2.58533 1.08122 5.8531 5.43823 -5.34455 2.75679 10.8788 3.68114 0.468058 
2.41163 11.2385 -0.0654184 5.03291 7.93744 2.9935 -6.13981 2.04031 -1.60918 8.8799 6.23419 -0.347377 6.34027 2.51498 1.76583 2.79471 11.101 1.0941 -2.24247 3.00828 5.51351 -5.29359 7.48167 -2.17893 -2.6682 2.61482 5.01749 4.92426 7.71557 5.48486 -3.74123 -3.65216 -1.09252 -2.6678 5.71002 11.239 -4.07043 1.81699 -0.0278415 1.04158 9.60704 2.79434 -2.01742 4.68693 1.26361 4.08348 -1.25952 1.72625 7.41415 -0.660373 
5.8616 6.9954 -4.47622 4.25902 2.5738 -3.22392 2.51895 6.28041 6.17115 0.358664 -5.09847 0.549086 8.39568 7.64888 0.329489 4.4586 -0.687116 -3.08339 -1.86679 10.1588 6.53596 -3.35283 4.81593 0.617021 2.40459 7.94497 -0.36646 -8.15968 -0.0504291 1.83515 1.14028 1.04042 2.65905 1.04021 2.56843 13.3077 1.02072 -5.85539 4.56758 6.79592 -3.20301 -2.98036 -1.47503 5.1315 5.45013 -2.88039 2.51745 8.86745 7.68054 1.51733 
5.59441 6.03128 0.0655929 6.29106 -0.645429 -5.21292 -5.19091 6.37391 3.23771 2.55949 1.74377 0.319861 3.06621 10.9704 3.29354 -1.66929 -0.936892 0.414013 -0.466873 4.69971 1.35782 -4.13872 -5.12699 8.4176 6.28116 -1.85798 -2.2326 3.011 6.40833 4.8593 6.77886 7.98464 3.2487 1.48313 -1.70046 -3.50975 1.79375 -5.75411 2.34359 5.66659 -1.77942 2.4969 9.73108 -1.8243 -1.35647 -0.0947806 -2.69482 8.80568 3.67365 -1.9703 
-0.41524 10.7314 2.74653 0.384258 1.22666 3.09862 -2.40671 -0.353412 3.67417 5.58797 -1.07987 2.60516 7.07222 -4.3347 -2.21633 -0.015301 9.31665 2.22677 2.85167 2.93688 -0.333966 4.03175 -2.30901 -2.35873 -0.946916 8.2633 10.6858 -5.81823 -8.126 -2.59676 -3.93179 2.00967 3.03497 2.44629 0.869283 0.814972 5.49468 6.75233 5.29192 6.64533 5.83678 3.93379 3.27014 1.23517 5.99258 6.47339 3.89453 5.07812 -3.46605 -0.725025 
5.3343 -1.71777 -4.28037 0.692662 6.79298 2.15545 -0.164061 2.87379 8.72038 1.05604 -1.08346 4.15838 4.90405 -0.23687 4.51104 9.64038 -6.26687 1.06481 -1.93487 2.72477 6.84112 0.00693898 -0.28622 3.68859 5.42096 -1.17983 -6.46528 5.15694 7.3395 3.97933 1.0781 0.966542 4.90994 6.51997 3.49238 7.32869 3.61956 -9.64191 1.87614 0.491386 8.90263 8.22143 3.02221 6.34521 0.58576 -5.09003 -0.031721 3.62726 3.98607 4.02091 
3.53272 1.29089 1.72882 2.34 7.00321 3.93336 -0.636832 4.32019 6.51952 -2.06089 2.4481 10.6573 3.02825 -1.26649 5.0355 0.0565877 -0.798041 0.288739 12.7576 3.81069 -0.0371614 1.53519 3.63043 3.83869 -3.54956 -0.621655 0.274548 5.09663 6.38614 -4.87217 1.8762 -1.20514 9.56305 -0.260908 -3.50628 4.67423 4.01429 0.400601 -2.99626 -5.8905 0.677853 8.54472 1.65492 7.44304 4.69309 -0.116829 1.67418 4.9625 5.8007 -3.74277 
5.41869 10.7715 2.96479 -3.51219 3.48702 -0.372706 0.599678 6.37498 -0.917578 -4.00746 -4.24197 7.20587 6.31494 1.74638 7.17249 0.738126 0.354903 3.65616 9.75505 0.745168 5.54682 6.61715 0.3655 -2.94524 1.924 3.69832 5.24396 1.98391 -2.78098 1.22243 1.33431 9.11745 -0.188838 4.73505 2.97166 4.38599 5.05201 0.727524 5.05983 -0.345439 1.63466 -3.3114 5.85578 5.63292 -5.54261 1.73329 5.03449 4.74352 -4.58877 2.73159 
9.58494 0.735829 3.75246 -1.64287 -0.582198 5.5716 7.17277 0.263179 0.455925 3.42663 -0.644398 -1.1712 7.95156 -0.45355 -5.27178 0.161696 7.59315 9.23141 -5.05579 -2.86995 3.21352 4.2634 -2.10595 2.09058 6.30209 2.68702 -4.07495 0.921687 1.12115 4.59785 10.4846 -1.29793 -3.41383 3.17232 9.65222 -0.761517 1.52168 5.24779 6.46238 0.220749 1.74435 3.76561 2.70415 -3.65072 1.66551 -3.95966 3.73141 4.95233 -0.808419 -0.331498 
4.04969 3.51205 -3.92683 1.41152 6.56243 4.03809 -4.09051 -1.40498 1.04678 5.49234 -3.01795 -0.16049 8.29495 4.11032 -0.279315 1.76316 4.81381 -3.99641 3.53046 -4.22173 -0.940034 5.85093 2.00282 4.38125 3.84749 -2.58291 3.41044 5.38391 4.40033 -3.9589 -4.73489 2.12505 -0.159735 1.31329 9.87702 1.6546 3.69325 6.73423 -3.80685 2.05056 5.28871 4.68296 -2.62117 2.05065 6.42406 5.891 -1.09137 -0.438606 -2.47064 -4.44617 
2.00252 5.53002 0.779363 2.63133 7.17074 0.545379 5.10943 3.76832 3.1972 4.49574 -2.51519 0.364704 8.86283 -0.542513 -0.656525 0.923287 8.70589 5.1752 -3.21889 0.306324 2.45882 8.094 -2.23192 -1.89029 2.48688 3.58898 4.46846 3.55105 -0.483487 7.25392 4.34543 0.731995 4.63343 8.17837 -2.60066 -4.88179 1.41556 7.15067 1.42566 3.48158 6.70689 -0.570572 4.07186 6.61605 4.67532 -4.7807 0.431659 3.76495 1.80103 1.27086 
6.39858 7.01633 4.08069 6.12862 6.91926 -0.274636 2.78456 4.23631 0.554888 1.0516 0.608875 0.613255 8.06353 1.82365 -2.38234 1.69825 7.64386 0.557365 5.88469 8.09827 0.240603 -3.15603 -1.41072 -2.96653 5.53355 5.39816 -4.73922 2.68163 5.2436 7.75289 -1.2496 0.326458 6.6228 -2.3536 -2.47417 -3.74945 4.2693 7.63594 -7.28752 2.97376 7.39515 5.36782 -2.75884 -3.82085 -2.54711 -1.56674 3.135 8.50805 7.67445 3.70864 
-1.55053 12.4656 4.39362 -0.257984 2.52757 2.64213 5.62565 4.81801 -0.926359 3.62518 7.91141 1.78081 -2.50053 -1.69205 0.163899 9.31455 1.66555 -7.85251 -2.79581 2.9738 2.22988 2.3169 3.59928 3.39454 3.527 -0.921131 -3.42888 -4.68358 5.92894 4.3976 -0.0450961 -1.21483 3.68267 7.63586 -1.3398 1.47264 4.24381 3.60508 -4.98457 -1.54918 8.86839 5.89423 1.91519 0.429988 -0.192828 1.10234 3.09144 10.2986 -4.39651 1.47765 
7.61783 -1.31308 9.86283 7.18186 0.414477 8.06931 -2.61156 -1.93783 -2.05204 4.93059 3.06856 -1.57111 4.73986 8.43328 4.52377 6.37451 2.29065 3.15789 0.565575 1.42615 5.16379 7.44956 -2.48527 0.325889 1.8399 1.46341 2.15903 -2.69328 -1.76922 3.51122 6.43489 3.33735 5.51361 2.94929 -0.396221 4.63881 4.62394 -1.21056 6.78245 -1.74491 -1.62976 2.40608 10.3945 3.61963 3.00156 6.13675 3.05853 -2.53985 -0.116048 2.37974 
5.46861 -9.76712 4.74993 2.95261 4.08515 9.38117 0.781455 0.0636317 3.9339 7.56786 4.02778 3.09773 7.40466 1.53332 -4.60612 2.23209 10.3531 2.00876 1.49147 4.2194 1.76688 -3.44381 2.03835 2.58226 7.57061 0.439691 -1.57169 0.823971 1.80954 3.57707 8.67103 -5.69715 0.439829 0.057762 5.03718 11.019 1.26179 -1.05222 2.69254 1.72649 4.46367 8.44451 -5.63281 -4.32513 -3.23664 6.0915 2.44117 -0.831932 2.20813 7.81824 
2.27532 8.89252 8.06094 1.97253 5.33107 -0.657336 4.96449 12.1426 0.277044 -2.66946 -2.84342 2.63806 6.15918 -0.767481 5.01376 8.59802 5.50167 -3.24002 -1.12293 6.1828 3.61888 -2.25693 1.33263 7.14717 -3.73824 0.661338 -1.00643 4.731 5.35653 -5.75039 -1.06357 -0.482377 -0.575152 11.0504 -3.78196 -0.462052 0.0410576 -2.18125 1.88867 6.62222 -3.68947 4.33289 -3.16367 -3.70804 0.25714 7.46845 -3.42189 3.27067 5.62945 5.31285 
5.51041 3.48583 -3.45359 1.36211 5.81629 7.0126 -5.7105 0.978752 -2.93074 -1.02241 9.61593 11.0187 0.0234273 -0.404198 -2.70345 3.47515 -2.39583 1.09909 5.44984 4.79759 -1.4903 -1.02504 -0.91156 7.49965 8.34994 0.0635898 3.13797 -0.602038 -2.28159 -0.268229 -1.43229 3.94989 10.9292 -1.85803 -1.88928 2.79141 3.38298 2.0337 3.99316 8.12556 -3.13231 -2.28683 -0.793926 0.470866 3.76363 11.8781 9.47248 -2.96345 1.2757 2.67073 
