0 0 0 0.01 
2.38012 2.526 3.54729 3.42304 
5.89579 4.85988 3.46931 4.24126 
-1.34005 1.66389 6.4341 8.08847 
-3.31072 -4.17979 5.63114 3.79456 
-3.55298 1.17844 5.74206 0.143631 
1.79587 3.8736 6.03315 -0.531706 
3.65623 7.03287 -2.74744 0.708545 
7.15751 0.283007 0.98477 -0.0372112 
1.50775 -1.90396 2.56206 8.01962 
-1.53086 3.2437 9.46014 1.54115 
-0.486313 9.53213 -2.18893 -1.47739 
5.85227 6.70953 -2.1753 2.25886 
8.57756 1.90623 1.29087 1.40231 
2.43465 -4.35076 1.07956 7.94734 
2.53665 -3.83591 -2.87592 4.50309 
1.86992 -3.17045 -0.333885 2.91017 
0.766401 0.323938 1.15018 4.97971 
-0.833922 2.34718 7.05225 2.96973 
1.48218 6.2154 3.89024 -2.90825 
1.84704 7.45444 -0.214145 1.42349 
8.80506 -0.530392 -1.91375 0.147848 
8.99951 -0.598968 0.779227 2.82441 
-0.410768 0.130812 -0.884105 9.48622 
-2.29135 1.40697 4.07555 8.14427 
0.5675 0.244011 9.7696 0.778163 
2.34724 7.05159 5.26197 -3.45079 
-2.66482 7.34324 2.62999 -2.76671 
0.954883 2.93923 2.79298 -3.45895 
2.80355 6.42212 -0.891712 0.438452 
8.49911 -1.0266 -0.681537 0.756411 
0.824344 -2.63194 1.69931 8.23478 
0.539557 1.68467 4.55868 7.71599 
0.229224 -0.940638 8.28548 0.914106 
-0.961812 -0.417165 7.23711 0.824902 
-1.85864 0.186293 6.80688 1.70275 
-1.68541 -0.758096 7.38858 1.18792 
-2.95166 -1.42852 5.487 1.79746 
-2.30979 -0.316373 5.27445 0.881467 
-0.74278 1.16277 6.14482 0.409757 
2.26789 5.41207 5.42719 -0.583049 
6.50049 5.56671 -2.70056 2.84416 
8.99749 1.1841 1.16108 1.44661 
0.473548 -3.66397 0.84595 9.46061 
0.825489 -0.210891 2.10833 9.98164 
-3.14104 -1.91372 8.33296 -1.55385 
-4.32041 -1.96996 3.59973 2.18491 
-1.75369 -0.0863277 3.44155 0.743868 
0.140412 1.59045 5.9958 1.03248 
1.68395 7.96026 1.36903 -2.74618 
3.86506 8.81583 -0.0212541 1.32935 
8.08996 -0.0826699 -1.14144 -1.8763 
6.11819 1.30633 -4.11292 -2.40778 
2.31534 1.38643 -1.88911 -0.104378 
4.78021 -0.494569 1.79241 4.43298 
-2.05708 2.07913 3.60566 7.48376 
2.45226 2.90962 6.82488 -2.63198 
1.40124 8.6887 -0.488679 0.825748 
8.83227 0.518846 -3.54063 1.35165 
7.18504 -0.984406 3.5929 6.60472 
-2.80337 3.88718 8.04532 5.3841 
2.80501 8.99353 2.47241 -3.72354 
2.7387 9.5402 0.879056 0.689341 
8.62955 -1.54674 -2.53949 -1.52203 
9.65125 -0.687125 0.0430838 2.54228 
-0.383892 0.197263 -1.13418 9.42664 
-2.68203 2.66689 6.44754 6.54692 
-0.668111 -0.957617 8.16318 2.32149 
-2.15928 -2.97058 6.04926 1.30032 
-1.70677 -0.0772915 2.70748 2.20301 
-0.232072 2.07923 5.13267 0.3709 
0.753557 8.18991 -0.214583 -2.49518 
4.63134 6.30166 0.0482058 1.7185 
7.17367 -0.00940116 -0.0196256 -0.481159 
5.11487 -1.98946 2.84744 7.78262 
0.25079 2.31077 4.3418 8.16208 
0.271147 1.65246 9.46076 -0.357232 
-1.17392 10.6998 -1.658 0.140844 
9.71977 0.131023 -6.02897 -0.682675 
-0.559282 4.83298 -5.07582 0.0569934 
7.20608 -1.90892 0.477217 3.34882 
-1.74266 0.29505 1.0697 8.30366 
0.731443 2.07233 8.72807 -2.23919 
3.79477 7.42275 -3.04331 1.2379 
7.59784 -0.55757 2.30712 2.66842 
-3.37484 1.59835 5.52791 6.58782 
-1.75913 -1.80924 5.97465 2.18972 
-1.60865 -1.31313 3.35071 2.406 
-0.722682 1.62254 5.96134 0.815921 
2.24745 7.22694 1.74812 -1.75901 
8.43696 1.85972 -3.30536 1.66538 
9.33336 0.372967 0.872836 3.98371 
-0.00824288 -1.0071 -3.36632 9.20312 
2.73176 -5.79641 1.09691 2.45297 
0.00553532 -0.896628 -1.16993 4.66733 
1.37885 0.218296 1.00035 5.88296 
-1.3507 2.68604 7.25971 3.1027 
1.42065 7.62226 1.40384 -3.72019 
-1.50648 6.27184 2.27981 -2.59052 
-2.19953 3.14541 1.16109 -3.79304 
1.23596 3.58767 1.84067 -0.867654 
6.06325 4.68343 -1.27021 2.44556 
6.30174 -1.95977 3.44191 5.91019 
-3.24232 3.3782 7.9039 4.39323 
2.97113 7.02296 5.33006 -1.45379 
8.21694 2.81817 -3.44809 3.23804 
2.14438 -2.65325 3.43115 8.87622 
-2.88576 2.01695 9.56425 -0.652836 
1.59369 8.67563 -1.64573 -1.67842 
8.92901 -0.858302 -1.71409 2.24278 
-2.41581 -1.15264 0.886912 8.50017 
-0.847805 2.67969 9.15017 -2.65146 
0.246385 9.84873 -1.64785 0.803763 
10.3374 -1.92812 -1.62417 -0.22379 
-0.324361 -3.99692 0.756915 9.92332 
0.142857 -0.329188 2.14988 9.95512 
-0.67594 -1.96897 9.41037 -0.89664 
-4.83576 -3.48832 4.25016 2.50176 
-1.97826 1.56951 2.7304 2.00204 
1.86608 4.27014 3.95045 -0.19602 
4.71755 6.97997 -1.45817 2.09112 
8.70444 1.1899 -0.303944 -0.829563 
6.56231 1.91745 -2.66497 -2.37018 
2.28903 1.97232 -2.31875 -0.0474073 
6.08544 -0.841174 0.979621 4.27881 
0.830366 -0.0505339 -1.2218 8.11056 
1.64811 -2.11263 -1.45553 7.19892 
1.63907 -3.56781 -2.99662 3.45874 
2.87586 -1.14733 1.07527 3.09016 
-2.04466 0.936415 4.53049 5.70274 
-0.729612 -1.62861 6.52708 1.12062 
-2.10978 -0.458849 4.98533 1.73075 
-0.263553 0.462938 5.0035 1.16938 
2.84508 6.53967 4.57954 -1.14855 
7.55747 3.16535 -4.0623 2.34558 
9.10263 0.546839 2.07945 4.23851 
0.565831 -0.281346 -1.61346 8.50359 
0.308592 -0.0561946 1.25525 8.49517 
-4.03474 0.259814 9.6643 -0.522437 
-1.26496 0.293011 10.1023 0.359311 
2.52162 8.39388 4.7466 -3.18226 
-1.03401 9.01132 2.5904 -2.14081 
-2.59543 2.08848 1.32297 -5.1458 
0.19002 3.41736 1.2137 -0.920061 
3.37647 6.39796 0.744447 0.280631 
8.78483 -1.29719 -1.08504 0.0628471 
0.554182 -0.457766 3.03043 9.20039 
-2.47892 -3.18611 8.51947 0.115051 
-4.412 1.20573 1.43736 3.44831 
1.11515 2.34664 5.84909 -1.82461 
3.38638 6.85824 -1.87179 0.219522 
7.33821 0.183682 -0.873227 -1.98442 
6.31198 1.14511 -2.15078 -1.6465 
4.4044 1.23528 -2.84534 -1.71936 
3.19957 1.63198 -2.57445 -0.788047 
4.13195 1.88292 -1.56002 0.266299 
6.31338 0.664043 0.679223 3.04674 
0.486097 -1.42463 1.86187 8.03679 
-2.97484 2.19477 7.85443 2.06077 
1.49887 3.13685 7.72424 0.652582 
-0.0953018 8.33967 -0.69311 -0.701551 
8.17656 2.07569 -2.64325 2.18696 
6.40301 -1.59125 2.45154 6.27268 
-0.416094 1.8454 2.837 8.0431 
1.0642 1.23084 9.58368 -1.25951 
0.825234 10.2553 -1.10298 0.590859 
10.1912 -3.02992 0.97195 0.882728 
-2.02273 2.71648 2.98889 9.82478 
3.47905 5.94046 7.92125 -2.4557 
4.89552 8.28364 -0.269779 3.12788 
5.72017 -2.73257 3.91478 6.2288 
-0.365094 2.44576 5.33289 7.25345 
0.448737 0.642574 9.52403 1.1218 
3.30717 7.8285 4.23375 -1.71372 
8.14305 4.32904 -2.82325 3.84617 
3.1601 -3.20772 3.3873 9.17412 
-0.462338 3.32192 6.88369 6.91179 
3.31257 7.11281 3.43919 -3.1439 
6.52709 4.01034 -2.64135 2.92794 
7.55024 0.642337 0.744081 1.6945 
-1.72677 -1.8844 0.843973 10.0153 
-1.91259 0.259152 10.1639 -1.94141 
0.867712 9.00626 0.267568 -4.05123 
-2.72775 5.62413 2.4929 -5.16442 
0.912858 2.077 2.0567 -2.4731 
3.91256 4.76285 0.269202 1.2099 
7.21233 -1.4929 0.738785 3.79342 
-0.553881 -0.985409 -0.31032 6.87538 
0.223591 0.111575 2.07096 7.00174 
-2.4662 1.68942 8.3309 1.21991 
2.19984 6.33868 5.78399 -1.78246 
2.64165 9.18861 0.993791 1.48543 
10.1435 -1.74218 -0.334397 -1.79972 
9.82731 0.596765 -0.901363 -0.812961 
8.02458 1.68939 -2.68668 -1.95095 
-0.179933 2.34026 -4.81865 -2.00606 
5.14613 2.74531 0.468429 3.91402 
-0.528958 -2.56692 -0.109443 8.59216 
1.32272 -0.516875 0.622025 8.54638 
0.490993 1.64236 3.66617 8.22075 
1.85464 3.87829 8.41921 -3.07039 
