0 0 0 0 0 0 0 0 0 0 0 0 0 0 0 0 0 0 0 0.01 
3.37072 2.38036 3.29678 4.61404 3.21032 2.73026 3.57384 3.85424 3.30708 4.13523 3.72117 3.37261 2.32691 3.41516 3.86384 3.83772 3.78384 2.10016 2.76191 3.8823 
3.07697 5.93605 6.29036 1.63979 1.71833 5.86884 10.0258 0.291977 -0.936304 3.61388 6.36255 6.69769 5.86695 5.15583 1.20909 0.910361 3.96308 7.23904 7.6419 3.58017 
6.7764 1.53605 -5.62785 1.81034 6.96036 2.30727 -4.52357 5.10587 2.66889 4.66952 3.71747 -6.59299 2.63183 12.0572 8.52011 2.58777 -2.37625 -6.57244 -0.138781 -1.81049 
6.53577 -1.29715 4.1491 3.2706 6.30176 -0.464445 -1.17838 -1.29213 8.15881 1.80713 2.0371 -1.49827 -3.73268 -4.45615 1.41434 4.5209 8.56929 3.78256 -3.82111 3.79166 
2.31598 -3.54343 4.15709 3.76654 -2.39412 1.66351 4.94008 6.41549 -0.358541 -6.42193 0.829666 3.30828 1.46375 -0.912115 -0.490566 1.36309 5.9829 -1.78472 2.06846 12.965 
4.57202 2.28375 3.97466 -2.69627 0.194269 0.892537 7.04869 -1.7095 3.88666 3.14553 1.8739 5.15834 4.7337 0.0102863 3.10088 7.06592 2.05249 -2.01343 1.02442 11.0953 
-8.15183 -0.030391 1.8086 8.37657 8.41325 6.47657 6.03529 2.69955 5.5466 6.80732 0.247331 0.525169 1.97521 4.5972 5.66094 -2.44582 -1.94951 0.100467 8.92035 -1.74916 
6.50459 2.16458 1.15691 7.68157 -3.80654 -3.6744 -8.40014 8.59844 2.51083 -0.175439 -0.0280524 1.66456 7.24703 -3.07798 -2.68676 -0.134939 2.61836 7.12616 4.40184 1.34246 
9.67452 1.8198 0.57549 5.82718 7.82256 3.43613 1.87264 5.11206 6.47405 0.522395 5.00621 3.64997 -5.72131 1.43872 0.934599 6.52552 9.86136 -0.690836 -0.387065 3.02309 
-1.53102 -5.83892 -4.9896 9.39667 0.581933 0.316895 -0.944404 7.08511 5.60619 -0.670757 6.21528 -0.102873 0.828539 -0.428932 6.5603 -0.970307 -5.82581 1.7158 4.774 5.92059 
-2.07843 5.0634 7.96818 3.59833 5.43066 -0.846538 1.77125 10.2876 5.83564 -0.332681 5.26219 0.505731 0.765323 3.16292 5.50692 1.01555 5.62935 7.34247 0.183386 -2.56258 
8.55602 6.13361 -0.572869 -4.01331 2.3392 4.66029 5.44064 2.62309 -6.37856 0.755041 9.92269 8.63187 1.03242 5.89121 6.72468 0.0304777 2.55451 0.819786 -0.449398 2.54864 
-1.57843 -4.02549 3.66214 6.01152 1.70802 6.06498 -1.49711 -1.32404 6.15925 -1.30724 -1.45821 5.08567 10.0427 -2.89118 6.38929 4.51189 6.00178 7.97184 3.13687 3.86425 
-0.124322 0.783141 3.47766 7.4338 -3.30835 0.797811 1.23048 0.0121294 3.6105 9.43553 7.59861 8.72165 9.67642 -1.5301 0.915056 0.182103 -3.68307 0.628392 6.22577 -0.0502104 
-0.187881 3.85048 6.93677 -1.28663 0.482902 4.69681 12.3022 2.93444 -4.51477 -3.22856 -8.37469 -5.68829 2.75586 5.09321 3.23544 0.582894 -1.25857 -0.0766381 6.04302 4.78094 
0.727423 6.30344 1.39553 -3.42733 -0.824661 8.04529 -4.65487 5.17711 1.15468 5.65042 4.25624 7.23136 1.33817 0.715476 6.11756 4.73393 3.12651 6.73785 5.31353 -2.22804 
0.0780513 6.86277 2.08354 -1.23397 -0.52928 1.12959 13.8747 -2.00346 -1.4697 3.6709 4.32288 -1.07275 1.03988 3.16692 9.67028 -0.830173 -3.21396 5.42106 3.60486 -0.621738 
0.186077 7.73599 0.0387845 1.06995 1.25916 5.57666 10.2827 -0.662119 3.7221 6.32483 -1.34996 0.955068 2.5007 5.17503 -4.75332 4.23928 -1.8298 1.59315 5.14742 -1.54529 
1.33071 8.8043 5.49322 1.35162 5.77837 -0.472655 -6.55467 0.21761 3.9817 7.33665 1.31574 4.28391 6.56484 -1.46229 2.57293 8.84386 3.47044 -2.72528 3.45891 1.20388 
-8.15878 2.48432 -0.774465 -1.07225 6.09324 2.86427 2.16252 -1.00484 1.0274 9.05238 2.86287 -2.79417 4.80043 4.59178 4.58247 5.11743 -4.16174 0.909506 10.4434 6.47382 
-6.15451 1.02979 6.24214 7.88129 -3.59082 -0.491027 0.196863 2.23234 7.01866 1.54627 -3.19504 1.57929 8.92651 0.614332 -4.35683 5.20545 0.501118 -3.82194 6.04308 5.27211 
1.06535 -4.24707 0.540424 2.34317 -3.37975 -2.44972 5.07338 3.81138 -5.67831 1.08129 1.8117 6.30453 5.34388 -3.1595 3.31211 7.83336 -0.205314 1.16661 5.79341 -3.23998 
1.22379 0.997885 2.87019 2.10907 -1.95486 -0.346118 5.04199 -0.600919 -2.10444 -2.67022 5.23006 1.02507 -5.08586 1.26923 5.19396 10.2421 3.23593 1.14696 6.57644 5.637 
3.28011 4.4786 5.00884 -2.50418 1.75867 0.0434389 5.51738 3.65533 -1.47878 0.242327 6.87569 -0.113029 -0.783779 -1.18294 1.20714 7.56317 -3.66127 0.391085 10.0322 0.19832 
-3.32639 5.63091 5.73571 0.349843 4.00072 5.86861 -3.23809 0.902925 0.424261 0.768872 7.36231 3.55558 -0.924937 2.50648 5.34779 1.10634 -4.90604 -3.10354 8.30817 3.50461 
9.69825 0.188609 1.94758 0.692848 5.35832 3.93939 -0.537128 3.53031 10.137 0.0641421 -1.76648 -1.63505 -0.247956 2.5803 6.87892 2.44498 5.19788 1.0645 1.78709 9.53663 
-4.89644 -1.14553 8.96999 3.522 -5.14013 -0.305598 0.53406 7.06018 8.79001 2.59021 5.92703 3.77041 2.50587 6.81674 3.45238 -3.10215 3.11221 6.67516 3.82616 -3.82055 
1.88391 0.194261 6.25421 -0.643611 -2.62202 -0.894555 3.23515 8.22608 -5.36201 3.91849 8.37025 7.37711 -3.666 3.64647 -0.194912 1.00775 3.61683 7.36424 0.849113 3.77281 
7.00055 2.40682 1.59936 -0.212377 3.80778 6.58204 5.65291 2.13541 -0.828598 3.32616 6.3863 -3.25388 1.65955 14.3269 4.11006 -0.204324 5.97618 3.81937 -0.314652 4.12432 
1.26861 -3.13224 0.940107 10.095 -1.57094 -4.22277 -2.15367 -1.41623 3.84298 4.15694 -4.05928 -1.71306 -5.17384 -6.27972 2.838 6.78611 7.30566 8.35536 2.55821 5.07122 
1.0884 -0.632968 0.0259055 5.95514 4.48987 -3.11537 3.9961 4.04382 5.04122 5.14059 3.87846 6.25717 0.0950198 0.758579 -2.49072 -5.63622 -1.37152 10.5075 3.60845 6.16867 
2.52171 3.0855 6.42562 2.34603 -3.8315 2.29315 2.72144 10.924 -1.43336 -2.24252 3.20949 5.90213 1.65257 3.98097 1.80536 1.65052 -4.02257 -3.07701 -2.66562 7.02863 
10.3113 -3.65164 0.177453 0.485881 0.519297 0.936742 6.6733 -2.60793 1.21489 -3.58252 1.76125 8.10804 -1.78001 4.6485 4.46763 0.0719537 1.92041 3.50678 0.20311 1.79411 
7.87549 1.76019 3.84115 3.31327 1.69348 4.9177 6.90923 2.77573 2.44502 1.93605 5.06964 9.62672 -3.47725 -0.617735 3.23673 3.7335 5.30246 7.11385 4.57568 6.32934 
-1.63791 1.77447 8.3912 10.1856 -5.46145 0.981296 1.9528 1.61749 4.49885 5.81639 -5.9283 0.0618239 0.20819 -1.54346 -1.03004 15.1945 1.54969 1.83646 6.0256 4.18214 
-3.90761 -5.27342 4.77697 6.89616 3.02012 2.47279 6.2609 1.80513 -3.82596 7.18861 1.40247 0.496748 4.94057 -1.35427 -1.24285 5.24978 7.8817 1.78652 8.81293 -2.15139 
3.18678 1.40022 2.1547 7.96517 4.86101 -0.773726 6.95786 1.36241 0.491919 5.52094 9.40172 1.22266 1.84568 0.592631 2.14045 7.59925 2.03616 -4.09773 7.39854 8.49893 
0.0811149 2.50996 7.02347 -3.91257 -0.210418 -4.93481 2.362 10.5469 3.25961 4.77048 -2.11391 -0.81409 -0.592035 9.90899 -0.921058 -1.12806 -2.58499 -1.64303 2.95944 12.7154 
-3.29187 0.929074 5.33729 6.31216 -0.543801 -2.50333 -1.71693 8.93035 -2.4859 0.0950652 -1.15172 3.0749 8.97618 2.72581 -2.53776 4.96803 3.2563 0.938431 4.51111 10.9889 
-1.53897 -5.32396 5.73348 7.11738 0.208814 3.38492 6.53032 5.71028 -4.01587 1.02137 2.08187 6.64938 -2.61619 -2.78727 -2.77176 8.06054 6.52789 -3.76253 5.65164 -0.0420059 
1.2928 0.0781656 -2.09951 0.454198 11.6839 0.437335 2.5408 -2.79512 1.67197 4.59215 5.10787 -0.232297 -0.489354 3.73816 12.9684 3.66233 -1.17857 2.91242 3.51997 -1.91861 
4.0388 2.28114 -0.954946 0.330187 9.67876 -2.37632 2.07567 0.560435 4.71341 5.38796 -3.48246 1.46578 2.29371 7.31373 -3.4972 -3.06774 -3.73504 9.76204 1.54713 0.452491 
6.18819 0.768744 -5.30234 -2.82815 6.32244 7.53014 -0.850319 5.57148 2.86372 -3.44157 1.79828 3.09846 5.00116 -4.1776 1.36389 0.991437 9.12318 0.773332 -5.07495 -0.859628 
1.78408 -3.14032 2.6062 0.0526739 -1.80062 3.86281 6.22334 -4.41612 5.94716 4.25015 2.5925 6.70145 -0.290502 -0.250946 2.55526 6.02225 -4.63776 3.41206 3.4532 5.67732 
5.56613 5.31189 4.05398 5.09834 5.063 6.1915 4.56271 3.2011 7.82657 3.75999 -2.37856 6.02134 4.55644 2.69968 6.05491 1.37061 -0.20604 3.64937 7.15304 -0.97991 
6.55984 8.28004 1.59816 5.17113 8.07352 0.94116 2.11062 4.85796 -2.21756 -1.12565 -0.798985 3.53277 9.0654 -1.77831 3.14525 4.32786 6.27888 11.3558 4.55649 0.532399 
4.06769 11.9828 4.52412 4.30518 1.7876 -2.102 4.1045 5.17085 -0.820352 3.60583 10.0111 7.87063 -0.210663 1.23822 5.87795 -0.794211 -8.97718 5.0533 7.24398 -1.16021 
-10.908 8.20789 -2.47144 -0.446076 3.55344 5.95015 8.07392 5.64849 0.708225 3.62846 0.198724 -3.94718 0.330992 9.66506 1.57592 0.370374 7.06322 5.66148 4.88628 7.03457 
7.37828 6.14707 10.2965 2.93479 4.56827 7.56013 0.222045 8.09255 6.09305 -0.553367 -0.176056 0.526054 -1.42831 -0.984384 11.4766 2.68219 -6.31736 1.31978 -3.36583 3.73742 
-9.73364 -2.94299 -4.36148 1.51406 9.69888 2.38652 -4.49661 7.66111 1.29101 -0.445328 0.715483 5.01443 5.17826 5.32373 7.76175 0.0440004 4.65928 9.50332 5.08856 -2.60032 
6.2734 -5.83091 5.79813 -3.6034 -1.12575 4.81643 4.77373 5.36251 0.629211 -6.20579 -3.76434 8.9137 -1.5897 -5.61626 -1.66631 8.65981 0.710422 -4.75615 -3.8666 3.74502 
5.39158 6.04913 -5.64767 5.00564 3.50945 5.54996 0.974786 -3.47002 6.39664 0.68145 -3.97745 -3.1615 6.18294 -2.55409 2.18293 3.09985 2.84864 -0.616909 2.64199 2.15184 
-5.73401 1.58967 -0.0611181 -1.4192 8.224 3.83658 -2.39876 -1.64064 4.77317 1.53816 -3.91616 2.5371 1.00114 5.82701 6.91242 -2.00396 2.31894 3.53756 6.37134 1.28229 
0.809126 1.41104 5.64779 5.39009 -1.87409 -3.31997 2.55108 0.945982 3.39613 3.08012 -0.875757 2.11604 7.5192 -3.70617 -0.614408 -0.207576 3.02346 7.3018 -2.39032 3.64049 
5.0738 1.30224 0.510055 -1.86088 1.86927 -0.142192 1.09378 5.1021 4.88287 -1.7686 1.82904 5.59315 9.42166 5.0305 4.2793 6.86937 4.3123 2.30421 3.0577 6.38682 
-2.87884 0.128624 4.35732 4.93608 4.45282 5.4725 3.96181 -1.47809 -2.43689 1.25776 1.92574 8.46411 -4.5829 -2.02245 -6.51764 7.39956 8.35439 -0.00778346 5.40503 -1.93742 
1.64042 5.71268 7.1958 -6.75519 -3.17946 0.652697 3.76343 0.387222 1.68751 3.92935 7.46106 7.01277 5.97798 7.91398 4.9127 3.34602 3.31532 -4.04846 3.69582 1.14275 
-4.59656 2.89357 -2.48652 0.947636 -2.06023 -1.61582 5.60783 13.735 3.13663 -3.20506 -6.56945 -2.00419 -3.24892 5.60167 5.27092 0.22509 1.78137 1.94561 6.28261 5.90358 
-2.07568 0.465925 7.29238 0.921634 1.40831 2.50918 8.50259 11.4134 -4.4044 0.223067 0.547531 2.73305 0.281266 0.500162 9.66788 5.45711 -0.937222 4.08865 -2.12428 -0.773788 
2.02304 5.29819 9.39287 1.27061 -0.456893 5.209 -3.96144 -5.03501 -3.28074 5.71331 7.34619 -0.455784 1.11017 4.77554 4.7409 -5.22933 0.827987 7.58885 3.25883 -1.28098 
-0.115897 7.37911 -1.47324 4.19716 -0.18262 3.36658 7.12503 -0.207881 -2.3041 -0.832342 7.02232 8.1421 -1.22108 4.23071 0.656232 5.18155 0.990633 3.72175 4.73631 -2.88586 
-0.136868 3.82593 9.62186 1.14867 2.43727 5.24927 -1.33608 -1.03324 1.64575 10.2622 6.01545 -2.59085 1.71577 7.44067 4.07496 -3.7312 3.43867 6.74852 -1.76617 0.766567 
4.15938 3.07394 -2.62937 -0.600743 3.24802 4.67113 -1.04952 1.82487 7.69021 -4.63369 -2.36115 0.495732 9.42274 0.950619 -4.36612 2.02207 0.575587 5.79494 9.80267 3.65863 
0.811744 5.27442 -0.347695 1.32476 5.95887 1.11686 -1.67559 1.62051 8.58283 3.62593 4.51342 2.83014 -6.92768 1.98713 1.2735 4.83964 7.74958 -6.9194 -5.18848 -2.453 
6.4235 7.8211 2.45961 0.823156 2.70288 -1.00105 1.78511 5.88144 5.43745 -7.97514 -0.0295972 4.73175 3.31717 2.06467 6.3201 -4.91619 -4.29943 -0.441777 -0.931661 2.372 
-1.8233 -5.88453 0.801986 5.46125 7.78853 3.78578 0.532182 1.00919 -2.59217 6.41256 1.21507 -0.0376323 6.66682 0.962747 -4.79564 -1.082 -1.40803 4.51722 7.29402 4.30248 
7.68191 3.15811 -1.21695 0.835627 10.1302 3.90361 -0.405203 4.15812 6.40746 4.9136 0.0651625 2.01796 5.27486 -0.299838 2.8282 4.33216 4.39409 5.54054 2.29866 -0.104494 
4.04248 -2.18982 2.84643 2.70254 7.40881 -0.829207 -2.17812 -0.343904 9.68199 2.3513 3.24455 8.54641 7.506 2.44704 5.22735 3.31831 -3.46499 1.27854 2.62903 5.57454 
-2.3713 -0.81483 4.80949 2.87929 -5.42115 2.89223 4.95315 9.08176 6.87521 -10.7139 1.11164 4.99431 4.4651 1.9196 5.8755 -1.06459 -1.06364 -0.593894 7.28494 -0.511744 
2.94998 4.80385 2.34968 -2.88173 2.19859 -2.28131 11.9843 -0.323721 1.96453 1.66609 1.24241 -0.703367 5.50918 3.13317 -5.35889 1.66635 4.36031 6.78969 1.7182 -1.67443 
6.93822 2.28777 -3.16202 1.28141 6.88695 3.54921 -9.05517 3.53304 0.572961 6.68344 6.29078 0.631325 3.32134 -1.42458 2.8235 3.55798 6.68544 -1.3705 -2.41046 -0.348958 
3.68013 -3.18721 4.02255 5.50025 8.44988 3.00524 1.53015 1.23522 4.31077 7.15749 -3.3737 3.51092 10.6671 4.48757 -0.494516 0.880477 -2.04045 0.25301 1.54435 5.59332 
-1.89624 0.252315 4.54294 7.84641 -2.42033 5.23826 6.63003 5.1841 -0.899626 -4.24566 3.60141 1.67595 8.71971 5.42046 -3.32594 4.24871 6.57334 4.67707 3.59063 -2.97059 
1.05637 2.43481 7.87418 8.07468 0.570598 4.53294 -0.108321 -2.76001 4.55479 7.75982 2.35015 5.82611 -3.99172 -0.723909 -1.38713 6.42559 4.21269 -5.17435 4.24418 3.65358 
6.27183 -1.67493 3.13594 -4.45118 -0.650411 6.91735 3.09427 0.650928 5.06668 7.60312 -2.41695 6.05853 0.697264 1.90474 6.7984 -0.737666 -4.49722 0.962155 2.20239 9.37653 
-4.9728 -2.4944 5.05949 2.50883 2.64586 8.89912 8.27403 -0.0533126 4.34346 6.35482 6.25381 6.20889 -1.5988 -1.39389 3.78966 1.39968 2.76837 6.29602 4.31766 -4.18963 
1.70727 0.622093 1.05089 9.57414 -7.9369 -4.04051 0.109468 3.1156 2.34673 10.1455 2.95501 2.2727 -0.433545 0.339511 3.26582 8.42024 -2.07789 -1.32601 -2.14626 -0.426035 
4.49489 6.56646 0.353905 -1.03807 -0.610671 0.521843 14.7056 -1.89256 -2.60206 2.14668 0.12245 2.30441 7.08879 5.46911 3.2955 -0.153135 -0.632292 5.39076 6.21348 0.820674 
4.86691 0.841632 -2.06918 0.560258 8.4733 10.2801 -6.20645 -2.03943 2.14533 11.187 4.22629 1.97143 1.03691 -4.49332 1.47391 2.51594 6.74848 8.85233 -0.609986 0.178004 
5.95036 0.078878 -0.673765 1.99925 7.54008 5.29944 8.40728 -2.98191 -0.239413 8.66775 7.31863 1.12559 1.62504 -1.47732 0.27565 6.89113 -3.26141 -3.81075 0.434953 6.06662 
-2.2565 -0.594195 1.31393 7.32325 -3.95822 -7.28332 0.0942905 2.10135 1.85772 5.68256 2.87703 -2.2813 4.01986 11.1344 1.39664 3.16216 2.80665 5.31719 6.59923 -0.839154 
1.55733 3.97951 5.96699 1.89725 -0.0498237 6.76138 8.52298 -0.0230708 5.27894 1.05791 -2.43773 0.651272 7.41347 9.7268 -3.64356 2.35578 6.78743 -2.03727 -1.03852 0.135882 
6.07748 1.80525 -2.04493 0.65845 1.12236 10.4443 2.4856 -0.914103 8.10313 2.39488 -2.21773 0.13699 8.11957 1.23891 4.52858 -1.83422 2.02436 9.32133 3.81284 2.78154 
6.91917 1.20336 1.74578 4.38221 5.71181 -4.66179 -2.05179 -5.36315 7.24747 4.18173 0.461646 0.699766 7.6877 0.297566 -4.27375 -0.230927 6.5253 7.03376 -6.09911 2.46366 
-4.88056 1.06074 7.72523 -3.25008 -1.47857 -1.41903 0.946738 9.81294 1.33446 -3.2096 -1.45402 0.371623 7.98102 4.1601 4.33362 4.09297 0.817097 -4.26275 2.70506 -4.71451 
1.84975 1.93022 6.75736 1.5145 -4.20951 2.44851 6.94981 7.34106 -0.134021 3.94725 4.83957 5.29434 6.6893 -3.74922 -1.82796 5.74558 4.08958 -0.0889029 5.471 3.33689 
2.93178 3.32899 0.377727 -0.869915 1.90557 5.59216 5.56276 -4.93715 1.77972 -1.50421 10.0088 5.83258 2.25599 -1.08264 0.318729 -1.46224 5.30628 9.72982 -2.10204 2.24129 
2.64614 -4.33416 3.53909 7.98837 3.19671 -0.520396 -4.2227 2.04217 4.48713 6.24838 -7.23359 -1.13135 -1.59672 1.76149 5.19483 5.97429 5.09701 0.911388 0.215518 5.28185 
-2.17504 2.48074 2.23356 8.829 1.07104 -3.02317 1.20235 1.01833 6.77321 -1.49565 1.90883 1.53456 7.37278 6.61191 -5.32086 0.519406 -0.520273 0.977091 6.07578 1.95126 
1.80552 4.69858 3.7508 -5.56216 4.27519 1.6479 2.75929 7.92992 1.35685 0.728103 5.09406 2.18453 -7.2958 0.638514 -0.331663 -0.420893 4.63009 6.31531 -4.41347 1.02045 
7.22224 0.857005 -1.88714 0.022784 0.643906 10.0221 -3.77785 -2.54966 -0.431889 4.17322 3.40614 -3.62608 1.96057 2.62611 4.68629 6.11412 -0.751754 -2.54603 -0.671032 -1.74896 
3.86146 -1.91102 1.63634 2.98192 7.7565 7.00154 1.44723 5.04866 3.767 -3.53139 2.10931 -0.0594517 -0.483444 7.59476 -1.21801 -3.76229 1.04653 2.32453 3.68039 5.66675 
1.02769 1.21462 3.08051 6.92088 -5.03035 -2.85223 -4.22905 4.87033 2.57701 -0.287963 3.97403 8.99107 1.11553 -0.00719501 -1.47594 1.28887 7.53259 5.51325 -2.16565 -2.64655 
3.22751 5.6205 0.48655 -2.60675 -0.726365 2.78535 10.6057 1.97758 0.939305 3.89289 7.28924 2.43553 -0.37364 6.10002 8.31508 3.0474 3.18635 -2.84517 3.15836 2.39131 
-2.20057 -0.0810338 1.14146 2.46205 1.74715 4.72053 10.8434 1.97545 3.06173 6.24488 -4.23315 0.128607 -1.17831 8.47273 -0.136926 -2.60351 2.73118 12.0156 4.50137 0.419683 
6.15457 2.62426 6.51876 8.9928 -3.70821 -4.07635 -1.08787 -2.23204 -0.105947 7.12157 4.71244 4.95336 3.5819 -6.02423 1.6744 1.51975 5.95874 5.57515 -4.33155 6.11309 
9.96731 -4.72636 2.66944 2.55049 -2.53666 -0.0347964 3.63102 2.4279 3.36924 7.77366 -1.25685 -1.98475 7.12165 4.36863 0.780715 5.66643 0.731899 -3.60439 1.33881 5.01885 
-0.0453982 0.599149 6.97392 -1.40278 -2.07047 -2.52201 6.29311 4.3272 -5.04368 4.81177 -0.803835 -1.11213 -1.63036 9.23829 5.93701 -2.81354 0.220204 0.79563 4.04391 7.16215 
2.85029 5.14611 6.9844 1.73215 3.24126 5.56983 3.92132 -0.0832383 1.00088 6.49107 -2.25842 -3.05812 -5.36451 5.66076 2.02567 0.181033 -0.225979 5.80956 3.33707 -5.56489 
-0.0302204 2.82484 8.80294 2.36164 5.18588 5.56373 -3.10562 2.73579 7.9488 5.41882 0.651966 3.29163 3.20852 5.03938 6.3206 -0.749869 2.50801 5.88827 -0.588844 3.18542 
9.00958 0.546934 -6.07695 -1.10693 1.2922 2.80656 -1.60287 -2.97912 6.54423 4.69266 -2.94383 1.70584 8.60318 -2.79371 1.83302 0.776445 3.67743 10.0089 3.94306 4.0441 
4.8132 1.34842 6.36026 5.01203 0.506281 3.6856 1.1269 1.74184 4.9023 -2.02681 -1.83634 -3.5492 -3.57958 9.24582 10.5267 -3.40218 2.03193 -3.28351 -0.125283 2.85591 
0.623494 -5.28055 2.15541 2.73563 2.92396 6.78905 5.34329 -1.33901 2.27591 1.5719 4.29447 -0.392136 -0.863161 -2.32763 2.13315 9.21345 -4.03829 5.81147 9.61085 7.81921 
3.57299 6.50649 -1.47243 2.2364 9.44786 -3.31271 4.36405 1.56327 3.74507 6.36809 -2.5207 2.94727 2.70942 2.03852 4.55589 9.60458 -4.75785 -4.86039 5.96399 0.945834 
4.41318 -4.20498 2.4779 7.85279 10.7805 -3.15645 -2.10224 4.67159 6.10618 0.257554 1.57486 6.16241 7.2042 -3.79367 3.65141 -1.47248 -2.56172 -0.780859 -3.19619 3.12367 
3.52139 -1.18567 -0.187484 9.1614 6.82102 3.05289 0.422931 3.00202 5.16164 -1.8974 1.87012 7.86023 -2.71165 0.998152 6.97763 2.67738 -1.68768 3.8135 4.35583 2.37709 
3.2197 5.62286 4.95387 3.26617 -5.54958 4.54432 2.92714 6.98397 0.421136 -2.09159 0.420875 8.72747 6.05706 1.88667 3.4257 -1.75348 1.88599 7.45555 4.38451 -3.66088 
6.48108 3.88431 -4.45507 2.64154 0.418105 -1.18336 8.23136 2.08658 -0.94032 2.49539 6.88977 8.18435 -2.76902 0.133836 5.05566 8.70739 2.05348 1.99845 -1.86112 3.35852 
0.700074 -4.13178 -1.27381 4.42699 9.37846 1.38683 -1.80453 -1.63806 0.160118 5.09541 5.19473 -1.07874 6.34059 7.58641 4.22503 4.49924 0.622664 5.47313 8.7977 -3.06444 
3.48882 6.05056 -0.154694 3.2977 10.2604 3.57515 3.35085 3.88267 4.44109 7.57564 2.68495 1.43705 7.09309 3.67054 -3.50388 3.35161 9.81622 -5.60835 0.930556 -3.19359 
11.0838 9.06813 2.3041 2.53013 -1.35114 -4.20873 -1.74867 8.16796 1.1841 -5.28048 2.3116 5.84859 4.45021 -2.14057 4.09101 5.75685 8.95089 3.39953 -5.27832 2.55813 
6.85182 -4.95733 -0.754151 2.85533 2.93954 -8.17823 -2.46649 3.90023 2.14736 -2.41909 -1.76595 4.47987 4.2414 -2.383 -0.311458 9.26478 3.11008 5.74787 4.44736 2.35507 
-4.31892 0.227397 0.0703202 5.73312 -0.265419 2.96626 -0.510959 -0.554866 3.75351 1.01312 2.24003 3.7312 0.231325 -3.82659 -0.300982 1.79253 10.3566 3.76463 3.78369 2.86118 
0.970217 3.45945 9.16905 2.64262 -0.614278 3.74611 4.76751 5.15456 6.19334 1.29914 -0.437507 3.1536 0.797109 2.28929 4.79664 7.56135 2.76316 -5.77564 3.73015 6.29789 
7.95621 -2.75715 5.21153 0.713687 1.34458 7.76965 -0.0565362 -5.82682 2.30828 4.69497 4.73992 8.62434 5.30256 -3.47677 1.03775 -2.33452 -1.54744 0.450703 2.08471 7.56391 
-2.27506 -2.71135 2.94978 8.91254 -3.01465 4.49223 -0.512044 1.48939 7.11082 3.70556 -4.83108 -4.7399 3.7011 7.39737 1.28687 3.36706 3.63191 4.55095 4.79085 -4.00294 
1.10506 4.73551 8.06151 6.31542 -4.26055 -0.480825 2.13135 6.16698 -2.07183 -3.28324 3.2926 2.13913 -0.00633097 4.45032 11.3211 0.807913 2.23431 -0.561396 -1.71099 -1.3776 
4.16232 3.60603 -7.95359 1.6488 -1.45295 1.41644 5.12608 -0.212155 -2.24782 -0.493734 5.78824 11.7564 1.28405 0.486417 2.10494 2.80726 6.44235 2.0045 -0.958833 1.54802 
-1.62537 -4.57998 1.43214 2.50891 6.31736 4.92043 -2.31092 -0.172872 2.69659 7.01018 3.80491 -4.2814 -0.859137 -1.16368 11.4544 0.406066 1.73171 -0.578185 1.64634 5.52072 
-1.38833 2.58541 6.33397 2.92424 -3.48534 -3.1861 0.661894 5.06337 4.6751 -2.35968 -3.74897 -0.244586 5.55009 7.11365 0.357667 -4.24271 4.42284 8.29273 2.45729 -0.445879 
6.90731 4.2543 0.664162 -2.64886 3.91917 4.22698 2.15893 5.44416 -0.535113 -2.04116 1.29907 6.81085 3.5195 -3.29838 -2.72477 -2.36068 8.20759 1.62385 -4.13214 2.50711 
3.88698 3.45266 -3.24935 1.42932 5.18188 7.24247 -3.41156 0.540493 0.850348 3.1989 5.87829 -0.0871268 -3.77685 1.90794 5.33003 4.2722 4.25686 -3.11381 2.39273 -2.79473 
-0.883963 -0.561913 -1.11951 -3.03262 6.42502 1.94674 -0.475593 0.249946 8.24903 -0.261784 -3.58294 -0.671929 0.355528 4.3984 5.08989 -5.30515 2.06139 -1.27655 3.80735 6.38131 
1.05487 5.24395 2.84904 0.839395 5.05539 2.19174 -3.20001 -0.695203 9.5196 5.1052 0.180134 2.76259 4.56286 3.34282 -2.43584 1.16815 4.08739 8.32145 -1.61275 1.7935 
9.63812 3.13455 -1.99971 3.8749 4.8272 -0.656901 4.11824 1.36013 2.78365 7.40796 2.40117 5.12272 3.85926 -3.8781 3.09217 7.86406 3.42519 -5.00576 0.231184 -0.994899 
1.06183 -3.76914 1.39628 9.71688 8.91764 -0.0537793 3.07984 7.41243 4.60844 -3.37866 -0.176673 1.88189 1.6159 -0.266945 -1.95802 7.02692 6.4848 2.57648 4.8476 5.89413 
-1.53638 3.11422 4.30046 4.72603 -3.66357 -1.45904 -6.01129 1.6961 9.002 4.13625 3.99588 1.99095 0.966402 -0.187168 1.51854 7.3854 7.91809 -2.93903 5.86495 2.64275 
-1.18922 3.19314 5.20813 -5.81933 1.52565 6.06252 0.315304 0.977921 4.6997 7.28415 2.20639 5.22795 5.42797 1.67812 4.51196 2.10285 -5.81553 0.325998 6.16516 2.72063 
4.72319 1.74533 -0.848682 -4.59319 -3.81319 0.61536 10.5786 7.44693 4.32113 1.51209 -0.259292 6.17489 6.80591 -0.589901 3.68186 0.137692 2.36169 -1.5354 -0.44651 6.89994 
-4.26201 1.21033 3.4047 2.7465 2.13769 1.07022 3.91451 8.30699 3.319 6.50487 6.15159 -6.59969 6.55026 4.5568 5.04058 3.78968 -3.63001 2.24321 5.36987 5.50876 
1.62194 1.91066 7.17114 4.69249 -1.55782 3.34209 8.48147 -6.67885 -1.91446 0.997316 2.58981 -2.48638 -4.37914 4.78854 5.25724 -3.83382 2.9213 2.84868 7.10865 0.167737 
4.03302 6.89858 -4.33638 2.31117 0.225276 2.79825 6.54711 2.75163 5.31237 1.85858 -4.9809 4.41634 3.15336 0.996196 6.61812 9.96583 -0.613451 -0.427443 -2.70182 0.839912 
-0.619539 -0.0839766 0.174182 4.35547 12.3957 -3.03084 -0.55863 1.47389 2.75318 1.01266 -0.40731 -1.23467 6.13903 3.2271 -5.55087 6.83147 4.55694 2.98752 8.45143 4.07362 
2.91611 5.0528 5.6375 -1.91441 -5.56465 2.03303 0.322474 9.6507 4.96504 0.31846 3.30897 4.57208 3.02972 -2.78116 2.99518 3.0656 12.0879 -3.25179 1.3858 1.34844 
-4.75917 -4.28787 2.36139 0.71818 0.312493 0.905251 2.77544 9.77409 -0.194855 3.90887 7.7892 -2.10118 -3.72853 0.395609 7.41437 2.0617 -5.3576 5.39052 8.76433 7.56541 
-2.02394 -0.588502 1.76926 4.60563 8.6218 8.08585 -0.936511 -2.80396 -0.458802 4.23793 3.89951 -1.55217 2.73706 8.73261 -3.98559 -0.162028 1.66227 7.77564 9.47919 -5.55626 
-1.9161 -1.00311 8.59288 -3.08784 -1.71032 -2.80083 -1.96175 0.0273376 2.44626 6.20803 1.59662 -1.63344 3.13512 8.63967 2.17002 4.58349 -0.0299438 -8.18103 3.52616 1.04656 
3.52321 5.60885 7.38102 -4.08189 -1.15398 0.0135975 2.36049 3.44205 5.96048 2.33983 -1.65574 2.21905 7.53264 3.55863 -4.85274 4.65376 1.79096 -2.07993 -2.40369 0.383893 
1.80243 -4.4685 -4.47962 -0.687844 2.41577 7.37593 4.10214 -5.18219 -1.18865 -0.758981 1.48035 5.14711 2.82224 -4.8328 2.2525 6.99028 1.10552 -0.913027 2.8357 6.91783 
-1.21082 5.07778 3.93465 -0.0687803 2.68905 6.08316 -0.994675 5.01405 6.52827 2.23051 3.94899 0.848662 -2.22183 3.5464 3.22224 6.35237 5.35833 0.0382389 4.39207 3.4444 
2.58263 4.3892 -0.567264 -0.284099 3.78276 13.0133 -0.0758354 -2.0525 3.32318 2.47351 3.57552 2.50703 1.8027 4.40886 6.61348 -3.91436 3.26766 3.93186 7.5425 6.7027 
2.97128 4.82403 4.18256 3.8417 5.04108 -2.89455 -2.82781 -4.06388 11.0526 3.8827 -0.921767 4.02594 6.30185 -2.07063 -3.53463 1.05467 3.45512 11.7281 -2.29994 4.9884 
6.34117 -2.18832 3.58562 4.05381 -0.325975 0.303882 3.51176 8.07142 2.98085 -2.78645 -0.807124 4.91208 3.04848 -4.26796 -0.0477689 12.3424 7.06802 -7.20125 1.17733 5.80337 
4.19049 7.84293 4.56049 1.00233 -2.50244 1.04092 7.78237 -4.18047 -0.110651 0.507445 5.60306 2.63821 -2.90914 3.43969 -5.73201 -0.148786 6.25643 -3.51999 2.54883 -0.59327 
2.1557 -3.68288 -0.640114 1.28775 3.09838 6.15737 9.57421 3.30202 1.37181 4.61401 -0.453056 -0.683949 -1.12502 5.07623 5.66995 4.36207 8.26937 7.11987 1.14535 4.66446 
-1.3431 0.910264 1.01749 4.72548 5.19464 -7.85568 0.477988 -3.06898 0.368791 7.78426 2.65298 2.12975 6.50044 7.04837 -8.72486 -4.16 -1.43463 5.6632 4.95108 3.02666 
1.65897 8.03275 0.773872 -3.89495 -2.03212 -0.974558 -1.43757 5.11287 11.0156 -3.54185 -0.197391 1.34211 4.48665 -2.68753 5.19381 0.157026 -0.483537 5.32778 1.90215 -3.01193 
1.02766 7.8446 2.83177 -0.886282 0.776305 2.97574 3.58047 6.80203 8.3914 3.76217 4.63755 0.970376 -3.01199 1.4034 8.8281 4.85857 1.32196 3.83476 -1.18448 1.55399 
-1.87323 -1.66014 -1.86755 -0.329984 5.77931 8.10271 -9.06242 -2.45078 -0.972314 2.60883 4.3706 0.925646 0.423886 1.41505 8.73202 -0.374671 -2.3302 2.4794 12.1157 2.69731 
3.39555 6.87297 0.131941 1.97512 4.73846 -3.08315 6.42785 -1.0338 0.246586 8.75615 1.85344 -0.396632 2.42787 6.78868 0.242257 -3.01273 1.13443 9.21899 -2.84384 -2.69487 
8.42192 4.6438 -0.299553 4.68458 10.2374 2.28823 -0.339157 1.57263 4.48582 5.25084 -2.34582 1.58252 5.48393 1.12386 -2.06948 2.26961 8.47251 5.16522 -2.01379 2.73927 
2.70936 -4.72066 0.2286 3.11511 9.0433 2.62345 5.32364 6.48388 -5.49368 0.952356 0.289415 1.22103 7.74939 2.84469 2.98205 6.16531 5.70644 -0.829712 4.78579 9.13701 
-3.34908 1.10634 13.3479 2.3558 -5.74933 -3.71333 0.761615 3.96976 -0.563423 1.07148 10.0696 5.01389 -6.40417 2.45232 4.69481 5.23136 -0.271681 1.00329 5.3451 2.20243 
4.26538 9.23014 5.05068 -8.32796 -0.530353 1.41023 2.39979 5.51797 7.04314 -2.12842 -1.8182 -3.62383 -1.76213 9.56432 3.77402 -2.61127 0.0264759 3.04287 6.20169 -0.135338 
2.84176 -3.8421 -2.27618 -3.62318 2.37223 7.61498 0.66637 -4.16213 -1.18956 -2.87637 1.6517 1.02049 -0.992404 5.56041 0.105913 -4.96742 -2.00747 3.03525 10.4812 0.404622 
1.49638 -0.396614 4.00674 -0.115634 -0.675774 6.46324 4.19924 -0.246031 2.75811 1.50118 3.7487 7.2189 2.73234 -1.78547 -0.354947 2.95316 3.28423 3.50944 8.80623 -3.21807 
2.73693 6.44452 -1.76774 3.76585 4.71271 7.39307 -0.778788 -0.75546 2.0566 9.13354 -3.94217 1.23518 -1.49389 -0.175463 3.69793 8.58027 -0.628031 -4.50423 3.7557 1.92944 
-3.82433 2.13924 2.94695 5.8558 0.448654 -4.43726 1.3021 6.76066 8.80061 3.03301 -1.93317 3.53254 4.54387 3.91575 3.35028 -3.19303 -2.23375 -2.76237 4.95248 8.41746 
2.14926 4.08898 1.54932 -3.94145 3.31549 3.69652 1.94403 6.71845 -3.08948 -2.84345 -4.48405 3.57926 4.49745 -3.09156 4.17249 2.35112 3.45658 5.22423 6.79473 6.67813 
2.95476 4.64653 -1.45627 2.15795 2.38815 7.4852 -1.90251 -1.60196 -2.16826 1.87703 7.7419 6.77989 8.9386 11.1069 5.30875 0.210485 -1.31361 0.841696 3.16508 1.08858 
0.928775 1.90739 1.81194 4.14804 4.0515 -5.02157 1.82458 4.49635 7.23961 5.46396 -4.6556 -11.2157 3.10656 -5.78164 7.13819 7.97643 2.12187 4.84725 7.52966 3.31353 
3.64886 7.24766 2.22072 -3.13494 -0.898159 1.40635 -1.13381 5.57084 0.81946 -2.70217 5.09455 10.1239 0.849809 2.76972 7.62782 11.0675 -2.36524 2.31373 5.24447 0.677183 
-3.10266 4.89255 1.63669 2.73699 7.00494 5.43669 2.71867 0.211711 -1.71196 0.769903 5.80541 10.1682 0.501545 1.49813 3.09988 -2.41276 4.50163 11.9369 6.07985 -0.934772 
4.33381 5.04532 6.07759 -6.78692 -2.24819 -0.165015 2.36915 4.1239 2.93149 4.26373 6.5999 -1.77731 -1.60347 3.63777 7.75911 -1.87451 2.94259 11.8769 7.74023 4.21247 
4.91518 0.672207 -2.56137 5.48725 6.71307 3.66911 8.32 3.46068 -3.6817 2.96046 2.64279 -1.62577 -0.315308 4.7125 4.14495 -4.71746 -1.13042 11.4062 6.08008 4.36279 
4.64439 1.96081 2.76158 5.88165 5.93133 -3.87616 7.19702 5.3539 -0.447487 3.15026 4.86275 1.04223 2.77924 4.34389 -1.61485 4.75498 -3.5691 -3.23873 -6.26059 8.24603 
2.94493 10.2802 1.16106 4.46024 0.390813 0.878216 6.09502 3.80663 -1.88043 3.11897 11.3796 0.608405 3.09474 7.63773 3.02125 0.561584 1.45989 3.34589 -4.63546 -2.25937 
7.48965 3.04884 -6.55555 3.07133 6.46867 5.94604 -0.644897 -3.33921 1.524 6.40818 10.6161 -1.85126 -0.442267 7.82062 4.82425 0.863451 3.76607 0.57806 -0.792274 1.06302 
4.70566 -0.398524 4.92683 8.1018 -0.536258 -4.04147 -0.0806382 0.347244 3.8154 4.97878 -3.71292 6.77095 -5.10374 -2.03591 4.7615 6.03202 5.97196 3.17988 0.157087 3.03573 
3.82368 -1.97475 2.02607 -0.536778 -1.22523 0.135244 5.93726 9.08946 3.82283 1.98836 4.22669 6.11454 0.969455 3.91537 7.99026 -3.92365 -3.83496 0.451467 6.80666 9.58241 
1.68622 -2.96854 5.52575 4.95166 -0.133953 2.66815 8.02137 -5.37909 -0.261054 -4.02873 8.36213 4.75189 -2.08135 5.67818 -0.366152 -1.65933 -1.13127 7.35116 -0.272293 -7.05893 
3.52603 6.54252 4.03227 -2.06548 0.345573 5.20862 10.357 5.72565 4.46433 -0.721853 -5.56887 3.14368 4.68919 6.6537 -2.26186 -2.28153 -4.5841 2.19794 7.83613 1.5604 
-1.9369 6.9383 3.37092 1.00713 1.93404 6.72263 3.68631 0.410233 8.35855 -0.248157 -5.09713 -3.22611 3.57075 3.3872 -0.955593 6.10938 6.34851 2.65535 8.19406 5.42478 
1.19112 6.74161 0.800778 -4.71896 -2.02889 10.6519 3.12437 0.550289 6.4342 4.66105 3.28817 0.89918 3.00846 10.3742 6.11695 -8.88998 3.6597 2.597 4.73361 0.395533 
3.12851 6.09729 1.38778 5.72512 3.55261 4.6298 12.3099 -1.30762 -3.72845 3.63479 1.54972 3.35955 4.19873 -7.42705 4.36178 -1.00752 3.35962 8.77169 -1.40445 -0.262788 
5.20137 12.3266 0.702696 4.42311 3.86935 -5.40999 3.52206 -1.7004 -1.68416 -3.81326 5.97492 2.06419 -0.483123 -0.344188 -3.23595 8.74603 0.00551111 -6.00653 2.31372 1.64919 
-2.53622 -7.72711 -1.70623 7.68367 0.865149 -1.18166 5.32699 1.53569 -5.06285 -0.404629 4.96372 5.44352 0.440602 4.27668 7.72271 -2.04025 -3.19409 2.52202 7.09524 6.01134 
-2.20078 3.07308 -2.45282 -1.25087 5.6955 5.11913 -4.00756 -1.7618 1.29668 0.0309386 -0.619231 7.71938 4.12556 -4.09573 3.81384 -2.15574 -0.534044 6.78035 -4.14054 -4.50039 
4.7727 2.45692 0.984752 1.97543 5.4504 -2.29243 -0.573808 -0.00468609 5.09211 5.71191 4.32445 2.76509 -3.54036 1.16767 5.23442 9.6704 5.42116 3.23785 2.20209 4.2339 
-1.69565 0.564897 3.62226 5.84477 -1.3805 -0.228104 1.29492 8.96664 -0.646928 -5.91957 -0.957174 2.42298 1.57308 1.63581 6.77495 0.601516 -3.80953 -0.0660286 11.1863 -0.655617 
0.935246 0.437658 6.12841 -0.356781 0.736268 1.63117 7.32903 -2.19505 -1.21626 3.68417 8.84769 3.32507 3.53856 1.41596 -1.87097 -0.539387 2.06412 6.35332 4.97696 -5.53388 
2.50798 5.56365 5.86897 -0.0996735 3.70728 6.04072 -2.93758 0.646757 0.871568 7.82781 0.712507 -4.8698 3.44617 6.49039 1.11845 2.8079 5.39697 -3.10922 -3.70753 0.848393 
4.43686 -1.42002 -2.64887 -0.463501 5.25047 1.91858 -2.58693 1.75614 6.67057 -5.23226 3.13531 0.600115 3.04364 9.06645 0.859271 -0.515251 5.77591 1.72447 3.53023 7.53241 
2.89281 0.622702 2.56431 3.88914 4.92816 -0.7699 0.08742 0.476329 7.57386 11.978 -2.82462 0.245432 0.41217 1.21344 -1.20749 -1.19952 5.28815 7.71939 -2.50814 7.96569 
0.864334 1.18247 3.54862 7.87363 -1.28274 1.29807 3.56462 5.41518 -4.91742 -4.93057 0.568319 2.9725 9.01179 3.35455 1.14101 4.05364 9.69872 5.32746 -4.0283 3.08546 
10.2325 -0.0316171 2.46673 2.76319 0.743546 3.8954 1.67332 -4.82096 1.98925 1.68072 0.800878 3.75771 9.64731 -0.122633 2.28768 6.56042 -5.18342 1.19503 -2.36066 4.48847 
1.58914 -0.297885 4.3991 8.15441 -0.0109121 2.67091 -0.176265 0.375912 1.73028 7.77637 7.32302 -1.77562 0.181396 -0.146186 3.80263 9.8536 5.97561 6.72701 6.79615 -4.79284 
1.69361 8.17061 -2.23735 -4.14969 -1.32196 4.55005 7.43939 3.0394 3.55117 -1.09352 -4.30362 0.445412 4.59009 6.8236 -2.46387 -11.4612 3.77519 4.14546 4.07182 0.954998 
2.14804 3.55112 2.24227 7.06432 9.53838 3.35951 2.35883 -1.999 3.3662 2.03505 -0.136001 0.55609 4.66092 -4.93047 -2.94304 -1.52541 6.45461 5.32387 5.79613 5.09849 
6.51827 7.84692 -8.41404 -1.34113 -1.49252 -2.3642 -0.722731 5.71639 5.81442 -0.138394 1.56368 4.39019 4.09446 0.659652 4.49707 9.29543 1.4715 -6.29659 -1.78899 -2.34818 
1.29549 -4.38492 0.734976 -4.33716 5.12974 4.81282 3.13147 6.32632 -1.21394 -2.87503 -1.3984 11.5442 3.35339 -0.840409 6.11012 -3.89333 0.294105 -1.85685 3.63593 5.20861 
-2.15983 0.415565 3.16751 7.09187 6.4718 -4.3843 -2.7387 3.70039 6.55441 5.4025 7.87987 3.95145 -4.1351 0.333804 6.45757 5.66241 -2.29852 3.32961 5.84208 -1.46836 
2.78054 9.17894 -4.76503 -2.49609 -5.67226 -1.3601 1.9312 2.74851 7.76864 -7.13999 0.304053 -0.288348 1.93379 -1.23873 3.20241 5.46168 0.50785 4.5294 4.89977 -2.36924 
1.25414 10.4943 3.94084 -5.17578 0.920133 2.5408 5.78386 1.85414 -3.50702 -0.453435 1.02383 8.08464 0.737202 2.77962 7.93864 6.62314 -1.35301 1.90829 1.03322 -0.0360228 
3.92173 4.74257 0.607589 5.97373 8.84283 -1.70048 -0.948131 -1.7155 3.00019 7.34081 8.96187 6.2731 -3.57226 -0.13389 3.09434 -1.45025 2.18424 5.23194 6.05653 2.48899 
4.14017 10.7345 -3.50885 0.505318 -0.022294 -1.61403 -1.00709 8.03879 -1.68677 -7.79985 -2.37931 -2.5096 -0.239552 0.258863 4.00113 9.44426 4.25346 -1.10245 -2.80033 -0.00547301 
5.86851 5.6728 2.56581 4.50782 -2.49772 -1.20003 -3.52961 3.91518 7.27139 -2.61483 0.379594 0.122427 2.22561 4.86847 4.6046 -4.72793 -2.38454 0.758591 8.54233 5.75439 
-0.403785 -1.24662 8.42925 -0.954102 1.6684 6.10212 6.98571 5.09664 5.24024 3.01026 5.12598 5.58855 -1.45546 -1.44623 -2.85325 0.829416 1.23594 2.59074 8.79785 -5.42984 
-0.225419 10.3504 0.168905 -2.65864 0.218055 10.4654 -1.86442 2.95467 3.49862 6.75735 -2.97372 -0.760003 -0.889654 1.62255 3.96433 6.17161 4.58405 -3.81845 -1.99924 0.305063 
7.77502 6.21174 -0.354322 4.52971 10.6096 0.529239 -4.67266 -0.0822051 6.19613 0.118011 -1.77601 1.29678 8.63977 3.1245 -4.05563 -0.33738 -0.890457 -0.189755 0.488985 2.59043 
