0.0565081 -1.39128 1.06895 0.619363 0.108029 0.653744 -0.00337242 -0.699979 1.0422 -1.12377 0.22434 -0.369412 0.612776 0.477224 1.22031 -0.959242 -0.19728 0.367981 0.215139 0.439699 0.682885 -0.683841 -0.357436 0.341138 0.8415 -0.0757189 0.204738 1.47231 0.813375 0.354881 -0.78405 1.72447 -0.460436 0.0895336 1.21313 1.26793 0.278553 0.224238 0.739114 -0.600527 0.178924 0.949454 1.34631 0.693848 -0.288718 0.455287 0.670902 -0.000235381 -0.0882905 1.33558 
0.472816 -1.09904 2.1014 1.4798 -0.185859 -0.29673 0.415864 0.111882 2.44718 -2.14453 1.05808 -2.09583 0.0600617 0.156126 1.99897 -0.619463 1.33212 1.75089 -0.0058554 0.933542 0.980718 -0.698074 -0.349494 0.595767 1.22902 -0.288167 0.390021 1.72049 2.24558 0.648272 -0.879188 2.03541 -0.100814 0.47206 1.60503 2.08765 0.203842 0.264449 2.38419 -0.371704 0.212419 2.42395 1.88661 0.431634 0.740892 0.261609 0.346906 -0.0636576 0.0920266 0.618453 
0.2356 -0.0339459 2.52656 1.03748 0.0450055 -1.69153 1.57206 -0.535401 2.55164 -2.09197 1.98403 -3.09163 0.535975 -0.658908 2.62685 0.999924 3.0074 1.28578 1.08766 -0.0806896 1.13867 -1.15865 0.660223 0.862508 1.72526 0.413755 0.315867 1.18623 2.22315 0.923308 -0.911946 2.07546 -0.273892 1.17873 1.36652 2.47966 0.0837713 0.766574 2.91591 -0.277768 0.109595 3.57648 3.02504 0.625692 2.28431 0.591734 -0.127374 0.0312573 1.26784 -0.0549697 
1.57589 -0.846792 2.87708 0.442764 0.533438 -1.03378 1.80121 -1.18572 2.3774 -2.79238 1.90867 -2.5249 1.62304 -0.913573 2.63499 1.47633 2.78316 1.27225 2.03751 0.0499662 0.934702 0.170641 1.09277 0.244481 1.59261 0.99274 -0.51033 0.349274 2.32625 1.76522 -0.659584 3.2335 -0.0890969 3.37986 1.60793 3.11008 -0.390749 0.758104 3.43704 -0.381325 0.486779 3.50988 3.4186 0.328177 2.66043 0.796529 -0.234949 -0.40797 1.02012 0.00591496 
2.7784 -1.08384 3.80506 0.251483 0.370385 -0.159175 0.966286 -0.0431115 2.3862 -3.18093 -1.08335 -1.13899 2.36384 -1.29069 3.08804 1.88576 2.85856 2.4983 3.70046 -0.0247404 0.131431 0.368607 1.57152 -0.25316 1.36063 0.788289 -0.00511325 0.489741 2.53229 1.64979 -0.907392 3.35196 -0.0656384 3.90915 2.0447 4.36005 -0.237949 -0.204909 4.45269 -1.22699 0.572606 2.92847 4.16527 0.434489 2.60008 0.977063 -0.920116 -0.231605 0.239132 0.415056 
4.0777 -1.58429 4.20903 0.0790529 0.616192 0.0727333 0.826994 0.460231 2.46837 -3.37234 -1.88174 -0.783456 1.15513 -1.18424 2.68044 1.30514 3.16585 3.26847 3.73755 -0.382106 0.478728 -0.795375 1.16335 -0.19014 2.07401 1.37569 0.529554 0.211492 2.93532 1.81171 -0.329489 1.91686 -0.123234 3.69729 2.307 6.23374 -0.41212 0.646087 3.34085 -1.41588 0.719758 4.22772 4.62729 0.69192 1.86982 1.51046 -1.02615 -0.5476 0.952559 0.495092 
4.2336 -1.61014 5.49405 -0.248245 0.344869 -0.218526 1.37818 1.2446 0.976101 -3.54279 -1.15786 -1.68936 0.906101 -1.50216 1.98286 1.14798 4.25424 3.18726 3.19608 -0.174415 1.60588 -2.16756 -0.665369 -1.35882 2.81032 1.28552 0.99918 0.592346 3.31723 1.68313 -0.572032 1.85854 -0.266991 3.32849 2.28799 7.06301 -0.512307 1.95471 2.35088 0.167803 1.90028 4.34413 4.46819 1.00288 0.997723 1.91642 -0.583289 -0.450673 0.1654 0.65279 
4.50855 -1.74634 6.8222 -1.07054 0.786251 -0.83187 1.3046 1.84245 -1.51044 -3.52595 -1.71404 -1.73127 1.19514 0.236851 0.181762 1.38099 4.05261 3.36166 1.70936 0.000843784 1.78988 -2.09627 -1.44317 -3.00556 2.81665 1.15975 1.43618 0.596015 2.81526 1.25336 -0.260824 2.91049 -0.248575 2.82177 2.69955 6.04574 -1.249 2.54539 2.62317 0.334641 1.70884 3.8714 4.51675 1.47045 0.0405786 1.47188 0.577524 -1.36087 -0.759624 0.149066 
3.90891 -2.33047 5.72482 -1.08142 2.34871 -2.70076 0.451358 2.52034 -2.77717 -2.9679 -2.6973 -0.975807 0.963191 1.89154 -0.533977 1.75899 3.04938 2.86037 0.824948 -0.759675 3.56619 -1.46587 -1.874 -3.67138 3.11198 1.17974 2.09301 -0.419365 3.61306 0.751555 -0.491333 3.0591 -0.171271 3.09648 3.20573 5.32888 -1.06485 2.58897 2.18599 -1.41982 1.36261 4.45236 5.50006 2.40849 0.367048 1.36097 0.826282 -1.97429 -1.3219 -0.527734 
4.48027 -3.25503 5.66983 -1.8957 2.18748 -4.80586 0.383284 2.55786 -1.91685 -3.53362 -3.6308 -0.0795041 0.497503 1.25409 0.0989827 0.99197 3.21905 1.85141 0.132792 -2.55414 5.79508 -1.7077 -2.56676 -3.09312 2.80939 1.69656 2.39012 -1.20937 3.65272 0.515718 -0.474142 3.33698 0.815993 2.45075 2.38216 5.14325 -1.45282 2.45554 1.23364 -2.99287 0.688153 5.79174 6.65028 2.46389 0.158958 1.70131 -0.803938 -1.3419 -0.361059 -1.24622 
6.33452 -4.62005 5.00637 -2.44146 2.31899 -5.82553 0.554009 2.77168 -0.869725 -3.94145 -4.44059 0.0401364 0.0170222 0.404754 1.4048 1.50078 2.52689 2.54177 -1.24736 -2.64373 5.5976 -2.21703 -3.54993 -4.10125 2.91528 1.11075 0.816575 -0.0693462 1.96261 0.823563 0.0258374 4.19635 1.70008 1.54567 2.35218 4.18272 -0.802091 3.51735 1.71206 -4.9185 -0.0737856 5.56124 7.20812 1.50386 -0.297371 1.0443 -1.76504 -0.248093 -0.555273 -1.46575 
6.47445 -5.03341 5.0782 -2.42267 2.81221 -5.89707 0.801531 3.49153 0.340788 -4.01457 -4.47362 -1.45182 0.445015 0.944029 2.34929 1.31934 2.24989 3.25674 -2.39542 -3.7823 5.46946 -3.54772 -3.95306 -4.5018 3.5878 0.53691 0.832852 -0.203717 1.8573 -0.333237 0.706337 3.35587 1.33232 0.182883 3.25658 3.43485 0.145528 3.63623 1.51214 -5.04572 0.272553 4.77979 5.85166 1.16692 0.427777 0.632657 -1.27427 0.31535 -0.772717 -1.44433 
6.04598 -5.29177 5.31612 -1.97736 2.77184 -5.91617 2.32906 3.06233 0.640682 -3.34566 -4.06213 -2.30377 0.772528 0.53975 1.15012 0.836669 2.44888 4.16873 -2.648 -5.17885 5.42944 -4.41988 -4.50445 -5.54593 3.60823 0.464801 1.91881 -0.0397658 2.91747 -1.37478 0.380057 3.71257 1.12637 0.700375 2.13668 4.60938 0.110368 3.48281 0.62807 -4.44522 0.178951 5.69454 4.36216 0.667547 1.03182 0.497675 -1.36254 1.02356 -1.29906 -2.58262 
5.43978 -5.382 4.87025 -1.8952 4.12701 -5.17503 1.64718 2.81779 -0.212261 -1.78489 -3.56826 -2.01897 0.934545 0.391731 1.27396 0.0609088 3.48223 5.24069 -2.06387 -6.14982 5.36418 -4.49971 -4.48893 -5.71751 4.05892 0.089124 2.23719 -1.15191 3.20813 -1.10445 0.307097 3.72587 1.11801 1.605 2.27394 4.74929 0.255531 2.90292 0.271612 -3.81549 -0.209587 5.67106 4.14295 0.155052 0.0928025 -0.131664 -1.26951 0.973355 -1.63458 -4.2282 
4.76725 -5.14588 4.69919 -2.45263 5.52006 -4.52486 1.31175 3.39745 -0.0320952 -0.711513 -3.6229 -1.34332 0.781822 1.92722 1.1804 -0.155028 4.67289 5.60481 -1.76136 -5.52749 6.2624 -5.67601 -3.79121 -5.86172 4.63918 -0.196928 1.83844 -2.9874 2.98967 -1.2757 0.583401 2.71605 0.876467 2.25201 2.34109 3.82714 -0.277897 2.04673 0.375467 -3.53808 -0.304539 4.15571 6.1729 1.11709 -0.824085 -1.03412 0.00234553 0.247247 -0.924374 -2.97836 
4.0591 -6.32539 3.93117 -2.47637 6.2837 -4.44533 2.20237 3.68248 -0.422468 -0.817318 -3.14195 -0.632345 1.13211 3.96518 1.4961 -0.614632 5.54288 6.19968 -0.999064 -4.7062 7.09471 -6.74434 -1.90078 -6.05174 3.50587 0.350167 2.10008 -3.76235 2.81033 -1.4495 0.00573094 3.38126 2.04003 2.99567 2.16086 4.3652 -0.415625 1.33794 1.18993 -3.31037 -1.25892 4.64125 7.23233 1.74686 -1.93151 -1.99702 0.616919 0.554022 -1.61506 -1.44672 
3.78224 -6.12767 3.86647 -2.10462 7.39327 -4.29077 2.45874 3.731 0.37807 -0.340284 -3.87214 -0.358873 1.51834 3.9498 0.984175 -0.793553 5.88553 7.09115 -2.63111 -4.96002 6.55857 -6.30495 -0.82835 -6.34154 2.94574 0.75848 1.76541 -3.77464 2.91049 -2.34898 0.461857 3.71653 2.72264 4.07443 1.51695 3.76421 -1.10192 3.17632 1.31614 -2.81208 -1.32634 4.64851 7.48503 2.24125 -3.33803 -2.64775 0.671138 0.509884 -1.26996 -1.33868 
4.0455 -5.92796 3.48211 -2.35897 8.53843 -4.34343 1.98496 3.69654 0.326682 0.228177 -3.51098 0.61122 1.2995 2.94131 0.150501 -0.843082 6.23353 6.17909 -3.70045 -4.77571 5.6007 -5.10052 -0.754121 -6.7743 1.66729 2.04552 1.31686 -4.05091 3.16253 -3.00742 -0.290928 2.91067 1.57467 4.33947 1.8999 3.99513 -0.574017 5.0106 3.45666 -2.03767 -1.38885 4.78546 9.21031 2.29151 -4.31714 -3.81978 1.82904 0.975792 -1.13171 -0.526811 
3.25564 -5.70135 3.18583 -2.29871 8.19327 -3.73566 2.77319 3.47723 -0.72341 0.133757 -4.02174 1.63317 1.36961 1.63628 1.03362 -1.10307 6.5952 5.46112 -3.43384 -4.2098 5.65148 -5.2746 0.274338 -7.07044 1.28281 3.48447 0.958549 -4.03922 3.70216 -4.37825 -1.23425 0.859575 1.33207 3.78032 2.18162 5.6136 0.0470698 5.27725 4.8666 -1.48673 -2.0102 4.68212 10.2041 3.56647 -5.83911 -4.80461 2.34666 1.77371 -1.05763 -1.08769 
3.20219 -6.24027 3.08566 -1.95465 7.87627 -4.56663 3.19579 2.89675 -1.49201 -1.15694 -3.64675 2.01364 1.94566 1.03553 1.32189 -0.429619 6.70638 5.68905 -3.96901 -3.54325 6.11548 -4.7437 2.39451 -7.04319 1.35224 4.95453 0.57785 -3.44387 4.549 -4.84431 -0.754808 0.813417 0.791846 3.0228 2.79923 7.40241 0.524676 3.95332 3.8857 -1.99217 -2.50775 3.19713 11.6978 4.75969 -6.63967 -5.09764 1.60285 1.94614 -0.266258 -1.12921 
3.1035 -6.68264 4.16467 -2.4373 7.15758 -4.65155 3.91298 2.95454 -2.51044 -1.36417 -3.35595 3.40478 1.84567 2.63141 1.40315 -0.423412 5.40978 5.79852 -3.95734 -3.0856 6.13881 -2.8209 3.56463 -7.99173 1.91601 4.64868 0.584861 -2.94501 5.45463 -5.82825 0.0481378 0.550128 0.503995 2.53147 2.67392 7.59557 1.2122 3.26681 1.88445 -1.89211 -1.96224 2.16224 12.2783 5.80329 -7.16694 -5.16155 0.946892 2.13373 -0.225802 -1.4639 
2.52609 -6.56245 5.21157 -2.8986 6.25278 -4.95403 3.7828 2.6846 -2.1578 -1.59838 -3.16638 3.76274 1.76424 3.7917 2.72208 -1.43934 5.34706 5.37529 -2.79105 -3.18824 6.50266 -1.58881 4.35878 -8.55575 2.63497 4.24663 0.483791 -2.21439 5.28655 -6.37246 -0.0277116 0.261054 0.933719 2.83015 2.6835 7.31061 1.58997 3.35809 1.47926 -3.06127 -1.27654 2.3608 11.0234 6.3823 -8.4605 -4.86932 0.463922 2.33475 -1.88505 -1.74649 
3.28113 -7.05506 4.34393 -3.13291 6.06015 -5.73142 5.15842 3.41654 -1.72707 -2.81212 -2.64904 3.66463 0.241843 3.20826 3.89131 -2.43305 6.07857 6.47625 -1.88891 -3.22388 8.31502 -1.79061 5.03681 -8.94438 4.33242 4.52254 0.471596 -2.64706 3.96137 -6.14028 -0.192116 -0.252379 0.387664 3.28965 2.64855 7.61286 2.00281 4.04782 1.72824 -5.11673 -0.455267 1.69735 9.4297 5.3213 -8.43809 -5.04673 -0.36765 3.01394 -2.50906 -1.98902 
3.39907 -7.41721 3.50189 -3.44311 6.74864 -5.31718 5.27001 3.70963 -3.19249 -4.1973 -2.01591 2.80707 0.037722 3.54633 4.37048 -2.10585 6.53194 8.35127 -2.9292 -3.04514 8.98307 -2.04978 5.80696 -9.72328 5.07257 5.35869 1.31476 -2.37191 2.97946 -5.48111 -0.0663749 -0.425529 -1.09641 3.90189 3.27811 6.13472 1.1975 3.56821 2.17143 -5.20425 0.405279 1.66344 7.97889 4.96618 -7.59179 -5.90711 -0.0701914 2.2059 -2.58163 -2.2851 
2.66007 -8.11075 3.74373 -3.76236 7.77386 -5.22193 5.26529 3.54424 -4.1403 -3.72446 -2.43029 3.00751 0.254614 3.33879 4.70167 -0.627507 6.72785 9.4146 -3.81052 -2.13024 9.01094 -2.12702 6.92944 -9.70469 5.28063 5.74095 0.24714 -3.09254 2.14432 -5.56615 -0.617684 -0.903671 -1.75357 4.90662 4.15119 5.28008 1.44815 3.00603 2.33954 -4.66484 0.297119 2.92546 8.22193 4.72717 -6.94741 -7.83207 0.141619 0.890836 -3.91719 -2.23225 
1.78192 -9.00662 3.46364 -4.60992 8.65342 -3.72235 4.33169 4.47471 -5.53465 -3.73609 -3.57443 3.95812 1.753 3.83854 4.39229 -0.174737 6.29311 9.86672 -4.35801 -0.866982 9.02205 -1.9008 7.27803 -8.54222 5.75867 5.78312 -0.597187 -2.98862 0.972074 -5.27758 -0.731974 -0.721329 -2.68763 5.14808 4.51914 4.07163 2.09901 1.43648 2.4295 -4.01482 -0.144026 2.34024 8.03126 4.4588 -7.4079 -8.37727 -0.339283 1.66792 -4.67815 -2.6663 
1.94461 -9.80807 4.26225 -4.69363 9.42209 -2.66183 3.0221 5.76779 -5.86562 -3.15331 -3.24475 5.19739 2.43331 3.94868 4.09046 -0.683 6.19889 10.8362 -5.44915 -0.885843 9.72423 -2.11843 8.39025 -7.69206 5.55669 5.80964 0.569942 -2.70046 1.41077 -4.25447 -1.62868 -0.342426 -3.07916 4.79655 3.7851 4.27007 1.69699 1.10994 2.7325 -2.80887 -0.76268 2.47311 8.14126 3.94917 -8.88404 -7.94016 -0.912153 1.38201 -5.1094 -3.02674 
1.8683 -9.26059 5.30635 -3.49039 10.2067 -2.96584 2.88571 5.24015 -6.65789 -2.96106 -3.06272 6.22596 2.64421 3.30877 3.88966 -0.334775 6.91489 12.3302 -6.10544 -0.906891 10.0957 -4.11351 9.15621 -7.3897 5.12432 5.16989 -0.133867 -2.52894 1.25872 -1.90777 -2.16114 -0.343554 -2.52184 4.44 3.11493 4.34497 1.25531 2.87079 3.78784 -1.9392 -0.616654 2.92759 7.68162 3.03244 -9.90699 -7.83862 -1.39422 2.03136 -4.36599 -3.30046 
0.993968 -8.51257 5.47888 -3.5706 11.1086 -2.93176 2.91244 5.22344 -7.54647 -1.9719 -2.57205 6.84385 3.35271 4.36888 3.00564 -0.369042 6.86632 13.6884 -6.0622 -0.617643 10.0022 -5.49785 10.0223 -7.96921 4.123 5.30578 -1.01043 -1.73666 1.68872 -0.771444 -1.72153 -0.451623 -3.12201 4.56392 2.82721 3.64525 0.88054 3.33391 5.40751 -1.65207 -0.616497 3.60708 6.50949 2.94144 -10.8849 -6.39938 -1.34332 1.92742 -2.55762 -4.02297 
0.155958 -9.07407 5.57514 -3.92019 12.6597 -3.63415 3.97385 5.74731 -8.28561 -1.70219 -2.77241 7.07893 3.0923 6.01456 2.28423 -0.536676 6.60718 14.2894 -5.91546 -0.0917624 10.4511 -6.00996 10.7105 -8.37469 3.92788 6.78038 -0.449289 -2.03956 3.45103 -0.997903 -0.439627 -1.16359 -1.73674 5.28636 3.04533 4.31472 0.695687 1.68198 7.1714 -1.5159 -0.0905978 5.25786 6.14683 4.25046 -10.8117 -4.65226 -0.458046 0.956955 -3.43967 -3.93773 
0.104763 -8.30266 6.12455 -4.27664 13.2597 -3.70097 4.55079 6.68557 -8.55475 -0.599043 -4.1602 7.60841 2.95626 7.18928 1.73901 -0.247434 6.1015 14.7238 -5.74195 0.55224 11.6514 -6.25308 11.3665 -8.94698 3.3041 5.99476 0.191551 -2.61963 4.26325 -1.16525 0.331876 -0.838452 -1.1022 5.25559 2.50656 4.43745 1.33614 1.18219 8.07163 -2.19336 0.771648 5.86154 5.46809 5.57014 -10.1495 -4.05752 0.588205 0.829672 -4.19361 -2.45249 
0.714158 -8.07557 6.39885 -3.42833 13.5136 -3.9578 5.39903 7.37968 -8.37735 0.470745 -4.4624 7.49621 3.38763 8.82427 1.84036 -0.48257 6.16694 16.106 -6.09902 0.671514 11.6295 -5.73741 11.2895 -9.85806 3.0383 5.50515 0.94046 -2.37311 4.85002 -1.41966 -0.222128 -0.847274 0.0340129 5.85588 2.53081 4.33147 1.36926 1.34378 7.28817 -2.31847 1.74878 5.46799 5.76146 5.36579 -9.05905 -4.73715 1.03202 -0.0763987 -3.03483 -1.70527 
0.758739 -8.84685 5.06526 -2.83195 13.155 -4.23999 5.70309 6.97247 -7.79344 0.597051 -3.31676 7.98437 2.9391 8.69341 3.25265 -1.59255 6.8344 17.2071 -5.43952 -0.755222 11.2296 -2.8654 12.262 -9.69846 3.84986 7.55537 2.02954 -2.8333 6.16484 -2.20795 -1.08506 -1.56119 0.677489 6.64291 3.24561 4.05052 1.88752 1.42949 6.7787 -2.38988 3.14392 5.6397 7.40972 6.01354 -8.9246 -5.11564 -0.0125859 -0.333967 -2.31795 -1.86275 
0.62936 -9.24351 5.09187 -2.53003 13.1498 -3.52324 6.61336 6.48345 -7.564 0.459528 -2.59546 8.19594 2.01188 7.41564 4.04709 -2.71662 8.1001 17.2857 -4.36509 -1.25625 11.3452 -1.35256 13.6301 -8.41834 3.70225 8.2381 2.99613 -3.90779 7.6142 -2.77286 -1.51088 -1.26893 0.202936 6.07932 3.18181 4.7568 2.09388 1.49875 6.45394 -2.16768 3.68936 5.91979 9.08277 6.53834 -8.77829 -4.67539 -1.25124 0.919731 -2.10161 -1.61918 
1.31924 -8.44929 4.83123 -2.35445 12.3887 -3.92892 6.7804 4.98133 -7.59754 0.601842 -0.13371 8.79233 2.20543 7.83746 5.47875 -2.88538 8.96893 17.6134 -3.42244 -1.16001 11.3733 -1.22754 14.5601 -7.12192 4.79694 8.20401 2.27882 -4.23495 6.90256 -1.69797 -1.40986 -0.881874 -0.0475186 6.2985 2.96532 3.80072 2.47526 0.392679 4.96443 -2.48155 2.87916 5.65474 9.88871 6.66093 -9.29806 -3.82938 -1.29559 0.860937 -1.83979 -2.31755 
0.911386 -7.305 4.55159 -1.78892 11.5125 -5.70158 7.94174 3.48101 -7.40984 1.60602 0.673787 9.465 3.82269 7.9791 4.94496 -2.54675 8.56839 17.0654 -3.20172 -1.18959 11.6462 -0.996451 14.6634 -5.85959 6.37772 8.19687 1.92582 -3.46024 6.06595 -1.45528 -2.13907 -0.9562 -0.51906 6.05191 2.4908 2.73128 2.76446 0.22754 3.89347 -3.14581 2.89772 5.68677 9.78238 6.68656 -9.26192 -2.45379 -0.357318 1.21496 -1.24345 -3.27625 
0.493559 -8.85591 3.80711 -2.58569 10.8652 -7.6271 8.34764 1.85849 -8.32145 2.42868 0.64324 8.70019 4.73078 8.12652 3.87706 -2.36616 8.06211 16.0506 -3.95609 -1.27682 12.2098 -0.344768 15.7642 -4.75579 6.54393 7.3021 2.35016 -3.0257 6.00824 -1.36357 -3.31938 -1.81087 -0.710746 6.62684 2.10042 3.40658 3.15745 -0.232355 4.71717 -2.23967 3.18478 5.78891 9.20419 6.22636 -9.56411 -1.57059 0.127901 1.38387 -0.465063 -4.7572 
1.78932 -10.1037 2.53566 -3.34315 11.4064 -9.38097 7.86186 1.77745 -8.24769 3.30374 0.274997 8.34648 4.88955 7.83866 4.66446 -1.52027 7.99404 16.3816 -4.38609 -1.49415 13.3961 -0.992081 15.467 -3.81908 5.91066 5.22566 2.07328 -2.71938 5.81977 -2.68072 -2.48399 -2.03025 -0.542781 7.79583 2.11757 3.7507 3.58705 -0.12427 4.44447 -1.51275 3.124 6.23291 9.19222 6.26552 -9.61874 -2.17882 0.0719562 0.325546 0.129668 -4.55963 
2.0443 -9.26831 1.13781 -3.36712 11.5056 -9.3306 7.31489 2.37277 -7.29663 3.74453 -0.445443 7.48332 4.03279 6.64581 5.77774 -0.923669 8.59596 15.9101 -4.15842 -2.2109 14.494 -1.68177 14.824 -3.57042 5.19507 3.54512 1.08312 -2.79043 4.52535 -2.99074 -1.26263 -2.59931 -0.579676 7.43694 2.39607 3.99773 2.95241 -0.209813 4.79007 0.0487326 2.4995 6.75099 8.07217 5.11086 -9.11074 -3.02183 -1.49636 -0.780293 -0.0770034 -3.89975 
1.7649 -8.97971 -0.51439 -2.46745 10.4448 -8.72442 7.06628 2.50287 -7.14045 3.25733 -0.0966835 7.30328 4.00704 7.92693 5.32955 -0.795902 9.19 15.7997 -3.42391 -4.04599 14.9848 -2.32325 13.5026 -4.01082 4.86307 4.8783 1.32294 -2.87925 3.66986 -2.38309 -1.56558 -4.06846 -0.737686 5.53736 3.77241 4.65573 2.71293 -0.168973 5.26954 0.35302 2.50184 6.40414 7.89599 4.73728 -8.40132 -3.59055 -2.67948 -1.76498 -0.520783 -3.97777 
0.691531 -9.56736 -1.82561 -2.9758 10.0203 -8.89683 6.5518 1.22288 -5.41488 2.95746 -0.508563 8.05671 2.34155 8.68389 4.82688 -0.459591 8.17849 15.0844 -3.92903 -4.61706 15.2462 -2.92095 13.8693 -4.91792 5.79622 5.68606 1.63139 -3.10227 4.04225 -1.25859 -2.62343 -3.58744 -1.11842 4.44744 3.63919 5.43569 3.63293 0.149632 7.20975 0.0436434 4.08406 6.97035 7.54621 4.11977 -9.0888 -3.25162 -3.59808 -1.55412 -0.251587 -3.24534 
-0.118621 -8.33086 -2.46065 -3.38459 9.63928 -8.9126 5.38815 -0.446836 -3.77222 3.03554 -1.38817 7.954 1.05071 8.49184 4.13462 0.217023 8.44516 14.4064 -4.06085 -3.93163 15.8642 -3.03005 14.6488 -5.37022 5.21404 5.76792 1.84771 -3.88843 3.66361 -1.40673 -2.16185 -3.57766 -1.74817 3.46232 2.95455 6.05736 2.67829 -0.544452 7.95471 -1.00778 3.73935 6.81972 5.77263 3.77988 -9.41441 -1.49653 -4.15836 -1.66048 2.06583 -2.34186 
-0.16911 -7.83233 -2.71636 -2.45381 10.618 -7.41425 4.38757 -0.493306 -3.74904 2.75401 -0.799744 9.18041 0.111469 7.7982 4.31543 0.769232 7.97815 13.5344 -4.35726 -3.18309 16.6082 -2.21361 14.3787 -6.04121 5.11349 7.22476 0.566671 -4.63459 3.63763 -0.973161 -0.947228 -3.62015 -2.10228 1.61942 3.52641 5.07449 1.49297 0.246838 7.72905 -3.37505 1.83815 7.1817 5.8944 2.72768 -9.32428 -0.287792 -3.88713 -1.62446 3.75061 -1.49671 
-0.362324 -8.6844 -2.4911 -2.67831 9.6633 -6.37509 5.28895 -0.137729 -3.79049 1.27086 -0.479647 9.67272 0.328952 7.51923 4.59703 0.620839 7.64899 13.8589 -4.60452 -3.05866 16.9407 -0.517954 14.1494 -5.59902 5.60179 6.69179 0.464911 -4.55306 3.55282 0.0158529 -2.29491 -5.18482 -1.268 2.00872 4.30391 4.34139 1.07455 -0.796457 7.67185 -4.60098 0.517597 7.59637 5.79139 2.35006 -9.99891 0.152953 -3.90371 -1.52355 3.34694 -0.0453605 
-1.44629 -7.69389 -1.74655 -3.36551 8.64017 -5.93763 5.81825 0.668607 -3.71973 0.0229582 0.673276 8.50146 0.558596 6.87398 5.08239 0.0812204 7.86127 13.4065 -4.70941 -2.89015 16.7819 0.598073 13.251 -3.81241 3.92199 6.66018 1.33556 -5.1949 3.28161 1.85679 -3.00008 -6.30001 0.00170262 2.38084 3.52602 3.51409 0.761577 -2.30284 8.36585 -5.09163 -0.280537 6.55698 5.173 4.31899 -11.3474 -0.432122 -4.17057 -1.60258 3.87675 1.97081 
-2.33626 -6.64004 -0.813607 -3.93578 7.82947 -6.35319 6.76947 2.09525 -3.35227 -0.600085 0.796068 8.88043 1.00134 6.71296 5.09124 0.282299 8.59665 12.5598 -4.32344 -2.63989 16.6586 -0.108195 12.4799 -3.8435 2.72475 6.7236 1.42367 -4.3488 3.19891 2.27603 -2.73123 -6.69785 -1.24325 2.24186 3.67913 2.08778 0.145997 -1.80858 8.90339 -5.56015 0.164703 6.87874 5.59877 5.68896 -10.8615 -0.328145 -4.26764 -1.29764 3.68814 3.27608 
-3.27452 -6.31168 -0.982115 -4.40306 7.81616 -6.34246 7.80993 1.49218 -3.05534 -1.06317 -0.488115 9.39723 1.44606 6.28304 5.5531 -0.410457 9.53517 12.0515 -3.80897 -3.41114 16.2431 -1.08382 12.589 -3.73642 2.10967 7.18968 0.891144 -2.61097 3.49079 2.17675 -3.07296 -7.24716 -1.29137 2.31549 3.58484 1.58598 -0.0141686 -1.56415 8.82829 -5.31161 0.361649 6.95536 5.75876 5.30378 -9.68301 0.512279 -4.51149 -0.316882 4.43112 3.17576 
-3.36588 -5.96579 -2.30869 -4.74128 7.97374 -5.64537 7.43242 0.51136 -2.67274 -0.617165 -1.38717 9.24887 1.20154 7.53829 5.06179 -0.457403 8.91086 12.3098 -2.79504 -4.79887 16.0391 -1.46728 12.777 -3.78655 2.05313 7.29352 0.945978 0.211976 3.40717 3.45548 -3.8193 -8.59733 -0.577822 2.8485 3.00533 1.83861 0.660424 -2.06334 8.23852 -4.93323 -1.45635 6.78976 4.92776 5.20732 -8.44296 1.52772 -5.26664 0.908591 5.76816 2.91438 
-2.19965 -5.23507 -3.67624 -4.82322 8.69555 -5.84331 6.43063 0.319153 -2.80844 -1.02193 0.156246 8.37102 -0.0975594 8.60985 4.92789 0.318949 7.42766 13.7069 -3.43741 -5.33773 16.5211 -2.22024 12.2704 -4.94968 3.26144 7.20497 1.74879 2.19368 3.68757 5.49609 -5.08103 -8.08694 0.577419 3.09252 3.32772 2.04314 0.740181 -2.27989 7.30313 -5.3238 -2.74429 7.28025 3.69623 4.40346 -8.12918 1.95499 -5.51227 0.72491 5.9634 3.61666 
-1.41215 -4.6762 -4.81821 -3.91201 9.00452 -7.43123 5.93653 0.607522 -2.72229 -0.835082 0.512625 8.09376 -0.221386 8.63504 6.15924 -0.015931 7.07278 14.2322 -3.87048 -5.21264 16.5165 -2.58477 11.658 -5.55028 4.33016 6.36553 2.81083 2.52003 4.09779 6.41066 -5.64044 -7.54054 1.22004 2.51949 3.98185 1.53791 0.383533 -2.90357 6.12022 -6.60525 -2.60187 6.75423 4.41547 4.36516 -7.37069 2.12375 -5.42013 0.657466 5.60959 4.6148 
