-0.465306 -0.255672 0.316472 0.535943 0.278281 0.358712 -0.171877 -0.704957 1.03552 -0.181247 -0.408492 0.656124 0.749624 0.886441 0.85183 -1.06731 -0.0810092 0.599151 0.863808 -0.162089 -0.000899239 -0.772533 -0.139995 0.723815 0.852857 -0.57917 0.660102 1.36825 -0.612265 0.374909 -0.348766 0.0997369 -0.447638 -0.56987 1.3766 0.957208 -0.392007 0.358436 -0.242763 -0.198225 -0.201004 0.341329 0.288015 0.415565 -0.621343 1.21296 0.51573 -0.373824 0.22597 0.919173 
2.07097 -1.32485 0.828641 0.408544 -0.323799 1.42132 0.0493599 -0.580203 2.24846 -1.72722 -0.393917 -1.59556 1.03896 0.93667 0.701348 -0.609343 0.235385 0.0810957 0.359037 0.0332012 0.719869 0.684443 0.181871 0.731049 0.888306 -0.505528 -0.456376 0.960821 -0.234884 0.367668 -1.15239 2.55177 -0.0530054 1.33992 0.172719 -0.233272 1.02212 -0.461391 2.6648 -1.06379 0.424969 1.36399 1.7844 -0.140395 0.125741 0.044801 1.06058 -0.90513 -0.235675 1.44334 
0.969222 -1.21857 0.831436 0.253623 -0.312555 -1.55736 0.726027 0.780701 1.3782 -2.10703 1.02709 -1.63493 0.655949 1.25795 2.11491 0.426545 1.84569 1.29961 0.515986 0.755066 0.259863 -0.455499 -0.363391 0.539 -0.806856 0.439084 0.257308 0.30741 0.376095 0.0838294 -1.42208 1.12063 -0.876323 0.348662 -0.167859 -0.0337149 0.409766 0.586542 2.82056 -0.696076 1.12145 2.79203 3.02017 -0.470979 2.07796 -0.911176 1.61951 -1.69067 0.647859 0.0237858 
1.00718 -1.83668 1.44105 2.51333 1.04535 -0.0505857 0.624724 -1.47313 2.56871 -0.724235 1.48741 -2.57157 0.618598 1.64959 0.803742 -0.0800593 1.79599 -0.924204 1.40696 -0.241578 0.863459 1.13233 0.236346 1.3059 0.847359 0.427894 0.208615 -0.664416 0.523548 2.68508 -2.11733 1.3899 -0.992644 3.83566 0.090817 1.84531 -0.248892 -0.867659 3.04882 0.225836 1.26265 3.35769 2.25053 1.76697 2.76176 -0.566275 -0.930197 -1.54393 0.357821 -0.502321 
1.38712 -1.73469 2.81193 0.91361 0.570627 1.21183 -1.17895 -0.234679 3.67605 -1.98421 -0.144542 -1.6296 0.400823 1.23425 2.25123 0.137024 3.32202 -0.767095 3.24767 1.00137 0.669524 0.314561 0.628624 0.855241 0.871348 -0.297589 0.177095 0.22379 0.796717 1.80236 -1.40035 1.44081 -2.15965 3.95172 0.458983 2.75594 -0.00979922 -0.164737 2.86638 -1.64345 2.07491 2.94749 2.39832 0.969844 2.22446 -0.0979926 -0.641677 -1.27632 -0.358833 -0.514212 
2.43063 -3.02243 3.36869 1.29895 -0.245905 1.05355 0.652265 -1.17836 2.57919 -1.90319 -0.658811 -0.143561 1.21227 0.106475 2.02105 1.21598 4.00596 0.678595 4.2958 0.948888 0.120248 -0.382543 1.37611 -0.112462 0.819648 0.516209 0.823838 -0.0946446 1.9634 2.03746 -3.06977 1.95954 -0.786739 3.26395 0.516066 4.95431 -1.22742 -0.478165 2.25575 -1.74735 1.63783 4.78156 1.66351 1.0205 0.316272 -0.273313 0.58157 -0.687238 0.86496 0.178715 
2.90163 -2.452 3.69424 1.31778 -0.123899 0.716853 1.05418 -0.56972 1.97979 -1.79838 0.165106 -0.654485 0.957464 -0.796948 2.21241 0.629817 4.45477 1.16792 3.7576 0.438727 0.804715 -1.28195 0.324645 0.00648505 1.62264 1.08133 1.01146 0.715687 2.6315 1.71133 -2.23783 1.09029 -0.629593 3.2198 0.928976 5.52179 -1.08842 0.0941896 2.09347 -1.06286 2.17943 4.47737 2.34843 1.02636 0.347578 0.0732879 0.240129 -0.527223 0.120246 0.195304 
2.90612 -2.32366 4.58819 0.496183 -0.873252 1.92031 0.864594 0.667223 -0.214274 -2.47116 -0.410862 -3.3639 1.72589 0.317785 1.4287 0.303434 6.0816 4.91378 3.59176 -0.211222 1.38016 -2.53815 1.32998 -1.02071 0.776295 1.9993 0.554144 0.571268 3.75803 0.620744 -2.30012 1.89257 0.0580711 2.29487 2.51303 5.90022 -0.591309 1.76648 3.95231 0.0555547 2.54677 2.88606 3.92963 0.860593 0.686277 0.469376 1.24887 -0.741831 -0.0977389 0.16984 
2.60733 -0.57361 4.3083 -0.439327 1.35988 1.06349 2.24617 2.08447 -0.626369 -2.13406 -0.824634 -2.23058 2.16664 1.01763 -0.874989 1.54215 5.72871 3.06959 1.6384 -1.28525 0.487549 -1.76661 -0.202002 -2.21858 1.75013 1.31317 1.49151 -0.175951 3.67718 0.0768295 -1.05702 2.65362 1.0847 2.51055 2.9998 6.68166 -0.230317 3.26962 2.57149 0.292812 2.25185 4.41063 2.51531 -0.361148 1.56231 1.34804 0.158713 -1.0354 -0.868774 0.795651 
2.18409 -1.59551 4.71275 -1.24729 1.21118 0.47196 1.20084 2.89367 -0.45449 -2.44197 -1.85726 -1.82652 2.45751 0.0971557 -1.81532 2.18048 6.36114 2.89796 0.844118 -2.87787 2.50917 -1.45039 0.312851 -2.24401 3.28253 0.272719 2.36338 -1.36521 3.33561 1.37383 -1.78974 3.13166 0.980064 2.09493 2.00215 7.76339 -1.50192 1.53418 2.10531 0.0204001 1.56948 5.02902 4.31131 1.48244 0.557265 1.72251 0.945959 -2.06726 1.39602 -1.32648 
3.64194 -2.27366 3.64113 -1.15573 1.8888 -1.85421 2.3411 1.97925 -0.569738 -2.36131 -2.59697 -1.18348 1.87232 0.578927 -0.821801 2.25781 6.04233 2.43751 0.466877 -3.39062 2.12474 -1.10159 -0.932719 -2.78399 2.87834 1.65299 1.86451 -0.619006 2.90461 2.51583 -1.33332 3.91468 1.41558 1.81844 2.40981 6.60579 -0.847974 2.55145 2.36738 -1.43611 0.625062 5.21398 3.90824 0.932514 -0.277146 0.375211 -0.640038 -1.86964 0.013662 -1.44371 
4.85485 -4.21442 3.7784 -1.35989 2.19494 -3.44857 1.12624 3.14421 -0.223318 -2.32669 -2.30585 -1.05783 1.87606 1.90234 0.944189 1.65732 5.05857 2.11099 0.503286 -3.51528 3.25287 -2.46023 -2.85484 -2.07232 2.50406 1.19268 1.03093 -1.07142 2.102 1.34935 -0.11778 3.97677 1.84132 2.05109 2.14922 6.91619 -0.481726 3.19085 1.87373 -2.48633 0.340189 5.08206 4.19056 0.591778 0.543435 -0.70263 -0.860946 -2.26175 -0.349564 -0.817562 
5.90399 -5.17147 4.59811 -0.832085 2.10074 -5.73922 1.78812 2.17246 -0.0959757 -2.22775 -2.85571 -1.05605 1.69146 1.26352 0.738077 0.671967 3.66622 2.33542 0.069371 -3.22527 4.3587 -3.09209 -3.61205 -4.05457 3.08662 1.76481 1.35207 -0.220731 2.26375 0.0685609 0.234646 3.76009 2.07859 1.29387 2.72057 5.39607 -1.12614 3.94164 1.43266 -2.58328 0.774 4.00742 5.38711 0.189953 1.05678 0.209639 -0.51469 -0.837687 -0.969729 -0.505127 
6.84785 -5.44536 4.671 -2.11487 4.096 -6.13206 2.30071 4.20911 -1.98638 -1.86241 -1.22489 -1.48051 2.22961 1.3265 1.96926 0.0441456 3.30259 3.14987 0.00683311 -5.83173 5.66557 -1.44563 -3.21834 -5.56806 2.96893 0.224394 3.18675 0.0359879 2.03929 1.55989 -0.220854 2.44751 1.84033 1.10831 2.31861 7.73655 -0.446597 4.65305 0.374862 -2.10643 1.82863 3.95683 4.4301 0.536502 0.570779 0.392727 -2.12005 1.47066 -1.14532 -2.27013 
6.81297 -6.36454 4.86224 -2.36934 5.67295 -5.38451 1.53724 4.36053 -0.54498 -0.83702 -2.18017 -0.602111 1.96878 1.02408 2.57325 -1.04978 3.11745 3.76974 0.323243 -5.59705 6.18544 -1.82682 -3.68948 -5.2117 4.50836 -0.0796449 2.20383 -1.51199 2.10361 0.194547 0.516939 2.63283 1.36926 1.52037 1.35954 6.50224 -1.0021 4.37632 0.322739 -2.64224 1.42963 3.63076 5.80691 0.911175 -0.461676 0.855471 -3.54714 1.03677 -1.93735 -2.91818 
6.86655 -6.28538 4.75872 -2.29227 5.6281 -4.81602 2.03026 4.06576 -1.88598 -0.608106 -2.35162 -0.270952 1.37046 2.14727 2.60908 -0.27835 3.74488 4.03546 1.05011 -5.5417 7.02617 -2.79022 -3.14791 -5.93426 4.29246 0.682956 2.36321 -2.98676 1.58223 -0.406282 -0.572856 2.37414 1.6676 2.17887 2.51788 6.12773 -0.275186 3.63712 0.562676 -2.646 0.355996 4.31948 7.58677 1.65814 -0.140384 -0.610137 -1.01076 0.312602 -0.801339 -2.28613 
6.65753 -7.40885 4.67237 -2.74725 6.7311 -3.92623 1.88916 2.93693 -1.75463 -0.21157 -3.63109 0.997498 1.79267 3.04973 2.71388 -1.0599 5.95855 5.25422 -0.140795 -6.70666 7.00636 -2.87319 -3.06228 -6.30941 3.27926 1.23024 2.07915 -2.75962 1.53928 -0.234734 0.123513 2.21507 2.34806 3.07906 3.23859 5.40077 -0.111705 3.90831 -0.924076 -2.33771 -1.59715 4.97625 7.62993 1.68925 -1.07083 -2.39686 0.174001 -0.741279 0.00379402 -3.01508 
5.5369 -4.99468 3.69607 -3.89002 7.44461 -5.07792 2.37723 3.58155 -1.74335 -1.70631 -4.08858 0.736653 0.761799 1.17018 0.595622 0.94041 5.0547 4.67282 -2.28959 -7.06329 6.35283 -1.91254 -2.2004 -7.13341 4.3394 0.893184 1.51709 -2.23501 1.4617 -0.618531 -1.1779 2.35862 1.77893 3.10349 1.98094 4.51719 -1.01788 5.17823 2.24277 -0.825837 0.291477 2.58751 9.56603 3.02589 -1.85165 -3.29142 1.93257 -0.603944 -0.0367686 -1.52098 
5.58818 -5.26434 3.19204 -3.4446 5.74999 -2.93656 3.76675 3.9762 -1.40796 -0.283928 -2.70732 1.13911 0.386565 1.40728 0.0208915 -2.25217 5.00643 4.67376 -1.6226 -7.22119 6.0431 -2.89249 -1.34006 -7.39362 3.69066 -0.0996306 0.828379 -3.47526 1.92148 -2.68803 0.0992322 1.07484 2.69156 3.50237 3.3976 5.95709 -0.580301 5.06917 4.50783 -1.08436 -1.24438 3.64473 8.78789 1.9437 -2.11326 -3.84367 2.07042 -0.265904 -0.00231532 -1.0366 
4.89831 -5.05258 4.35592 -2.63596 5.59977 -3.42281 2.52731 3.55899 -2.19943 -1.77904 -3.30603 0.218183 0.20089 0.928013 -0.0917364 -2.22052 5.713 3.67517 -2.21366 -5.62802 5.7893 -3.98697 -0.521656 -6.27388 2.67738 2.00393 0.559962 -4.35105 2.6463 -3.46388 0.285096 0.945998 2.15579 2.52551 3.80018 7.05751 -1.02999 4.38612 4.08101 -1.80148 -1.01643 4.19621 9.14407 2.48875 -3.57809 -3.94098 1.17314 -0.163295 0.502372 -0.79761 
4.5784 -6.75624 4.4446 -1.71428 5.33826 -5.23065 3.12808 3.13905 -2.67719 -0.92417 -3.26413 1.20761 -1.03215 1.76461 -0.284752 -1.14202 5.65053 4.04138 -2.76441 -4.64011 7.42817 -3.38786 -0.623066 -6.71646 1.62761 2.70182 -0.167748 -3.28746 3.54418 -4.60014 -0.0184657 -0.0264666 0.131476 2.00883 2.49782 8.25218 -2.37543 4.58071 3.68407 -2.25405 -1.33578 3.46386 9.92227 3.62697 -2.91072 -5.5186 1.14763 0.346716 0.194538 -1.14202 
4.18746 -6.20322 6.04399 -2.40308 4.92744 -4.33586 3.00707 2.47652 -2.4106 0.466031 -3.08116 1.56288 0.918707 2.54456 0.547616 -1.62293 5.72399 3.00311 -2.0842 -4.86576 6.79107 -2.73007 1.59319 -6.18506 1.29336 3.24953 0.705752 -3.18405 3.62282 -5.92815 -0.794368 -0.0407684 0.076232 2.46043 2.72974 7.78342 -1.99402 4.4352 3.507 -4.60808 -1.62093 2.42824 9.93605 5.6835 -5.10939 -7.15629 2.03688 0.887283 -0.0558187 -1.1577 
2.81973 -6.99898 5.94992 -3.1339 3.89745 -5.17935 3.98222 3.20382 -1.82979 0.226156 -3.82378 2.39372 0.990577 2.37879 1.20341 -1.72512 4.9702 3.59717 -3.0742 -4.60334 8.46153 -1.39616 1.10851 -5.63245 2.83213 3.35585 0.736192 -3.40184 3.90198 -7.2337 -0.071015 -0.48202 -1.51007 2.85558 2.32984 8.10366 -0.600296 4.87363 2.52548 -4.82351 -2.06714 3.49405 10.1679 6.53295 -6.61448 -6.30291 0.426147 1.85397 -1.9642 -0.822923 
3.50034 -6.63533 3.49033 0.361061 6.67809 -4.38313 3.80504 2.13612 -3.09271 -3.97232 -4.14872 1.24523 -0.0154077 -1.3536 2.56942 -2.02395 7.54451 5.97041 -1.58719 -3.95072 7.40203 -4.12744 3.37313 -6.59817 4.62711 4.05065 2.84726 -2.53646 0.866224 -4.1136 0.245437 -1.2502 -1.19014 3.5848 3.21246 8.59606 -0.611357 4.08944 2.27541 -8.63404 -2.02797 3.25541 7.53309 6.47624 -7.21073 -6.99141 1.68664 1.76882 -1.85826 0.220328 
3.88651 -6.73125 3.46043 -0.898191 6.75274 -6.10699 4.50526 2.06156 -3.84945 -3.68578 -3.8105 1.26544 0.0663697 0.236776 2.77073 -0.846684 7.56433 6.78821 -2.4046 -3.79182 7.34265 -3.99029 4.52205 -8.02255 3.85083 5.28026 2.19274 -3.12807 1.71105 -3.11532 -0.388193 -0.240461 -1.13954 4.04809 3.21023 6.56073 -0.44875 3.94032 1.42409 -8.84892 -1.76988 4.33046 8.29155 6.75888 -6.26573 -7.75034 1.27311 0.408636 -1.51139 -0.840446 
2.86038 -8.36888 4.18358 -1.84969 7.66774 -5.64398 4.24561 2.56084 -4.44387 -3.62002 -4.91295 1.53704 0.125249 2.17669 3.34582 0.237091 7.17918 7.72272 -2.44782 -3.53631 8.37778 -3.08709 5.37399 -8.3669 5.0309 4.44142 1.86557 -2.95582 1.22905 -2.80911 -1.12372 -0.0794076 -1.13299 5.4095 2.91459 6.9465 -0.622773 2.67072 1.10772 -7.49862 -1.08274 4.45666 7.43333 6.55351 -5.68453 -8.02328 0.76854 0.704861 -1.73379 -2.20755 
3.2039 -9.53076 2.37482 -2.60827 8.3396 -4.0928 4.30906 3.0398 -5.30811 -1.65654 -4.52172 2.13656 1.04179 2.95545 3.08236 -0.214511 6.62741 8.01908 -4.77246 -3.61059 10.41 -1.739 7.48368 -8.72368 4.8658 5.96809 1.72276 -2.6646 1.62416 -3.05427 0.680652 -1.18525 -2.84725 4.0015 3.01023 4.77118 0.265012 2.27607 1.73906 -6.35496 -0.544445 5.80652 6.93271 8.02247 -5.91339 -6.7847 1.08578 0.15855 -1.97883 -1.46446 
3.18273 -9.39445 3.30165 -2.54732 8.94115 -3.63116 4.16495 3.79516 -5.80057 -2.23576 -4.38599 3.42987 1.26611 3.31966 3.55975 -0.0287566 6.77079 9.24751 -4.86741 -3.38324 10.0366 -2.63023 7.3498 -8.54607 5.39794 5.57592 0.598888 -2.74193 1.68417 -2.10453 -0.74094 -1.21683 -1.9214 3.54628 2.78517 5.47035 0.127421 2.05123 2.4249 -5.24891 -0.108224 5.18865 7.10162 7.09171 -6.37359 -7.82495 0.703714 0.421933 -3.12595 -1.77628 
0.389168 -8.82274 6.17268 -5.41599 10.8656 -2.56163 4.06957 3.4728 -6.66053 -1.23549 -1.92137 4.16445 1.93246 4.73562 3.51753 -1.19602 6.20809 11.6064 -6.5056 -3.58483 10.2855 -3.85301 8.56212 -9.92832 4.5673 5.56404 0.501468 -3.95599 1.08456 0.26326 -3.30935 -3.58395 -3.54176 2.64035 2.6691 4.59026 0.69137 3.83285 0.821671 -4.23458 -0.640875 3.03875 6.07932 7.06112 -7.6708 -7.23642 0.838088 -0.638725 -2.05556 -1.06822 
-0.149673 -9.02759 7.09777 -4.86554 12.2039 -2.57587 4.22415 4.39825 -7.35411 -1.52982 -2.32341 5.06142 2.82858 3.14641 3.42096 -2.27034 5.7056 11.4878 -8.07824 -2.73186 11.8636 -2.65059 10.4088 -9.25855 2.92374 6.93332 0.836829 -3.76563 2.22763 -0.0371199 -1.84659 -3.10238 -2.96591 3.82528 1.6964 4.35118 1.56467 1.97523 3.04913 -2.08713 -0.231832 4.57054 6.44472 6.51674 -8.59353 -6.36857 0.609541 -1.13207 -3.70948 -1.17046 
0.00679024 -7.95796 6.46724 -4.34993 11.9855 -3.24516 2.48924 4.70729 -7.83388 -0.863459 -4.27555 5.7137 2.14588 3.95711 2.4767 -0.88001 5.35618 12.3673 -6.92096 -2.95518 11.6555 -5.39277 10.3728 -9.49869 1.86502 7.86936 1.2504 -3.38366 3.15685 0.305307 -1.51264 -2.31265 -3.04663 4.43893 1.9027 4.07819 0.867398 0.0976773 4.08595 -1.51967 0.818556 5.43817 6.70046 7.79095 -9.15178 -5.30787 0.916469 -0.930259 -4.52101 -0.740705 
-0.132172 -8.72872 6.8705 -4.51846 12.9257 -4.0098 4.12789 6.41155 -8.10924 -0.528443 -4.91511 5.99734 2.71189 4.49659 1.5116 -0.635076 4.65587 14.1866 -7.13321 -1.90934 10.6215 -6.3456 11.6606 -8.65286 3.20178 6.9041 0.668407 -3.56277 4.43757 -0.0263288 -0.690841 -1.87808 -1.67587 4.35027 1.23795 5.24716 1.29858 0.644608 4.4856 -1.95234 0.27743 5.32472 6.32337 6.2736 -8.48654 -5.12935 0.886161 -1.26058 -3.94959 -1.0054 
0.423973 -7.67477 6.33129 -3.31855 11.7457 -4.96277 3.9933 6.30761 -7.80957 0.470088 -2.96131 9.03767 1.65466 5.7821 1.97081 1.35183 3.91849 14.846 -7.71217 -1.87147 9.47729 -4.19343 10.9591 -9.40999 3.97373 8.54254 1.7569 -2.7756 3.62837 -1.40956 -0.687395 -1.19523 -0.294524 5.90152 1.17108 5.44764 0.0204578 0.0691007 3.702 -0.716524 1.53889 5.90808 7.21211 3.48108 -8.15446 -4.75787 0.291404 1.55495 -3.55369 -0.983021 
-0.53365 -7.40655 5.44514 -3.40121 12.4857 -4.9541 4.49902 7.39876 -6.04 0.127739 -2.52245 8.11346 1.37079 5.39086 2.19607 0.950307 5.69959 14.9441 -6.97473 -3.0392 9.44713 -2.66336 12.1403 -9.51514 4.29811 8.22368 2.46914 -2.73192 6.53666 -1.56851 -0.389568 -1.2734 0.200667 5.07524 1.71681 6.57384 -0.00201654 0.642755 3.99829 -0.488545 2.59479 5.68099 7.21127 3.88237 -7.7586 -3.24845 0.0275586 1.05901 -2.63715 -0.616143 
0.0581122 -8.73457 5.09909 -3.22535 14.2052 -3.50883 5.07455 6.09399 -5.48684 0.729882 -0.333759 7.74118 1.5324 7.59493 2.56851 0.296813 6.94354 15.0581 -6.39161 -2.87101 10.6026 -0.9774 12.7439 -8.64595 5.0348 8.25505 2.49776 -3.50424 5.09971 -1.26467 -0.757648 -1.56799 0.382563 5.64935 1.34277 4.68471 1.29105 0.210441 4.98877 -1.38243 1.69012 5.5171 8.52763 3.9737 -7.16837 -4.40155 0.038591 1.23508 -3.27579 -0.211972 
0.224034 -6.8565 3.46308 -1.82484 14.5119 -4.24591 6.33661 5.87895 -6.07922 1.10618 0.408431 8.51659 1.89041 8.10833 2.46751 -0.290257 6.7759 15.8514 -4.95516 -1.3813 10.2878 -0.518339 13.368 -7.81087 6.34079 8.20994 3.1267 -2.82228 6.93385 -1.09497 -0.88179 -0.568562 0.0424833 5.60165 3.76789 3.59274 1.87849 -0.595286 4.5327 -1.46837 2.29388 6.30853 8.47447 5.64041 -8.25176 -3.04193 1.62711 1.12222 -3.10266 -1.80217 
0.545503 -7.51103 3.96689 -3.36776 14.3191 -4.93813 6.48605 4.26632 -6.59491 0.976794 -0.27751 7.26122 3.36821 5.96412 0.670262 -1.83285 6.95864 15.5431 -5.67097 -1.74536 11.4367 -0.916078 14.9843 -7.37256 6.54074 8.70373 3.65283 -3.04873 6.87432 -0.859795 -1.85044 -0.571195 -0.649585 6.30675 2.56085 2.68215 1.7674 0.11452 7.14624 -3.18804 2.74563 7.79749 7.78547 6.08608 -8.28096 -1.14776 0.80421 1.50123 -1.82012 -2.64512 
0.808361 -9.40866 4.71908 -3.66011 14.1858 -6.14085 7.24656 3.83949 -7.41145 1.9484 -0.866435 7.75588 4.11954 6.98538 2.62603 -1.21472 7.13322 16.3855 -5.61437 -1.62281 11.9169 -1.42358 14.3503 -6.88624 4.83846 8.02101 3.42807 -2.49221 7.46075 -1.05621 -2.72736 -1.12999 -0.600824 6.77662 3.26375 1.64251 2.73178 0.306459 5.8568 -2.80669 3.04627 6.72831 8.04822 5.7806 -9.3439 -2.10025 1.75967 1.73278 -0.713395 -3.42655 
1.43794 -9.61496 3.93792 -3.26855 13.9353 -7.46355 5.4238 4.90962 -7.14531 3.03763 -2.7263 7.86658 4.74262 6.76778 3.86678 -0.128427 7.63478 15.8972 -5.95415 -2.14111 12.0849 -3.50689 14.1742 -5.99558 4.08619 6.28832 3.79281 -4.11567 6.30598 -1.64428 -0.121881 -1.58818 -0.321486 7.28651 3.19243 2.05933 3.02807 1.58534 7.41516 -2.90194 2.08843 5.4745 8.2752 4.94911 -7.92423 -2.82407 1.17654 0.697434 -1.582 -4.45243 
1.50433 -8.39956 3.33156 -2.66486 12.5687 -7.41054 5.8867 3.95686 -8.26837 3.5747 -2.39112 7.99328 4.3585 6.9682 3.97166 0.581092 8.41964 15.7707 -5.25812 -3.07358 12.809 -2.95305 13.3313 -5.61817 3.92193 5.52582 3.32304 -3.33546 5.35595 -2.40074 -0.823457 -2.29013 -1.0026 6.33459 3.65543 2.87889 1.88229 0.41668 6.97818 -1.38867 2.14665 5.38893 8.48177 4.89746 -7.38418 -3.17579 -0.17795 0.633154 -1.7047 -4.62145 
2.48847 -8.44259 2.48756 -3.65223 13.4595 -7.49772 6.14433 2.99456 -6.71447 2.54637 -2.23643 9.49757 3.599 7.2607 3.8617 0.46173 8.68413 16.024 -4.91448 -4.66335 12.6896 -3.02819 13.6065 -4.15351 5.285 6.2046 2.73437 -3.92856 4.65384 -2.2158 -2.25537 -1.60837 -0.439927 5.40675 4.78985 3.77861 2.2263 1.47361 7.02161 0.434329 2.94623 4.68709 7.43765 3.48869 -7.05191 -4.11642 -2.0204 -0.396763 -1.43846 -3.42127 
3.09836 -8.45735 0.507068 -4.41914 11.8791 -7.92464 6.08242 2.50519 -6.62558 3.2083 -1.97258 8.70248 2.85477 7.45292 2.96307 0.631992 8.54595 13.714 -4.89072 -2.9953 14.6428 -3.52914 12.6397 -4.12422 5.64541 4.99413 3.54286 -2.90168 3.60212 -2.68756 -2.41933 -2.47195 -0.633707 5.60065 2.99012 5.45707 2.61779 -0.893095 7.30873 -0.329162 3.53451 5.78896 7.23062 4.21185 -8.0172 -3.11301 -2.22732 -0.344793 -1.15389 -4.31496 
1.87515 -6.33646 -0.0800436 -5.38441 12.3487 -7.62038 4.355 -0.105724 -5.62113 2.1812 -2.30088 9.19599 -0.0994762 4.70413 2.82281 0.846276 8.4572 15.0003 -4.62389 -2.1012 15.7851 -4.30159 13.2398 -3.74791 5.53665 5.38616 3.76218 -3.72637 2.78025 -2.77101 -2.21347 -2.47733 -0.0830963 4.18822 4.29024 3.86588 2.39079 0.15074 6.73477 -2.0865 2.23199 6.11103 6.89099 5.07999 -7.91615 -2.88481 -2.29899 -0.660564 0.354315 -2.69433 
2.25893 -8.08413 -0.514784 -5.85497 10.6687 -7.06774 5.39747 0.0997844 -5.72815 1.43261 -0.99841 9.94271 -0.387274 5.29187 3.46878 1.74811 9.1559 14.1306 -4.00527 -2.15804 16.1177 -3.82614 12.4064 -3.61954 4.8216 5.87103 2.79345 -2.62126 2.53539 -0.321244 -2.6247 -2.91704 -0.413144 2.92805 4.9607 2.81292 1.89624 0.325053 5.73623 -3.94006 1.31782 7.74926 5.19219 4.72248 -7.01335 -2.30878 -2.26135 -0.761041 -0.608502 -3.04339 
1.77958 -8.50785 -0.537065 -5.07979 10.2719 -6.43813 5.51134 0.0961945 -5.16386 0.643419 -1.22927 9.70187 -1.03006 7.02746 4.9603 1.44922 8.64003 14.3347 -3.71944 -2.89184 16.147 -2.8509 12.3124 -4.06342 6.25233 5.51857 2.57256 -3.62291 2.66215 1.16873 -2.64236 -4.27405 1.46831 2.32512 5.89502 3.79064 0.661455 0.291036 6.52265 -4.57718 1.17875 7.72003 5.93925 4.6926 -8.60598 -2.78469 -2.66729 -1.60219 0.0438096 -2.01454 
2.20887 -6.52581 -1.58135 -6.72636 10.526 -7.6729 7.5893 0.369889 -4.54001 -1.13057 0.566198 9.84789 -0.340571 5.32856 2.67043 1.47185 8.1063 15.002 -4.6912 -0.535007 14.936 -1.85123 10.6768 -2.3548 4.71247 5.87503 2.64455 -4.54441 3.78529 1.29308 0.223459 -6.24581 -0.215432 2.93042 4.19209 1.12442 0.136143 -1.37587 6.76362 -4.87212 -0.399947 8.02892 6.88618 6.95992 -9.19724 -0.927131 -3.52074 0.682197 2.43182 0.839356 
0.817056 -6.22 -1.66748 -5.70789 9.54588 -7.9805 6.65393 1.23531 -4.04982 -1.78709 0.538352 10.7286 -0.347828 4.94883 4.17845 0.970281 8.3948 14.212 -4.6678 -1.22466 14.4324 -2.25739 11.6208 -3.13855 4.74402 5.84775 2.04949 -3.99065 3.95388 1.46983 -0.838834 -6.27733 -0.696444 1.98121 4.89816 1.19322 -0.330385 -1.38311 7.97858 -5.00788 0.538775 8.49203 6.15205 5.34213 -10.2607 -0.912081 -4.40451 1.19759 2.66689 1.09069 
-0.593851 -5.59488 -1.90481 -5.88588 9.90837 -7.16257 7.46587 1.88473 -4.96116 -1.13458 -2.22519 11.6581 1.62023 6.25553 3.72999 -0.685029 8.40071 13.7377 -3.78994 -2.86384 14.4506 -1.84206 12.0997 -0.649858 3.28776 7.11219 1.19839 -3.9775 4.28143 1.77718 -0.175098 -7.77223 0.167755 -0.729264 3.38649 2.24198 0.535446 -1.71577 7.63768 -4.90038 -0.275798 7.29755 4.24634 5.04228 -7.9855 -0.761032 -5.19395 -0.373738 4.91815 0.600061 
0.278653 -4.95801 -2.18452 -4.48807 9.894 -6.57431 8.46624 -2.44105 -3.6206 -1.34493 -0.677639 10.0924 -0.202139 7.43795 4.58708 1.7338 7.41546 13.867 -4.10201 -2.81442 17.0472 0.880217 10.311 -4.14336 3.60907 6.397 2.38524 -1.95986 3.46706 1.76531 -3.17021 -7.70203 0.536641 2.14842 3.83049 0.223582 -0.0318878 0.686083 7.93035 -3.31042 -1.02436 9.54352 3.30116 4.97194 -9.73889 1.58012 -4.80556 2.24621 6.01984 1.8035 
-0.524529 -5.39956 -4.932 -3.99123 10.0495 -6.55986 6.67747 -1.14055 -2.6009 0.599362 -1.01593 9.33927 -0.719417 8.30238 5.37557 1.96135 6.8423 12.9121 -4.04417 -2.44747 17.0265 -0.796692 10.9569 -5.36829 3.32432 6.61446 2.15186 -1.49065 3.48327 2.41963 -3.72964 -7.94828 0.888498 0.49988 4.25957 -0.525497 -0.0323971 -0.817345 7.62102 -5.71293 -1.35544 9.45771 3.70661 4.96613 -8.63287 0.728992 -4.31278 2.324 4.52954 2.14354 
