1.07105 0.173173 1.1059 -0.933386 0.693354 
1.50178 0.5568 1.0843 0.0117961 -0.0634493 
1.9429 1.41976 2.13786 0.451946 -0.354554 
2.19911 2.15112 3.13925 0.821025 0.115301 
2.91405 2.165 4.33279 0.811288 -0.182802 
3.57929 1.44895 4.12156 1.45678 0.0116102 
4.37477 1.50213 4.14834 1.93293 0.110751 
4.43319 2.16411 3.73198 2.80905 0.792554 
5.29308 3.34283 4.06759 2.64307 1.73991 
5.19191 3.14029 4.2612 2.29344 3.30622 
3.73469 2.71766 2.46815 1.52785 4.56851 
3.38718 3.69735 0.479904 0.177855 3.44223 
4.64571 5.08066 1.12122 0.23622 2.67202 
6.47241 4.90519 1.2602 1.3555 2.55228 
7.45574 4.93071 -0.0323254 1.44136 1.97698 
7.33874 5.281 -1.70317 1.52589 2.42877 
7.39898 4.58876 -2.22186 2.27921 2.02705 
7.32931 4.9163 -1.66482 2.59775 1.77227 
7.68088 7.05452 -0.997677 3.29772 1.94374 
7.54862 8.27002 -1.01715 3.34574 2.16688 
7.07181 8.39914 -0.858088 3.32617 2.92195 
6.68435 7.97021 -0.14582 3.68386 2.98003 
7.27361 6.48496 -0.0420991 3.75986 2.06174 
7.26338 6.05678 -0.0233489 4.59988 1.31447 
6.89433 6.12236 -0.111892 5.26829 1.48286 
6.75146 5.28464 0.368761 5.37177 2.78687 
8.2172 5.45869 0.898027 5.10657 4.32222 
10.0383 4.77155 0.234862 5.69098 5.59032 
10.3327 3.59268 -0.391509 6.05237 6.0932 
10.0713 2.74738 0.124617 6.17636 6.30182 
11.0066 1.15916 1.85129 6.60838 6.87884 
12.2148 0.0834456 2.02473 6.66612 5.85178 
13.0864 -0.700139 1.09237 6.445 3.78712 
13.347 0.128263 0.649625 6.78482 2.54661 
13.7182 0.745591 0.938497 7.02264 2.2884 
14.6421 -0.422735 0.500068 6.72731 0.906988 
15.3718 -1.0288 0.0535461 6.15457 0.233506 
15.5836 -0.926756 0.393785 6.45983 0.0803354 
15.6455 -0.274775 0.570807 7.08434 -0.883551 
16.0942 1.62495 1.17171 7.45502 -1.76481 
16.3822 3.04673 0.949463 7.45205 -2.86551 
16.4415 1.67365 -0.26043 8.11298 -4.04373 
15.3416 0.024434 -0.798286 8.1977 -5.23821 
13.8193 -0.970417 0.436387 8.36539 -5.21256 
13.1777 -1.78648 2.69258 8.46592 -4.88183 
13.2882 -1.52373 3.99474 9.40599 -3.63115 
13.95 -1.28064 4.19857 10.6399 -2.56559 
14.3897 -1.76102 4.05109 10.196 -2.06282 
14.7239 -2.47338 3.47775 10.49 -1.89655 
14.9239 -2.4531 3.04897 10.724 -2.03257 
