1.04588 0.100712 1.30046 -1.25753 0.875969 
1.08438 0.298398 0.496209 -0.124246 0.252808 
2.01676 1.28159 2.1315 0.00775115 -0.870335 
1.64774 1.82743 2.18438 0.971987 0.433457 
2.72266 2.66533 4.52623 0.429058 -0.558875 
2.94931 1.41229 3.91689 1.46917 0.100703 
4.56609 1.51088 4.40372 1.42824 -0.238949 
4.05935 1.45946 3.78258 2.71746 0.484948 
4.95408 3.26267 3.73814 2.84233 1.19434 
5.84631 3.35117 4.74905 2.30837 2.44928 
4.2655 2.77118 3.7858 2.1023 4.37135 
3.23716 2.68382 0.626915 0.769305 3.898 
4.12662 4.90499 0.710625 -0.139547 2.17145 
5.77488 5.01161 1.66452 1.22409 3.03501 
7.79355 4.40286 0.727835 1.72222 1.61043 
7.33456 5.51887 -1.2698 1.02051 2.42067 
7.62687 4.78699 -2.18516 2.17154 2.32275 
7.17212 4.04895 -1.92097 2.30266 1.61356 
7.81047 6.26294 -1.11804 2.98811 1.93151 
7.67444 8.25592 -0.806918 3.54156 1.80373 
7.55209 8.29588 -1.34816 2.90678 2.64638 
6.30177 8.49792 -0.249175 3.95113 3.37752 
7.38262 6.98001 -0.00265151 3.40944 2.19222 
7.38786 5.63814 0.0117288 4.19025 1.54491 
7.08427 6.8049 -0.21024 5.11507 0.995849 
6.5713 5.11682 -0.0380321 5.74184 2.18536 
7.21628 5.51294 1.0446 4.95544 3.85358 
9.79756 5.61197 0.463701 5.51937 5.21648 
10.6117 3.67529 -0.338195 6.08049 6.18611 
9.87978 3.42151 -0.714104 6.01392 5.83836 
10.573 1.79576 1.18763 6.32525 6.96956 
11.9358 0.676185 2.13373 6.7242 6.52403 
12.9334 -0.624528 1.57557 6.3299 4.55296 
13.291 -0.567566 0.338758 6.78742 2.34922 
13.382 1.27727 1.04473 6.95914 2.84803 
14.4071 -0.0481907 0.963508 7.2426 1.38827 
15.262 -1.0421 -0.260054 6.03122 -0.110685 
15.7252 -1.03913 0.433279 6.37674 0.579096 
15.3627 -0.814522 0.33072 6.64686 -0.736756 
15.9917 0.520218 0.922319 7.65715 -1.14482 
16.144 3.17584 1.49512 6.93924 -2.63324 
16.6077 2.56393 0.138179 8.23362 -3.22021 
16.1478 0.538059 -1.06033 8.1628 -5.39196 
14.3741 -0.405143 -0.595979 8.31699 -5.11787 
13.3502 -1.50398 1.96325 8.44453 -5.24921 
12.9056 -1.46889 3.82211 8.40639 -4.20859 
13.4798 -1.35443 4.23999 10.7834 -2.68341 
14.1278 -1.30247 4.25626 10.1012 -2.16857 
14.6263 -2.49368 3.76383 10.34 -1.77645 
14.9236 -2.50536 3.05396 10.7646 -2.03912 
