-0.914203 -0.15944 0.0534208 -1.32478 0.918245 0.892095 0.93349 1.44267 0.239433 -0.296318 
-1.56275 0.375396 0.751693 -1.32708 1.79514 0.582616 1.77863 3.89566 -1.20344 -0.160729 
-0.871699 0.750224 0.892138 -3.13102 0.930036 0.478582 0.91871 2.81048 -2.13188 -0.030584 
-0.484395 1.7679 1.19721 -2.4721 1.9798 -0.856135 0.694438 1.19951 -1.94885 -0.956201 
-0.98124 1.13994 0.0834863 -2.02585 1.68694 -0.0972209 0.90369 -0.057808 1.09595 -1.53746 
-2.05956 -1.68034 0.246 -2.04261 2.00596 0.831288 0.328608 0.164027 0.633106 -3.01249 
0.127836 -0.13126 -0.205468 -2.65495 2.28662 3.09211 0.28646 1.21772 1.39249 -4.34198 
-1.27838 0.623006 -0.408064 -3.56333 2.20929 2.65742 -0.148127 -0.20765 0.672488 -4.9436 
-3.58463 1.38737 0.476536 -3.35749 2.5104 1.67421 0.324742 0.78017 -0.315633 -3.25019 
-3.62232 3.73931 -0.328624 -3.43956 2.30357 1.58306 0.846734 -0.0722615 -0.252999 -2.83628 
-1.65881 4.42857 -0.865752 -3.19316 1.76416 1.04992 -0.34578 -2.03576 -1.79738 -5.20152 
-2.41386 4.6468 -1.73845 -2.98597 1.23215 3.57539 -0.464406 -1.39241 -0.0957216 -5.65482 
-2.14107 5.23411 -1.58287 -2.66499 2.2162 4.92196 -0.0652397 -2.65849 -0.298414 -6.89309 
-2.00651 2.78816 -1.72816 -1.41862 3.08964 5.26778 -0.621818 -1.49327 -2.40151 -8.36214 
-2.40008 5.01627 -1.80709 -0.0476703 3.89346 6.03101 0.984505 -1.06902 -0.866169 -7.73497 
-1.76039 5.07147 -0.718558 -1.51594 3.40968 6.29366 1.31327 -2.03962 0.501926 -7.55651 
-1.72536 3.77632 -0.0823246 -1.33585 2.30342 7.44557 -0.144207 -0.977155 0.910645 -6.81585 
-1.70876 2.94979 1.02292 -2.54614 2.30161 8.03691 -0.85096 -1.37042 2.00653 -8.16849 
-2.34475 1.99333 2.3749 -1.42857 2.91376 6.95473 -1.82058 -1.11619 2.40768 -8.57985 
-2.25179 1.84566 2.82978 -0.447768 2.75596 6.58405 -3.45421 0.353226 3.24829 -9.42409 
-3.49607 1.39098 1.26747 -0.291177 2.38682 5.75286 -6.26875 -0.228137 4.16474 -9.31896 
-3.423 0.510321 -1.37828 -0.169743 3.35978 5.00456 -6.09085 0.14962 3.72135 -8.9595 
-3.61025 0.521559 -2.28138 -0.0280396 3.13775 3.15194 -6.43668 1.8069 2.88572 -8.80118 
-2.56337 0.0826633 -3.46572 1.1733 3.19991 2.32948 -6.42212 1.13283 1.35366 -10.0338 
-0.969988 -0.692915 -3.57075 0.0913472 4.67925 2.88625 -6.52728 0.676265 1.56261 -9.28598 
0.216336 -2.56429 -1.97722 -0.980982 4.61988 3.76188 -5.72623 2.48777 1.61049 -9.70804 
0.00753888 -2.1873 -2.81273 0.379616 4.29346 3.02011 -5.51299 3.14702 1.17185 -8.73301 
0.869461 -1.50637 -4.03293 1.71319 3.75468 2.97923 -4.86739 1.66408 0.691576 -7.56137 
0.175712 -0.631496 -3.33942 0.85507 5.1718 3.30846 -4.31561 -0.0488224 1.41611 -7.84848 
-0.614878 -3.0282 -3.96092 0.189955 5.38105 3.40585 -3.37106 0.740348 1.68531 -6.16102 
0.534124 -3.5723 -3.33113 -0.153671 5.93456 4.3462 -3.61608 -0.812957 2.33974 -7.46174 
2.19009 -2.90617 -3.29445 0.0511193 4.30739 4.46619 -4.08107 -0.286443 2.25443 -6.18716 
1.61981 -2.01021 -2.8741 0.593501 3.35546 3.07012 -3.55103 -1.85224 2.63341 -5.21584 
1.09726 -3.60216 -1.81092 0.763928 3.83168 2.84898 -3.91925 -2.31002 2.41741 -4.80563 
1.64896 -3.83856 -1.52356 1.44068 4.66984 3.12132 -3.32183 -3.60273 1.90794 -7.08073 
1.8138 -4.44438 -2.67486 1.39937 3.99401 1.97072 -3.26067 -5.42183 1.99218 -5.45255 
1.83862 -3.17234 -2.47838 1.14193 3.58645 2.91147 -3.43798 -4.78977 -0.0837918 -4.40924 
0.767006 -3.28169 -2.21422 2.20684 4.10122 2.72205 -3.22019 -3.60754 -1.34991 -4.26103 
1.92435 -3.62551 -3.81819 3.09216 3.68437 1.92949 -3.9275 -3.32632 0.202042 -3.17809 
1.24419 -2.67241 -3.73256 3.23724 3.30097 0.860139 -6.2865 -3.18831 -1.66521 -3.8021 
0.748017 -0.645591 -3.33607 2.62424 3.67089 1.48438 -4.50566 -3.46906 -3.46594 -3.72238 
1.61707 0.300512 -3.74272 1.87687 4.21462 0.889981 -5.88986 -2.76847 -3.15903 -3.36698 
2.17597 1.33968 -3.50516 1.35888 5.41297 1.59175 -6.50639 -1.19012 -3.81899 -1.38051 
1.87381 -0.85959 -3.60235 1.0801 4.67756 -0.879758 -8.38909 -1.11526 -3.00488 -1.18551 
1.15801 -0.668094 -3.34314 -0.915046 4.47871 -0.969823 -8.01914 -0.974423 -2.69671 -1.77064 
1.63738 -1.8642 -3.12865 -1.32744 3.22069 0.535509 -9.30187 -0.763379 -4.5558 -0.345356 
2.45341 -1.87543 -2.84733 -1.12072 4.67704 0.215185 -8.41966 -0.248586 -5.00599 -0.948644 
2.31274 -0.42276 -4.55068 -1.56411 2.5048 2.03271 -7.19862 -0.929523 -3.75184 -0.306061 
2.27342 -1.82896 -5.5186 -2.6003 2.95622 0.98205 -6.52285 -0.606873 -3.87654 0.109965 
3.61155 -1.98808 -7.43961 -1.88251 2.24485 2.23024 -6.54754 -0.186178 -4.53764 0.598036 
