-1.00305 0.0293991 0.233112 -1.15912 1.0911 0.665215 1.16445 2.23712 -0.361351 -0.301053 
-1.14785 0.630136 0.917041 -1.82549 1.35 0.345546 1.48159 3.35651 -1.81622 -0.26302 
-0.72144 1.15577 0.949238 -2.87775 1.29724 -0.0236964 0.924048 2.12175 -2.20351 -0.332099 
-0.664011 1.42524 0.663623 -2.41849 1.66707 -0.686123 0.801752 0.803188 -0.917543 -1.09432 
-1.22197 -0.0859358 -0.172199 -2.26599 1.71067 0.0762703 0.557668 -0.0974836 0.784446 -2.34568 
-1.26895 -1.36813 -0.357432 -2.29525 2.26024 1.766 0.28711 0.488449 1.21292 -4.09459 
-0.756137 0.166675 -0.297745 -2.95099 2.30678 2.96728 0.117693 0.981759 1.13834 -4.7042 
-2.37908 0.87436 -0.0219058 -3.45174 2.49023 2.21226 0.172034 0.226708 0.318325 -4.61301 
-3.79037 2.28834 0.25817 -3.27473 2.68874 1.5225 0.826083 0.52962 -0.331799 -3.23788 
-2.85879 4.02102 -0.278667 -3.31052 2.06412 1.40208 0.72225 -0.677842 -0.524949 -3.86341 
-1.82715 4.45623 -1.00326 -3.22153 1.44327 1.93184 -0.11822 -1.72992 -0.743858 -5.39635 
-2.14124 4.86978 -1.64652 -2.87826 1.8301 4.13044 -0.305911 -1.92805 -0.368426 -6.13525 
-1.75913 4.20591 -1.45684 -2.13658 2.91125 5.17629 -0.211726 -2.26455 -1.28228 -7.47731 
-1.79984 3.52458 -1.46048 -0.667864 3.79773 5.65116 0.069189 -1.26731 -2.02266 -7.95691 
-1.76817 4.80355 -1.37702 -0.404492 4.02206 6.29937 1.00371 -1.72726 -0.333834 -7.54678 
-1.4727 4.45454 -0.440624 -1.39397 3.0142 6.89433 0.540401 -1.92692 0.716094 -7.09015 
-1.6516 3.40964 0.447816 -1.78514 2.31326 7.56514 -0.370622 -1.17912 1.20482 -7.17431 
-1.98612 2.65473 1.45062 -2.07803 2.51971 7.57768 -1.15104 -1.22852 1.97453 -8.21803 
-2.39782 1.90471 2.35535 -1.08738 2.86602 6.74117 -2.57678 -0.528998 2.55559 -8.89663 
-2.66448 1.76622 2.14022 -0.499892 2.53058 6.35338 -4.40801 0.148858 3.56572 -9.48181 
-3.25942 1.45958 0.375498 -0.452859 2.75731 5.68983 -6.05345 0.0384289 4.00317 -9.27704 
-3.38631 0.852265 -1.59653 -0.487996 3.35871 4.38142 -6.09127 0.789171 3.32067 -8.76918 
-3.06381 0.50843 -2.5975 0.355722 3.25004 2.69818 -6.48456 1.66453 2.29463 -9.22878 
-1.8066 -0.148704 -3.45111 0.679524 3.87884 2.43414 -6.49651 1.09928 1.42337 -9.77124 
-0.677784 -1.35176 -3.01345 -0.505669 4.65253 3.32391 -6.41943 1.48793 1.63747 -9.42747 
-0.152865 -2.34225 -2.38518 -0.62156 4.54867 3.55589 -5.84617 2.95571 1.62399 -9.27447 
0.260451 -1.91002 -3.30765 0.831442 4.02138 3.06514 -5.36694 2.637 0.973534 -8.36252 
0.655008 -1.1904 -3.79384 1.57394 4.33707 3.09891 -4.78725 0.909127 0.832718 -7.70174 
-0.0720219 -1.5965 -3.66877 0.851128 5.208 3.23035 -3.93035 0.292655 1.37214 -7.3074 
-0.191871 -3.23609 -3.89349 0.218446 5.66224 3.65704 -3.4088 0.123454 1.86706 -6.81963 
1.2026 -3.33092 -3.29222 -0.0194796 5.33063 4.34454 -3.75938 -0.602732 2.27389 -6.98564 
2.02234 -2.6596 -3.14899 0.290408 3.92338 3.86171 -3.85117 -0.811498 2.41122 -5.78574 
1.32297 -2.76108 -2.45195 0.669992 3.56162 2.97591 -3.625 -1.97734 2.66823 -4.92883 
1.19694 -3.91035 -1.68644 0.964876 4.26782 3.00094 -3.75221 -2.84885 2.30433 -5.69189 
1.70448 -4.07461 -1.99524 1.23417 4.64458 2.70851 -3.35513 -4.3953 1.82445 -6.37272 
1.77917 -3.92343 -2.82209 1.04419 3.82372 2.1978 -3.38396 -5.30984 1.15348 -4.91364 
1.40942 -3.26132 -2.51298 1.5486 3.68709 2.76695 -3.43191 -4.45105 -0.423486 -4.35882 
1.26953 -3.39861 -2.86363 2.67896 3.84921 2.51066 -3.44727 -3.58897 -0.793933 -3.84339 
1.71721 -3.09199 -3.80103 3.04199 3.46131 1.5452 -4.7112 -3.32122 -0.574355 -3.38796 
1.21033 -1.59567 -3.73051 2.86081 3.38043 1.00717 -5.57106 -3.28729 -2.29152 -3.74948 
1.26452 -0.0992624 -3.70942 2.06571 3.9452 1.19691 -4.88717 -3.13973 -3.34164 -3.70627 
1.87662 0.747377 -3.85738 1.6139 4.77416 1.05616 -6.00239 -2.08505 -3.38175 -2.73079 
2.19466 0.306545 -3.82704 1.36176 5.45842 0.651763 -6.99411 -1.18273 -3.30094 -1.34831 
1.64245 -0.980892 -3.41062 0.158208 4.94686 -0.996835 -8.19136 -1.06671 -2.48764 -1.33687 
1.22133 -1.3706 -3.27553 -1.23778 4.00316 -0.577648 -8.4688 -0.889394 -3.39483 -1.2837 
1.72995 -2.02558 -2.96583 -1.32968 3.76813 0.270762 -8.89415 -0.518094 -4.93134 -0.679795 
2.20306 -1.53565 -3.64624 -1.49124 4.01502 0.684895 -7.89777 -0.555806 -4.79238 -0.630277 
2.07673 -1.11459 -5.28806 -2.1773 2.94095 1.42162 -6.71454 -0.797265 -4.26051 0.201133 
2.83676 -1.95515 -6.45895 -2.35413 2.78739 1.22466 -6.47848 -0.461153 -4.29469 0.544473 
3.69564 -2.08174 -7.50567 -1.78353 2.23849 2.00978 -6.46283 -0.186627 -4.63927 0.669245 
