0.810221 0.590858 0.60559 1.98092 
-0.565953 0.953796 2.0063 2.68496 
1.23604 0.79885 2.13527 2.49261 
2.60269 1.8686 1.96438 3.06774 
2.56146 3.48063 2.16002 3.45016 
3.70128 2.32976 0.0181428 4.27897 
5.17945 2.84606 2.99188 3.35235 
4.6807 3.87146 3.32284 4.57465 
5.53679 4.44259 3.62606 4.34062 
6.6665 2.52139 2.95803 4.82662 
4.97483 1.19947 4.47416 5.12414 
2.58432 1.93128 5.0063 7.8114 
2.73869 3.71498 6.56708 8.63893 
-2.51847 2.425 6.93678 5.19409 
-3.35569 1.92867 11.7429 3.53973 
-1.66703 -0.578431 10.789 -2.17501 
-1.35697 -3.6511 10.0646 -1.68595 
0.22703 -1.62386 10.2965 1.04269 
-2.43577 -1.43924 9.99517 3.72411 
-3.55138 -1.8621 8.68413 3.0429 
-5.90185 -1.70049 8.12268 2.45168 
-3.64606 -4.52353 5.36381 1.78341 
-3.81402 -6.34256 2.35141 2.14443 
-4.61914 -2.73321 2.54552 2.43234 
-4.28883 0.143646 -0.158683 1.88754 
-2.61033 0.600935 0.680377 5.3109 
-3.98874 2.07653 3.46074 3.77902 
-0.351585 0.490176 4.83082 1.13908 
-1.68578 1.68362 6.10982 0.6272 
1.88077 2.78236 6.61504 0.235745 
2.29008 4.43018 5.81665 -0.117643 
0.482168 4.75859 2.96543 -0.428317 
2.67937 5.85118 0.564867 0.326309 
1.57597 6.68347 0.672943 -1.59216 
2.34404 6.37679 0.218314 -1.1661 
-0.18004 6.98828 2.40231 -1.1506 
-0.409574 8.01903 -0.0759233 0.0544698 
3.14366 8.74892 0.405203 2.22224 
4.31451 6.26624 1.28623 0.366811 
3.9217 6.56403 0.218657 2.47166 
5.23211 4.97081 2.38465 2.67856 
7.47101 2.56804 -1.18808 1.77898 
8.20526 -0.469286 -1.13768 0.487859 
10.378 -0.124703 1.18329 3.95545 
9.12359 -0.762932 1.37432 3.44614 
9.04472 -1.69484 3.74554 2.84972 
6.28408 -2.7341 3.0433 7.23347 
0.507199 -1.81479 1.85349 10.2603 
-0.680038 -2.95756 -0.144406 10.3126 
1.22873 0.373906 0.591775 10.3566 
3.59646 -1.70824 -1.76958 10.3855 
0.986027 -2.02965 -0.374497 8.87373 
0.374544 -0.508829 0.725194 8.90918 
-0.339676 0.74155 0.769903 8.40506 
-1.94398 0.291261 4.60182 7.29012 
-0.57217 2.1535 5.02669 6.56489 
-2.14346 3.26214 4.55869 3.50561 
-2.38401 1.18076 8.89306 3.25387 
-3.98054 -0.788736 7.44957 0.230279 
-1.08202 -2.53067 6.37682 -1.30509 
-2.75707 0.573242 6.323 1.33001 
-1.58149 -1.95769 6.93344 2.19294 
-1.29863 0.80781 6.54009 0.309334 
-2.58092 0.701241 6.00476 2.02594 
-1.7393 0.0574236 7.7998 0.996087 
-0.889147 -0.499853 7.5894 -0.374416 
0.810535 1.96329 8.38212 0.551162 
0.052153 1.59658 6.06387 1.32189 
0.279939 6.30702 9.10422 1.63183 
1.04658 4.04808 9.31325 0.525612 
0.995993 6.41964 5.79622 -1.63532 
2.82278 9.4778 2.84085 -0.72692 
1.01073 9.76377 -1.69917 -3.42367 
2.03898 9.48377 -1.19981 -0.202736 
2.15879 6.92462 -0.710968 0.877182 
4.25564 6.25536 -0.415888 0.730667 
3.83703 6.09938 -1.47606 2.00758 
7.15849 4.31722 -3.29916 3.42656 
8.70243 -1.72826 -3.66432 -0.355696 
9.03603 -2.0189 -0.804122 -2.90937 
8.8268 1.8575 3.23422 0.070691 
8.59977 2.42145 1.64685 1.83327 
8.39671 1.60949 0.336154 2.41843 
8.24766 -0.713171 1.19039 2.57187 
7.33421 -0.587598 1.04884 2.50525 
5.43467 -1.67901 1.58034 6.0778 
0.792118 -3.22048 2.25361 7.62811 
-1.75329 -1.79709 0.253773 7.5364 
-1.72819 -0.288514 0.43892 6.83478 
-0.31162 -0.842425 -0.305323 9.89089 
-1.13154 0.45611 1.61212 6.76341 
1.42732 1.03926 4.56155 8.34255 
-1.3239 0.228479 6.23925 6.51734 
-0.884318 4.97527 8.42377 1.33673 
-2.07316 5.09807 7.3233 1.60014 
2.67272 4.2713 9.68101 -5.32281 
2.01105 5.30053 6.90162 -1.33175 
0.737377 8.18569 1.13888 -5.58914 
-1.98792 7.32384 -1.01887 -1.80829 
-1.07486 11.1061 -2.33986 -1.37659 
0.472724 8.53489 2.83852 -0.308805 
2.5533 9.65595 2.40623 0.0134317 
3.11663 8.60918 -0.519942 1.92509 
2.24319 7.07533 0.160218 1.74849 
4.99306 6.3498 -2.14528 2.56841 
8.18971 5.12732 -3.18361 2.01628 
8.52705 -0.660168 -3.57233 0.925389 
9.82857 -0.991036 -2.09786 -2.59613 
8.50591 0.74114 0.540421 -0.36476 
9.03483 1.12532 0.0628155 -1.08628 
8.25102 3.42298 -2.22209 0.0772012 
8.75585 3.83227 -0.412025 -0.863941 
9.16427 0.981857 -3.46744 -2.12351 
8.22244 0.228087 -3.68027 -2.65176 
4.89185 0.848346 -1.26633 -3.18123 
3.11921 3.44344 -5.91782 -2.57304 
4.70672 2.21746 -2.47542 -1.22646 
0.992911 3.49572 -4.63265 -1.20119 
1.90192 2.84029 -3.17011 -1.62395 
2.43967 3.3225 -2.66439 0.393259 
2.43632 -0.172279 -2.0923 -0.357683 
2.84698 1.80225 -2.77933 -1.28748 
3.57081 3.34266 0.795127 1.51459 
5.29013 2.24549 -0.359852 1.48283 
3.87575 1.33906 -2.8567 2.19824 
4.11108 0.847706 -0.886734 0.788767 
5.81964 0.380714 -0.669329 2.1962 
6.0077 0.313265 0.431264 3.90134 
4.30785 0.804463 3.71353 3.41583 
2.67369 -1.44349 1.41201 6.60531 
1.23799 -1.23962 2.89673 7.47555 
-1.04693 -1.12926 3.56785 6.75338 
-1.32475 1.78786 4.16797 7.95768 
-2.20277 2.93052 5.29657 5.76801 
-2.12719 3.19753 6.54798 2.78103 
-1.03633 2.53448 9.23792 -3.04562 
-0.269186 1.0516 10.8862 -3.37776 
4.05479 2.03058 7.93546 -2.10218 
4.43965 7.87447 4.656 -1.5313 
3.3764 10.7006 1.29427 -3.06416 
3.4356 9.04195 0.290889 -2.61238 
0.149853 9.1177 -1.4618 -0.781369 
3.66641 8.32991 -0.114386 3.04346 
5.16524 4.77508 -3.47255 1.52261 
7.93481 0.964989 -1.58454 2.61512 
9.69849 -2.91582 -0.175935 -0.0523172 
9.10306 1.25485 1.75929 2.02021 
9.91553 0.617813 1.8665 3.29663 
8.00793 0.262723 3.87389 4.93583 
5.53733 -1.54649 2.50425 7.87825 
1.3474 -1.93428 0.333909 9.54895 
-0.458073 -2.13359 0.805417 9.45056 
-1.95067 -1.82482 -0.153077 11.839 
0.201108 1.7624 0.537316 10.5905 
2.03416 0.138853 4.59932 10.4426 
1.31986 -0.319996 0.19579 8.84476 
-0.61602 1.69704 3.97544 12.5663 
-2.23707 2.53077 4.69461 6.41053 
-2.24574 0.66587 3.93823 6.05292 
-3.63232 0.508227 8.1467 2.40563 
-2.03508 -0.0383992 8.48255 0.289765 
-1.161 -0.863595 7.56705 -0.22672 
-2.04858 -1.06194 8.01874 0.678016 
-3.39685 -0.783925 6.35319 0.575687 
-3.28591 0.31088 5.67085 0.359808 
-2.98727 -1.35607 7.31469 2.38989 
-3.58902 -3.43712 8.535 0.903293 
-3.83066 -2.28276 5.18019 0.948562 
-4.14516 -4.15026 3.47179 1.49334 
-4.24484 -4.0661 1.66031 2.01567 
-4.88154 -1.56266 -0.983288 1.70007 
-3.89394 -0.77622 0.230553 2.49406 
-2.89536 2.91008 1.88114 2.2461 
-0.381264 1.57212 2.60213 2.78973 
0.0271489 3.37285 5.63107 1.86553 
-1.93956 1.56925 4.35931 0.605324 
1.26306 5.44219 5.47042 -0.886463 
1.28596 3.93619 4.72218 -0.313955 
1.44643 3.90759 4.10097 -2.1704 
1.85846 7.43944 2.79428 -2.18995 
-1.37529 6.28429 0.883365 -2.76465 
-1.06992 5.53143 1.44516 -2.93414 
-0.865364 5.8456 0.911603 -0.735639 
-0.998363 8.07369 1.05614 -0.424143 
0.587708 4.76 1.72655 1.13798 
-0.171871 7.28763 2.13836 1.30517 
1.66378 5.58697 0.00871482 -0.228221 
2.0586 6.69577 -1.52757 -0.800688 
2.54261 9.20372 0.91109 1.32931 
3.88603 8.15633 0.04011 2.59185 
5.08632 8.69835 -2.22791 -0.404893 
5.3934 7.56212 -1.42454 1.85599 
7.34255 3.52387 -2.88378 3.44256 
7.40743 -1.50506 -2.53788 2.50418 
8.08037 -2.28415 2.25667 1.51725 
8.10104 0.637456 2.66854 4.21071 
5.01168 -1.26684 3.65014 6.00392 
2.31101 -0.0666855 2.36523 8.6279 
-2.45895 -1.57283 1.85417 8.57151 
-5.82735 1.44216 3.51582 7.3285 
-4.50564 3.9631 8.51017 4.31438 
-3.86845 0.242508 7.21373 -0.708274 
-1.36946 -1.13143 9.32188 -0.419745 
0.500294 0.764495 8.96618 0.047261 
1.29016 0.664902 9.76336 3.39094 
-0.397262 2.08992 8.87454 0.97235 
-0.876072 3.455 6.36025 -0.302286 
1.2723 2.83653 5.94394 -0.567062 
2.66242 5.49723 6.21497 -1.352 
2.01595 5.95302 4.76319 -1.99562 
2.7706 6.68188 1.00198 -0.994529 
0.572819 6.35473 0.127548 -2.21396 
-0.163481 7.03849 -1.09883 -0.259588 
2.1963 7.67747 -3.20948 0.940479 
2.70103 6.13486 -0.573014 0.954008 
5.76468 5.38909 -2.1173 3.5165 
8.82852 0.667105 -4.30153 1.11773 
8.05456 -1.14867 -1.74412 -0.476721 
8.23463 -0.509076 0.522841 -0.417423 
7.50751 1.12986 0.367919 -1.0369 
7.40372 -0.188238 2.8523 4.15352 
6.95318 -0.0845746 3.33187 5.66868 
4.91164 0.173899 3.20669 7.66966 
-1.03392 -0.0694894 3.67787 9.70012 
-0.129054 0.170636 3.76661 8.04106 
-2.37968 2.66699 4.89191 6.06569 
-4.04791 2.81056 10.1651 2.72464 
-6.0301 1.75579 8.20517 -0.0745934 
-1.21174 -2.83531 8.30543 -1.1557 
-1.18019 -2.77914 7.22944 -1.71647 
-0.756613 -1.51899 7.53843 2.58133 
-0.69438 0.308254 9.39969 2.14788 
-0.210285 0.298325 8.4612 3.29706 
-1.71909 -0.00691515 7.12128 1.23738 
0.0223652 -0.702107 7.23293 -0.459219 
-1.36328 -2.21554 6.8085 1.66106 
-1.78168 -1.2228 8.48639 -0.17303 
-2.59725 -1.58948 6.81812 0.965995 
-3.02949 -1.38889 5.72907 1.6139 
-3.62101 -0.594722 4.08083 4.14339 
-2.64757 -2.24326 5.66323 0.905317 
-3.73766 -2.12048 6.67434 0.449303 
-1.41344 -1.00049 5.44603 0.738816 
-3.23659 -0.654282 7.97674 2.07799 
-3.23032 -2.90062 6.86366 3.2244 
-1.96567 -0.953573 5.4858 1.83766 
-2.55744 -2.35899 4.17814 2.96148 
-2.81694 -1.10163 2.491 4.09351 
-3.64065 -2.79445 3.96114 0.940554 
-2.93203 -0.852846 2.87152 2.1993 
-3.36153 -0.582896 3.5234 3.99524 
-3.81721 1.14751 3.23717 2.77407 
-2.63788 -1.42015 4.23659 1.59212 
-2.14952 0.236837 3.23063 2.72475 
-1.55368 -0.177911 3.60408 1.97846 
-0.87688 0.989475 4.11698 3.14064 
-1.5742 -1.23262 3.04334 0.450395 
0.666821 1.18396 3.37304 -0.0674151 
-1.16399 4.07276 4.23838 -1.61077 
0.584266 0.933492 4.13045 0.156227 
-0.730866 1.97089 3.38677 -0.987116 
3.06814 3.97098 5.02529 0.0848926 
0.389677 5.87795 3.88307 -1.83302 
2.60927 9.26676 1.07717 -1.18097 
1.09198 6.70493 -0.293927 -2.59526 
0.934392 8.63086 -0.499525 0.379547 
0.399293 9.82106 0.130523 0.96096 
-0.454577 7.33061 -2.119 0.526439 
1.34166 8.3543 -0.255908 -1.37215 
2.19427 8.22282 -0.704534 1.43083 
6.43731 5.59234 -0.398961 2.18686 
7.0272 2.53088 -1.89503 1.72076 
9.00548 -0.402698 -1.26091 -0.0114153 
8.39609 -0.840954 0.555216 1.68914 
8.10292 -0.892965 1.68573 2.20182 
8.76058 -2.35317 3.60898 3.42936 
7.37424 -0.639975 3.07393 6.78906 
2.7762 -2.05843 1.87429 8.02914 
0.940271 -2.42487 1.51555 9.31225 
-0.913308 -1.60897 -1.4246 8.64154 
0.0724087 -0.0782616 0.907629 9.24883 
0.830531 0.496768 0.232733 9.87013 
-1.00273 1.85724 4.90863 6.06464 
-0.277592 3.57274 7.35246 7.17298 
-1.68312 3.30534 8.97511 2.93091 
-3.76572 2.55468 9.77416 0.930221 
0.434501 -0.441963 9.87522 -3.04853 
3.81013 2.93704 9.89773 -1.63299 
2.99671 4.70758 7.1381 -2.81462 
1.97401 10.7695 2.15709 -5.59503 
0.515017 10.1232 -1.39649 -2.72975 
-3.64369 8.75638 -0.294659 -3.62608 
-0.805659 8.91975 3.14318 0.413718 
0.0413662 9.18635 2.27856 -0.670027 
1.95077 9.02949 2.47266 -0.03421 
2.31269 9.27321 1.20366 0.688248 
4.75003 9.81845 -0.964611 0.291993 
3.67519 9.00255 0.280892 3.2336 
5.57019 6.46028 -2.19478 3.13364 
8.10608 3.5265 -4.83398 4.06221 
8.20677 -1.3534 -2.05068 -0.0243641 
8.05116 -2.54242 1.18962 -1.10547 
10.7152 0.592178 1.4768 1.4658 
9.21253 0.421654 3.21268 4.64425 
4.93444 -0.860647 2.9751 8.48156 
1.22733 -3.79964 3.63187 11.0797 
-1.20112 0.0214865 -0.102017 8.83335 
-0.662792 2.08397 2.73854 10.3919 
-2.06611 0.259305 3.18612 9.3999 
-0.408639 2.51148 5.97568 7.31091 
-2.50083 4.33264 6.79206 3.63483 
-1.00164 0.802776 11.8392 -1.83377 
-0.243391 0.458759 10.4815 -1.9589 
0.797182 0.837555 9.17111 -2.52848 
4.95228 3.66515 5.49818 -2.08503 
3.3202 7.52095 4.43245 -3.75042 
3.63451 10.2506 0.746842 -3.206 
1.04712 10.5981 -3.10336 -4.84196 
2.10076 8.4444 -4.07085 -0.0166345 
2.84912 9.82815 -2.07324 3.90708 
6.39777 5.99763 -1.74483 4.05607 
9.98736 -1.64374 -3.10078 4.73154 
10.376 -5.44569 -1.15296 -0.423525 
8.66754 -3.35283 2.3984 2.1008 
6.17281 -2.29429 5.16543 6.1076 
-0.730915 -1.99275 2.77012 8.32394 
-2.91166 -0.16336 3.45585 10.1369 
-4.61286 3.06116 4.61159 7.79202 
-3.15164 2.227 5.30261 3.07354 
-2.68453 2.71824 8.9844 0.0550756 
-0.526645 0.923981 9.77553 -2.49314 
2.61657 1.1685 7.90082 -1.65095 
5.00591 3.29842 8.1626 -0.59737 
4.706 6.61215 4.51928 -0.740583 
4.9929 10.8748 2.63567 -0.00878701 
3.97354 6.90692 -3.66677 -0.281484 
4.42149 6.17054 -4.45151 2.33164 
6.299 3.44147 -3.99627 0.928233 
6.55376 -1.3093 -2.35318 0.630061 
7.38588 -2.18538 -2.31011 -1.71673 
7.33653 0.143033 0.093584 -2.07536 
5.16737 1.73642 0.404838 -2.92511 
5.28984 4.40568 -3.05377 -0.883181 
4.0936 2.71618 -4.73956 -0.701003 
3.57026 2.40056 -3.01067 -2.17802 
4.63672 3.03209 -6.27641 -0.949761 
3.88891 3.36383 -3.95494 -2.29106 
2.81494 1.8861 -1.51303 -1.07679 
3.01246 -1.17556 -4.81698 -1.55854 
6.31733 -0.45406 -2.72759 -1.89346 
6.99555 1.01799 -1.99738 -0.961235 
4.13686 2.51983 0.00943638 -0.258695 
4.012 1.38559 0.00569118 -1.05889 
5.8272 1.05792 0.93582 0.927784 
8.10243 1.85076 0.273138 -0.0782942 
7.75769 1.70597 0.9793 -0.092146 
8.10972 0.600808 0.67485 0.65919 
7.54795 0.064411 -0.291128 3.65016 
7.54108 -1.4248 2.87776 4.82236 
7.66476 -2.20869 2.64819 4.22855 
4.83318 -2.28894 -0.275364 4.45726 
0.912798 -4.38453 0.242381 8.21966 
-0.116601 -2.73478 -1.49403 5.97635 
-0.880908 -1.68565 -2.19579 8.792 
1.38375 -0.907835 -1.25164 6.10233 
2.64921 -1.55529 -0.197106 7.86979 
3.32773 -0.0840334 0.498201 6.56664 
4.37002 -1.16769 -0.106485 7.23536 
2.48489 -2.37357 -1.24365 5.62869 
2.09051 -2.238 -1.95045 6.90837 
1.59502 -2.82682 -2.41918 5.10871 
3.6327 -1.75704 -1.68455 3.21056 
2.45185 -3.44584 -0.163919 4.26613 
2.87769 -2.13344 0.529115 4.57778 
2.20872 -3.78225 -1.10698 4.60642 
1.40338 -2.78606 -1.43933 6.83247 
3.10472 -0.856719 -0.587863 5.07281 
0.962323 -2.94565 -1.19766 6.62821 
3.26108 -1.82102 -0.506225 4.20251 
2.39311 -1.20719 -0.99099 4.20617 
1.69812 -0.958441 0.172818 6.09542 
0.786991 -2.17801 -1.2143 6.21616 
1.82157 -2.58984 0.500486 6.60187 
1.48657 -2.17827 0.097719 5.96269 
0.0886729 -1.00816 2.19421 6.17379 
1.38455 -0.356249 1.37023 7.96998 
-0.129577 -2.77895 2.47148 5.84971 
0.543694 0.00178061 1.90076 7.90282 
-1.30096 0.148408 0.332997 8.36705 
0.629617 1.46717 0.939423 9.06598 
-0.142602 2.8641 2.74043 7.03572 
-2.40573 0.790184 4.12632 5.71682 
-0.549762 3.00308 5.73818 5.17116 
-1.07213 3.82435 7.43152 1.50369 
-0.273135 -0.638549 10.2651 -1.62758 
0.965598 1.43196 8.67999 -2.23007 
3.42964 4.14512 7.55637 -0.834756 
4.14894 5.63181 2.41644 -1.88442 
2.9014 9.69122 -0.400737 -1.95518 
-0.276131 8.52117 -1.33569 -1.6317 
2.19507 8.30601 -0.860747 1.04374 
4.20466 5.45361 -2.96696 2.39971 
8.79526 5.24468 -4.38648 2.82736 
9.28436 0.12205 -3.92534 3.07522 
10.9392 -3.12196 -0.0437136 1.82022 
10.6258 -0.910184 2.64873 2.06987 
9.80644 -1.84201 3.64391 6.10909 
5.54273 -2.71312 3.43715 10.6296 
-1.01293 -3.39638 1.80464 9.33419 
-3.7675 -0.142437 0.244767 8.72516 
-3.16422 3.56022 5.89118 8.15091 
-3.26527 4.43863 6.2597 4.8542 
-1.96088 1.57993 9.81194 -1.38559 
0.374307 1.49594 9.2494 -2.34411 
0.867723 3.34194 11.0546 -2.85257 
4.52859 5.60471 6.02746 -1.50124 
3.47416 7.60732 3.24368 -2.93667 
2.76847 7.8635 -0.532753 -1.51826 
0.747439 7.9963 -2.78417 0.915538 
5.9412 8.91272 -2.11639 1.91338 
5.99937 5.87184 -2.65499 4.06465 
9.81518 1.02443 -5.59732 2.87441 
10.4984 -3.37359 -3.33542 -0.94294 
10.1369 1.20224 -0.528595 0.742947 
9.22634 -0.179712 2.37198 2.73535 
7.86793 -1.20496 1.92191 4.04274 
6.6533 -1.17839 2.48522 7.43315 
3.10039 -5.0024 2.2093 9.19846 
1.32168 -1.6866 0.773668 7.49769 
-0.0977966 -0.730318 -0.786005 9.16084 
0.172661 -2.32975 -2.74617 6.66218 
2.56232 -2.20958 -2.30165 7.20388 
2.45005 -3.53974 -1.81552 6.64289 
2.07323 -2.28321 -1.59548 5.11042 
2.97326 -5.30164 -3.66685 2.79949 
0.874797 -5.47804 -2.59027 5.35094 
1.27873 -5.58812 -1.79391 1.78129 
0.572243 -3.86565 0.746188 1.02835 
1.31364 -3.52941 -0.805537 2.13486 
1.64723 -2.49551 2.08106 3.19405 
1.46408 0.631511 -0.742654 2.07289 
0.895541 0.236443 1.72377 4.91161 
2.48374 -0.0103706 2.43947 4.93468 
-0.411482 -0.877888 3.78997 5.40761 
1.88571 1.37402 2.24372 5.4399 
0.570573 2.59684 4.41158 2.52025 
-0.73665 2.8136 5.01926 1.6228 
-0.826777 1.88874 6.4278 3.1561 
-0.728892 3.82007 7.11545 0.259268 
2.15466 6.60804 6.51431 -1.9877 
0.85463 7.42034 3.6018 -2.81901 
0.0793896 8.66661 2.03904 -4.03596 
-3.51151 7.5737 0.465851 -5.20856 
-3.22099 4.10334 1.3579 -2.37642 
-2.72386 3.11403 1.25057 -2.69703 
-0.704651 2.0595 1.32548 -3.40082 
-0.00883998 1.30841 3.12201 -2.02312 
0.697796 1.02966 0.676844 -3.47654 
0.43563 1.34775 3.65532 -2.90535 
2.429 3.8163 2.27597 -1.56632 
2.04555 4.66622 0.242237 -4.44113 
0.0457481 3.66045 1.97157 -2.04652 
0.745859 4.42874 1.43086 0.557649 
0.252897 6.04996 0.536683 0.379247 
2.21967 4.58139 -0.823086 0.599514 
3.2434 5.68857 1.53181 1.06596 
5.18286 4.27135 -0.635742 2.85748 
6.98189 1.05003 -1.27357 3.77807 
7.84381 -1.9373 -3.22121 0.691488 
9.11076 -1.65931 1.60248 -0.031041 
9.30053 -0.321491 3.1779 1.22599 
7.97083 -3.79216 3.79741 3.25223 
3.5252 -2.7436 3.36922 7.63132 
-0.445322 -3.66575 3.15469 9.35124 
-2.86825 0.280388 1.34296 11.65 
-2.32695 2.54563 3.73059 9.65139 
-3.12139 3.75662 6.22629 6.30712 
-1.60108 0.433446 8.01363 2.36668 
-2.52411 2.42131 7.55581 -1.15568 
1.33538 0.0140035 10.0269 -2.07066 
3.654 0.838831 8.75784 -1.01505 
2.93181 5.46641 7.60435 -0.555509 
2.89759 7.10386 4.67798 -2.82964 
2.57276 8.62863 0.456057 -1.02365 
1.7803 8.09444 -0.637985 -0.451694 
2.90562 7.79728 -3.6274 1.23998 
7.30561 6.2894 -0.857532 3.07958 
10.6426 0.449518 -3.4356 4.03428 
8.91431 -1.77516 -0.963108 1.88164 
7.7422 -2.5527 -0.332509 0.561231 
5.73626 -4.72829 2.91121 5.81947 
4.47416 -3.37758 3.17462 7.58622 
-0.0821203 -3.16105 2.6769 8.60525 
-0.903397 -1.84733 0.670844 8.02131 
-0.154965 0.23544 0.37736 6.81861 
-0.425666 1.96362 5.44948 7.62314 
0.0248694 5.46225 5.72326 5.5447 
-2.80165 3.50521 9.38742 1.88135 
-1.73421 2.06503 9.16091 -1.18663 
0.896987 2.02416 7.88822 -1.09522 
2.49318 5.23931 7.8665 -2.83164 
4.31919 5.68327 3.19288 -4.32784 
2.07904 9.20135 0.0427235 -3.81282 
0.726254 6.68766 -2.2433 -1.82575 
2.38994 6.81901 -0.855151 0.539782 
3.13365 6.62222 0.632825 3.7502 
5.3594 7.00138 -0.509538 1.59749 
6.73938 5.06866 1.61681 3.48532 
9.74934 3.65807 -0.427718 4.91558 
9.95403 1.01461 -2.04876 2.66845 
7.52889 -1.7882 0.0353849 2.23207 
8.08436 -3.01587 1.36662 3.1239 
7.66209 -2.52635 4.0225 7.24887 
1.39943 -2.64566 1.79308 8.18195 
-0.270208 -0.959045 1.68806 8.8739 
-1.35289 -0.844776 0.12853 9.44985 
-1.62959 1.10366 1.78463 9.40407 
-1.9047 3.55717 5.97345 4.51071 
-2.46881 3.26566 8.51501 1.17562 
-1.94132 1.4487 8.33864 -2.08055 
2.72926 2.73678 7.8987 -3.5918 
3.46909 5.72322 7.55401 -2.99574 
3.57498 7.64548 3.16496 -1.26826 
0.629307 8.44509 0.986796 -2.32385 
0.0719088 8.77846 -2.09098 -0.45559 
0.716996 7.25605 -1.57712 3.43568 
2.55799 5.21867 1.79669 0.564306 
5.34598 7.10848 -0.0559911 3.38981 
4.4441 5.72763 0.552608 3.26461 
8.49975 2.04956 -3.76627 3.38455 
8.98354 0.895447 -0.944333 0.762675 
9.41457 0.334352 -0.294782 1.95138 
7.62006 -1.62299 2.05948 1.69409 
7.2551 0.016459 2.65131 5.09079 
3.90409 -1.6384 3.57233 6.54996 
1.67929 -1.82028 2.37409 10.0872 
-2.38571 -0.303811 3.43974 8.23167 
-1.51407 1.94862 4.3122 11.1806 
-4.55375 3.4282 5.13846 7.13059 
-5.86726 3.96812 8.12438 1.52941 
-4.30906 -1.70459 9.4694 -0.0703079 
-1.01385 -3.37493 9.13004 -0.657492 
1.42657 -2.68159 8.88635 2.28934 
-1.85377 -0.337396 7.9415 2.19507 
-3.74717 -2.95681 7.35897 2.72684 
-3.27917 -2.14944 4.47683 1.01999 
-5.27682 -5.39105 4.51172 0.252907 
-3.48255 -2.63375 2.17334 2.32914 
-3.68277 -2.96493 0.494042 1.66004 
-5.07566 -3.02357 0.517983 1.73066 
-1.04852 -2.05658 0.517019 2.33056 
-1.61282 0.00739606 3.18428 2.99143 
0.130719 1.69825 2.1126 1.05372 
-1.27891 4.46475 3.3217 2.50108 
-0.994115 3.54367 4.58256 1.34873 
0.960722 3.7915 6.28007 -1.24226 
-0.76212 6.64101 6.25574 -2.41767 
1.56172 6.71506 4.62703 -2.81113 
1.0577 6.77241 1.28497 -4.22978 
1.42755 6.66235 0.339017 -3.20549 
0.507949 8.27555 -1.98981 -0.301922 
0.622454 7.95792 1.41088 -1.48599 
0.677436 10.1562 1.37332 0.549786 
-0.457181 7.94364 2.64284 -0.854841 
1.99355 8.51555 1.77686 0.61111 
0.960881 8.41139 -1.49017 2.13669 
1.86021 9.39054 -1.15765 2.3546 
4.06365 6.5251 -2.92933 2.12144 
7.30905 3.20176 -2.95142 1.43106 
8.5891 0.172419 -3.1555 -0.143485 
8.09557 -1.37331 -0.800645 2.04007 
8.07625 -2.52499 1.97936 2.36591 
7.7172 -2.2665 2.04009 5.4592 
4.36651 -4.04484 2.45992 7.36774 
1.00694 -3.78864 0.881139 10.1561 
-0.0734502 -0.782146 0.670942 10.7214 
-2.23686 -0.604265 0.483379 11.0269 
3.24582 2.99894 1.6964 8.2156 
-1.57243 4.81617 5.25243 6.86325 
-0.859699 5.35161 9.1174 6.42749 
-1.42454 4.00646 9.39995 0.443729 
-0.821703 0.95077 9.14021 -1.68113 
1.55926 5.97456 8.24014 -1.97418 
3.34502 8.0534 3.85936 -5.28251 
3.09239 8.45255 1.25126 -3.25476 
-2.03722 8.78334 -4.04174 -1.83702 
-1.54391 7.24111 -0.72073 2.49018 
-0.107052 8.94551 2.09542 1.81996 
0.702168 7.38172 2.0998 -0.886898 
2.32223 10.4547 1.00753 -1.12181 
1.67717 7.68176 0.00290814 -2.39204 
0.0913371 9.26614 2.00639 -0.691059 
2.10365 9.90217 1.63406 -0.791992 
2.76008 7.63489 0.447575 -0.277705 
3.88141 6.99007 -0.530016 1.79736 
4.98846 6.62399 -1.25217 2.43236 
6.25334 3.31097 -3.72099 4.2285 
7.83195 -1.79827 -3.42676 1.24558 
6.85154 -0.433907 -1.08515 -0.154192 
7.59056 0.34699 0.459909 0.617253 
9.31925 0.403097 -0.408329 1.82546 
8.91914 1.73128 1.22938 3.82262 
7.85596 -0.997239 0.560209 5.18657 
4.87979 -1.70775 1.90715 6.81365 
4.05705 -3.20132 1.70981 8.12873 
-0.76084 -1.56656 0.656846 8.00613 
-0.831254 -0.800096 0.135848 7.63069 
0.49992 0.836349 0.900382 7.56721 
2.29085 3.32547 -1.99354 7.47169 
0.0223218 0.729879 2.8746 6.35318 
0.636311 1.93687 5.64204 9.61705 
-1.0671 4.5188 5.54567 6.64813 
-0.777271 3.25364 8.51649 2.25061 
-1.59235 1.75479 9.1399 0.298769 
0.649492 2.74722 9.92244 0.116076 
1.83682 4.8499 8.16007 -0.938616 
5.49229 7.41343 1.76031 -3.56651 
3.31452 9.30638 -0.707224 -3.51986 
-0.703867 8.62633 -1.77785 -0.203217 
2.58558 8.75998 -2.02719 0.251607 
2.42589 10.7967 -0.35832 5.01843 
5.68175 7.08683 -0.726112 4.39495 
9.84293 3.32811 -4.08241 5.14156 
9.42745 -0.0219246 -1.07878 3.11077 
12.79 -2.06913 1.07251 -0.670104 
9.82436 -0.472409 1.63206 2.84697 
10.4311 0.0231149 3.53855 7.35322 
5.37006 -2.52433 3.60871 7.6782 
1.48826 -2.35618 0.543227 8.16048 
-1.79289 -0.0895474 0.57316 10.4513 
-2.33563 -0.328853 0.895812 9.87799 
-1.71468 1.52958 2.61766 11.0011 
-1.8276 2.26726 4.77606 8.11983 
-1.80562 5.37535 5.49685 5.10196 
-1.91484 2.94123 8.46153 0.525795 
0.676131 0.349333 8.22602 -0.442098 
1.81237 1.98362 8.00792 -2.36023 
1.45957 4.16939 7.87135 -1.90669 
1.50845 8.55534 3.48969 -1.19272 
0.139456 9.45519 1.37317 -5.94042 
-0.97759 7.55304 -0.684072 -1.17291 
0.979849 10.5486 -0.500772 -0.206741 
2.08171 8.45696 -0.765445 2.17716 
3.03066 7.98488 1.74294 3.66763 
4.90726 6.51476 -0.687135 2.66603 
9.00117 4.99819 -1.71153 1.91411 
8.82951 -0.0507915 -3.05836 1.62923 
10.138 -1.37489 -0.841742 0.682081 
7.20146 0.155282 -0.304322 1.38413 
9.73076 -0.497067 2.31541 1.48951 
7.78141 1.25753 3.1218 3.39986 
6.53629 0.601039 2.92347 7.48005 
3.57733 -2.48416 5.18652 8.22223 
-0.574044 -1.62794 4.29241 10.9868 
-2.60812 0.756966 5.3545 8.62175 
-5.44052 3.49181 6.78045 6.42786 
-4.95743 1.13178 8.7883 -2.70602 
-1.18115 0.0841376 9.0669 -3.01831 
1.21695 1.00797 7.94717 0.313843 
2.02661 2.22018 8.86188 2.29501 
2.83628 6.76551 8.36093 0.585787 
2.69316 7.84156 5.07482 0.102724 
2.13377 8.15954 3.88337 -2.01741 
-0.0621038 7.28972 2.04659 -1.9857 
-0.4237 11.5824 1.02592 -1.56589 
-1.91302 8.06728 0.547077 -1.9204 
0.129356 8.56538 -1.05244 -0.314385 
0.322207 8.86976 1.38265 -0.773816 
1.85301 6.30089 -0.150913 2.14412 
2.3786 9.0906 -0.258306 -1.47162 
4.07673 6.93148 -2.00065 -0.0433781 
6.45936 6.00636 -3.31336 3.6575 
8.92771 -1.32743 -1.33727 3.01148 
8.50513 -3.42746 -0.815692 -0.276819 
10.1904 -1.53478 2.88086 2.69761 
9.45985 0.298509 3.10122 4.14312 
5.30193 0.411464 1.52839 6.8694 
0.996172 -4.1461 2.46422 9.7987 
-2.5523 -1.27086 0.949716 8.66432 
-3.9013 -0.886362 1.35539 9.55129 
-1.79885 3.04067 3.72581 8.64555 
-4.0169 2.81568 7.61813 6.26635 
-2.09274 3.28502 9.8515 1.21652 
-0.404304 -0.333809 9.25312 -1.07257 
1.1479 0.947818 9.3983 -0.799745 
2.38905 3.14354 9.40234 -0.053288 
3.46945 5.75721 7.89182 -0.281749 
2.15744 6.31734 6.41067 -1.43867 
1.37066 11.3539 3.38904 -4.48087 
-2.40114 9.53974 -3.41869 -3.11265 
-1.42582 9.82918 -0.691798 -1.08565 
-1.71521 8.31919 1.3781 1.76848 
0.2395 7.39543 2.97702 -2.61606 
-1.27343 7.66676 3.65681 -2.01939 
-0.571095 5.90379 1.3928 -1.05109 
-2.21753 6.51461 0.0980858 -4.31767 
-3.38648 10.5875 0.279156 -1.87061 
-3.31576 5.4822 1.44303 -1.59039 
-1.56949 5.18215 0.974081 -2.37638 
-0.771258 5.66465 3.1535 -3.26428 
-1.84643 4.70206 1.77509 -2.44771 
-1.14277 3.86826 1.18165 -3.57169 
0.842484 3.16022 2.7885 -3.35897 
-0.0687258 2.90812 0.0677362 -2.68798 
-0.393173 3.87897 0.478464 -3.24777 
1.04573 4.10205 0.0825965 -1.53111 
-0.37606 4.28451 0.626665 0.155388 
1.68136 5.45626 0.369049 -1.18011 
2.55705 3.73475 0.602224 1.09113 
5.8676 3.35457 0.215346 1.12942 
2.58524 5.32429 -1.51185 0.585501 
6.4266 2.62163 -0.408833 3.39992 
5.64874 -1.00283 -2.29807 2.86238 
8.63596 -0.11946 0.405973 -2.43483 
7.11438 -1.8788 -0.688299 -0.537258 
7.15478 -0.605309 2.06052 2.42046 
6.30451 1.18255 2.97336 2.83327 
4.55867 -0.343362 2.91508 5.43 
2.85967 -2.18569 1.91578 6.70229 
0.0979324 -1.85123 3.33847 7.70576 
-2.24987 0.607275 0.942348 7.37621 
-2.67586 2.26097 2.94233 8.02077 
-1.12819 1.24534 5.88759 7.5648 
-2.02473 2.19764 6.03351 4.33478 
-2.60172 3.19532 7.53589 -0.481556 
-0.961594 0.856631 7.29795 -2.3651 
2.34082 3.88683 5.57749 -2.32258 
3.12313 7.04236 4.57385 -2.07788 
3.98292 6.36129 0.736358 -2.8962 
0.533424 8.0496 -1.50379 -1.80337 
1.04438 8.39101 1.02374 -1.36036 
0.224347 7.53235 -1.05355 0.994628 
2.77517 6.92537 0.370942 1.76774 
5.07853 7.54757 1.38281 2.68523 
7.24216 3.39511 -2.28624 2.86074 
8.58952 0.885568 -2.2969 4.02177 
10.736 -1.67253 -0.141072 2.43737 
8.38871 -2.29599 3.51722 4.1817 
4.01244 -1.62578 4.28485 9.02696 
-0.568994 -3.75529 0.744587 8.52642 
-1.96942 -1.85642 -0.837332 8.86592 
-0.821496 0.314383 -1.81032 10.6864 
3.72056 -0.0794081 -1.58891 8.72706 
3.89482 1.58669 0.516476 7.55209 
3.14329 -5.15083 -1.50021 8.71528 
0.999318 -2.59358 -0.275147 5.63649 
0.624147 -3.03447 -2.93079 7.13778 
1.51952 -3.16461 -3.27296 3.97773 
1.81555 -2.6804 -3.61177 4.62574 
2.90046 -1.3359 -2.75969 3.66419 
1.20513 -4.42994 -4.44578 3.4347 
3.67391 -3.68012 -0.973031 -0.450448 
1.66354 -2.63897 1.06744 2.64896 
1.00824 0.672298 2.40698 1.2497 
2.16612 -0.768716 0.714651 5.11773 
0.667525 -1.01052 1.24968 4.26725 
0.0516825 0.95169 2.17859 3.99811 
-1.86608 0.349602 2.37169 7.28871 
-1.44704 0.534105 5.02208 5.57143 
-2.81064 1.14384 6.87138 4.79276 
-2.94909 1.95513 7.1517 0.885781 
-1.33942 3.79113 8.63778 -0.145706 
-0.91628 -0.45807 7.38402 -0.402674 
-1.96093 1.2143 8.26546 -0.51286 
0.358523 2.3229 7.86425 0.53633 
2.27129 3.62581 7.4994 -0.675496 
2.19293 5.99445 4.72058 -0.792354 
1.10388 9.48677 1.1897 -2.16377 
-0.503391 9.35409 -0.873561 -0.209154 
0.66735 9.50007 -3.58978 1.59648 
2.54784 8.5171 -0.74908 2.49182 
6.25578 6.82358 -1.25703 2.08152 
8.30461 2.91461 -1.55987 3.1982 
9.90232 0.441602 -0.757188 1.50609 
9.22072 -1.47978 -1.68381 4.67686 
7.96235 -1.82801 1.19464 3.11428 
5.81982 -3.08965 2.45611 6.36618 
2.15217 -5.04738 1.86359 11.8329 
-1.62334 -1.88503 1.1565 8.06237 
-1.02543 1.05807 -0.727108 9.40137 
-0.898297 3.01072 3.57489 10.2342 
-1.18702 4.36458 4.91721 8.17013 
-3.06071 3.07607 7.91693 3.32069 
-1.86279 1.69612 9.708 0.730655 
3.09646 0.778841 9.40357 0.397178 
2.79318 3.3966 9.62906 -0.889863 
1.5558 5.47256 8.06698 -2.59042 
1.68614 7.76439 4.43479 -4.9499 
-2.36139 8.9663 -1.7939 -5.68213 
-1.82552 9.50154 -1.49782 -1.27127 
-2.00329 9.3769 -0.171432 1.28818 
-0.555205 8.71677 0.777947 -0.1942 
1.64343 7.06051 -0.0470876 1.11373 
0.636612 8.30187 0.883087 1.12214 
3.68466 7.17347 0.662412 1.48616 
4.65278 5.22837 -0.584085 3.71273 
6.96099 4.26207 -3.34542 -0.132892 
8.39593 1.12491 -3.0315 0.555649 
7.69711 -1.62533 -1.31286 0.603173 
9.92035 -1.77913 1.31214 -0.0810232 
8.36197 -0.901229 1.27209 0.910915 
8.13955 -0.870697 1.8981 4.96346 
6.00172 -1.96141 2.57261 8.5759 
-0.0426246 -2.62725 1.68959 9.25514 
-1.3006 -1.38676 0.12836 7.94949 
-2.12805 2.03892 0.876953 9.76614 
-0.946269 3.50503 5.53026 8.35592 
-1.83053 3.9911 7.32183 5.43316 
-3.09536 1.83677 7.99002 0.299101 
-1.04603 2.29296 8.15481 -2.55382 
2.13377 1.83179 9.03397 -2.28405 
1.85357 6.10618 5.79781 -1.36982 
4.28973 7.68145 1.58215 -2.65834 
1.76319 10.3651 -0.339605 -2.22978 
0.0686072 9.53334 -2.00054 0.421497 
3.78118 5.69663 -1.36391 2.53821 
7.13805 5.04099 -2.52466 1.79937 
10.0766 0.423284 -2.52822 2.38256 
9.26067 -0.0358812 -3.18552 1.25158 
8.78533 -3.18655 -0.660717 -0.430437 
9.84559 -1.18895 2.57937 1.48712 
8.23117 -2.19142 2.37119 5.44478 
3.60093 -2.71674 1.81597 7.69849 
-1.3596 -2.55341 2.90303 9.12447 
-2.19824 2.92005 0.437365 6.79133 
-3.39354 2.59639 1.55543 6.40495 
0.0771126 4.36742 7.3162 3.33811 
-3.1531 5.02381 7.46754 3.49359 
-0.962705 2.0562 8.05266 -1.62792 
1.89524 4.78771 8.28763 -3.72939 
1.60805 5.98467 8.36108 -2.57554 
0.715706 9.33912 0.837979 -3.93086 
2.1156 10.0397 0.428581 -1.41813 
0.340455 10.2124 -2.29048 1.29687 
3.41542 7.71806 -0.490871 4.32212 
7.77092 2.84133 -0.625432 2.46836 
8.16462 -0.0936872 -2.62194 4.41161 
6.22551 -3.50713 0.297428 3.15804 
7.00341 -4.37464 4.96563 3.7775 
3.76713 -4.33585 3.78385 8.07164 
-0.10325 -5.30741 2.01482 7.50742 
-3.61939 -2.58199 -2.34567 7.70307 
-1.08087 1.96437 -1.16244 7.88001 
0.735631 1.81874 4.49597 7.65382 
-1.16089 3.00302 4.98856 4.57085 
-1.3158 4.65477 7.38037 3.547 
-0.276601 3.20893 9.01085 -0.417034 
0.189796 5.45101 8.9268 -3.04278 
5.10643 4.63463 7.15672 -3.94775 
1.3036 6.96371 3.10345 -4.02047 
0.535698 8.16889 -0.523544 -3.0199 
1.08384 10.1796 -0.597983 -1.90333 
-0.567364 8.48439 0.547568 0.274726 
2.2416 7.97793 1.7319 0.669786 
1.39345 5.7684 1.54827 1.28747 
2.76903 7.97648 0.925934 2.22869 
5.69291 6.11658 -0.0576602 1.39984 
6.26558 3.12329 -0.770698 3.25969 
8.3502 1.99409 -0.668768 1.87665 
7.44785 -1.14141 -1.68261 0.179487 
7.14305 0.303067 2.08401 3.07142 
7.8326 -2.56658 1.84978 4.61394 
4.35482 -2.75533 3.0205 6.54646 
1.0339 -4.31832 2.05031 6.18063 
-1.52256 -0.602268 -1.46707 8.43787 
-1.20606 -0.654481 0.706391 8.27025 
-0.11507 0.978314 3.03613 5.22963 
1.08848 1.291 1.95992 4.87915 
-0.997098 1.68379 5.13887 5.19116 
0.240369 3.14745 5.56167 4.59449 
-0.2719 2.69596 6.90255 2.80639 
0.707905 1.46544 6.19877 0.168606 
-0.124832 1.96928 7.96895 -2.58175 
2.33792 4.76016 8.38847 0.596797 
-0.215721 4.90051 4.764 -1.98922 
3.10839 7.85414 2.89338 -1.76296 
1.87917 8.81346 1.0039 -0.266862 
2.19168 8.29511 -1.73382 0.670689 
1.70725 6.62972 -0.157925 3.23202 
3.62711 6.41355 -0.115669 3.64304 
6.15871 5.00591 0.0488567 4.47874 
8.16652 0.708336 -2.16762 3.07772 
8.91285 -1.78947 2.03202 1.39631 
6.25883 -0.127361 2.38535 4.01939 
8.62196 -3.57413 2.78321 7.97173 
0.802139 -1.84247 2.27446 9.3472 
-3.50685 -0.466726 -0.139524 10.4784 
-2.31098 1.45094 0.0133111 10.0518 
0.330923 3.25225 2.4729 8.32984 
-3.15559 6.01879 9.35018 7.9104 
-3.24073 2.7926 10.3522 0.877352 
-1.63947 0.486778 11.3239 -3.06751 
2.34639 0.884283 11.4618 -1.62892 
3.99248 1.79135 9.15757 0.866695 
3.75077 5.15472 8.53665 1.01728 
3.89443 9.82684 6.10385 -3.08736 
1.34648 10.078 -0.502782 -3.98214 
-0.914168 9.04928 -2.26804 -1.41175 
-0.577696 11.6117 -1.16712 2.5149 
1.54786 9.90333 -0.729549 1.50751 
5.14181 9.33379 1.54618 3.89538 
9.46357 3.08571 -4.64555 0.849596 
10.2133 0.432304 -5.06137 1.04449 
9.70406 -1.55661 -1.59797 -1.94525 
9.29505 0.108477 -2.06081 -2.27903 
7.46978 3.41798 -1.78877 -2.97575 
7.91601 4.65553 -2.47177 -2.42295 
5.70078 3.25853 -6.63721 0.38947 
4.81272 3.72615 -3.96956 -2.64636 
3.645 2.57771 -6.13158 -2.27344 
3.65347 1.54006 -5.13735 -1.11087 
3.09823 -1.24928 -3.64753 -0.534499 
4.81454 0.605271 -2.74199 -3.02484 
3.7368 1.51897 -2.59748 -1.71749 
3.13427 -1.11092 -1.86649 -1.07668 
4.57747 3.52378 1.68241 1.40255 
4.52202 1.54333 -0.957327 -0.873631 
4.49607 1.84242 -0.908215 2.10441 
6.69353 2.77662 0.881821 1.63644 
6.27602 2.35099 -1.47421 1.82326 
7.23247 1.49251 -0.563694 2.32285 
6.65924 -0.0737809 1.59276 3.69386 
3.82271 -2.76639 1.32842 6.31883 
3.13346 -1.22611 0.0699485 7.32438 
1.49252 -2.51552 0.742375 8.06393 
-0.509067 -1.3302 -2.28836 8.01825 
-0.325476 -0.20753 -0.279199 10.7015 
-2.89026 2.81331 0.638986 7.72135 
-0.333889 2.00007 3.02418 7.12161 
-1.69895 3.61707 4.82936 7.14956 
-1.84185 2.89329 7.00688 3.98203 
-4.71929 1.0145 7.71612 0.0543121 
0.183486 2.32032 8.68652 -1.69311 
-0.217573 2.32698 6.06207 -1.40754 
2.35574 3.41585 8.41612 -1.13375 
4.54938 7.00091 4.61147 -0.692877 
2.44235 8.51951 3.46061 -0.871267 
2.51383 8.04647 -1.81406 -1.87859 
1.56103 9.38441 -4.20674 1.48905 
4.44895 7.45031 -5.05594 1.86637 
5.40497 4.5643 -3.24341 1.99125 
9.27423 -2.24578 -2.14503 -0.305762 
9.72204 -2.41961 -0.176295 -0.54063 
7.97358 -2.09475 2.99513 3.0288 
8.73434 -0.311845 2.95574 3.597 
4.72993 -0.29888 3.04753 6.81416 
2.78987 -1.22983 2.91419 10.5175 
-1.10062 1.36606 3.90938 9.42328 
-4.17234 1.78779 4.04415 10.091 
-3.84563 2.80467 7.73419 6.81315 
-5.54614 0.773426 9.89471 2.65644 
-1.90007 -3.58757 7.31301 -0.416283 
-1.59089 -3.56428 8.73378 0.824253 
-1.32744 -4.20105 8.10287 3.47952 
-3.86768 -1.31324 6.74704 2.21643 
-3.9647 -2.69607 3.76748 3.38606 
-4.79424 -2.0473 2.91164 3.66664 
-3.64762 -1.21161 5.14314 2.75153 
-3.13312 -0.708011 1.89686 3.07982 
-1.63505 -0.554747 3.07399 1.628 
-1.06405 -0.286889 3.16697 2.28918 
-2.50231 1.95875 2.65694 0.278875 
-2.17162 0.887417 3.84724 -0.039658 
-1.41315 1.81162 5.08887 0.299887 
-1.91196 -0.189732 3.88806 -0.0119129 
-0.843542 0.787944 3.99457 -0.575905 
1.48162 2.8084 6.89841 -0.0402886 
-1.06044 0.123235 5.46812 1.04296 
0.683229 0.411676 8.11676 0.328122 
-0.526044 2.9969 7.47492 1.83607 
1.27557 3.93702 7.99743 -0.657899 
0.881692 1.99538 8.65084 0.0611254 
1.58158 5.61016 6.85437 -1.82823 
2.69962 6.60369 6.84575 -2.25386 
3.23947 9.72919 -0.651528 -2.44095 
1.6538 10.7659 -2.94734 -2.33723 
-0.550238 10.4593 -1.02966 -0.901386 
4.84228 9.07608 -2.35179 2.1666 
8.55909 6.24571 -1.42289 3.34889 
8.71246 4.85454 -2.36992 2.40944 
9.91765 -0.861649 -3.405 1.04315 
8.41938 -1.28639 -0.213336 0.948182 
10.6797 1.56539 2.7405 3.92954 
9.46878 -1.19446 3.95158 5.90559 
3.89107 -0.893941 3.57841 7.45929 
0.498544 -3.88943 2.15669 9.72214 
-1.17859 -3.46045 -2.42115 12.0066 
-1.1664 -1.34829 -5.30024 10.0976 
3.81609 -3.82834 -3.23931 6.05986 
2.94475 -4.5019 -3.20869 5.9487 
4.70951 -4.11155 -3.44705 3.34326 
3.6262 -4.88627 -0.451293 2.44712 
2.58754 -4.30921 0.798935 0.314269 
1.76635 -2.8877 1.24787 3.43303 
2.39237 -3.26122 2.81437 3.53701 
-0.843187 -2.94648 2.16316 3.72089 
-0.45687 -1.01763 1.08339 5.31735 
-1.07419 -0.831974 1.21495 7.24289 
-2.05595 0.615855 0.802063 5.8015 
-0.839528 2.36623 4.95931 5.08696 
