0 0 0 0.01 
0.68802 0.323954 0.777518 0.843936 
1.34436 0.887304 1.27653 1.25456 
1.73394 1.5251 1.85446 1.60317 
2.41525 1.88443 2.75334 2.73067 
2.67801 2.70776 3.36058 3.2122 
2.85091 3.42108 3.66114 3.49988 
3.26619 4.46564 3.64403 3.57635 
4.14308 4.60544 3.993 3.84382 
5.39941 4.27831 3.44341 4.47278 
6.23549 3.98821 3.67801 5.77131 
5.89371 2.50406 4.1899 6.86836 
3.95363 2.33084 4.76455 8.14951 
1.43838 2.25389 6.27545 8.31516 
-1.44438 2.56931 8.23425 6.22146 
-3.34254 1.9999 9.96449 2.04147 
-3.05479 -0.566615 9.8987 -0.945329 
-0.986548 -1.92047 9.60736 -0.492635 
-0.0229712 -1.55825 9.45465 1.58565 
-1.91071 -0.940605 9.19572 3.31407 
-3.83036 -1.3828 8.95049 2.36208 
-4.83255 -3.16048 7.4586 0.985781 
-4.56035 -4.56166 5.14923 1.48387 
-4.77573 -3.82144 3.05807 2.32926 
-4.41766 -2.57265 1.0063 2.4435 
-3.69946 -0.533563 0.35241 3.07232 
-2.75644 1.40576 0.820706 3.57851 
-2.0714 2.11177 2.81283 3.21273 
-0.829383 2.54098 4.42209 1.89611 
-0.125147 2.68586 5.39788 1.11264 
0.561387 3.48531 5.64663 0.376688 
1.05396 4.29553 5.62866 -0.979893 
2.0986 5.5437 4.45435 -2.26774 
1.85197 7.01072 1.40244 -3.01567 
0.184574 7.24375 -0.869952 -2.01712 
-0.357184 7.26064 -0.537118 -0.366285 
0.421324 7.21947 0.237091 0.170039 
1.04596 6.85491 0.591809 0.359902 
2.47923 7.15661 1.12014 1.08437 
3.88278 6.85547 1.03663 1.4247 
4.66867 6.59388 -0.268928 2.12603 
6.06021 5.05267 -1.01762 2.4168 
7.88216 2.28041 -1.96522 1.82663 
8.95472 -0.205881 -1.46278 1.69929 
9.19945 -1.1331 -0.170665 1.34647 
9.30396 -0.724927 1.40238 2.3373 
8.61009 -1.06625 2.22083 4.5531 
5.94492 -2.56258 3.42729 7.60732 
1.51015 -3.70586 2.19395 9.94029 
-1.18116 -2.12597 -1.08735 10.072 
0.206185 0.0690196 -0.922364 9.6002 
1.82639 -0.0459498 0.202039 9.24477 
1.45279 -0.326463 0.735164 9.25311 
0.663253 -0.31461 1.49461 8.58387 
-0.0552392 0.445347 1.67368 8.18253 
-0.567651 0.780331 3.38473 7.53367 
-1.63161 1.69874 4.83041 6.55156 
-2.68569 1.82113 6.39495 4.40315 
-3.31241 0.771971 7.65951 1.61459 
-2.65756 -0.752836 7.37827 -0.227886 
-1.4961 -1.5731 7.41649 -0.45574 
-0.557147 -1.23868 7.24141 0.279695 
-0.185471 -0.452603 7.65654 1.5684 
-0.959332 0.544699 7.37712 2.21863 
-1.67972 0.644872 7.29415 1.22016 
-1.14752 0.420377 7.60624 0.636186 
-0.323464 0.840588 7.4629 0.360847 
0.335275 1.04824 7.5194 0.411922 
1.12403 1.49987 7.54893 0.855315 
1.23372 3.06942 7.86293 0.640708 
1.34353 4.90446 7.41081 -0.381028 
2.32801 6.30967 5.833 -1.61316 
2.33811 8.1517 2.6163 -2.31438 
1.16941 8.99049 -0.684071 -1.86748 
0.836062 8.47039 -1.34595 -0.167358 
1.97924 8.4439 -0.743556 0.778128 
3.56745 7.99091 -1.18123 1.4756 
6.07122 6.02821 -2.43731 2.79323 
8.13757 2.22093 -3.07537 2.49304 
8.71379 -0.896999 -2.92753 0.543684 
8.61622 -1.14374 -0.776454 -1.07989 
8.49007 0.296776 0.789357 -0.321937 
8.29505 1.52522 0.850788 0.903836 
8.36108 1.03111 0.879907 2.05123 
8.31434 0.511733 1.02583 2.92526 
7.59886 -1.02164 1.46711 4.05078 
6.12666 -2.38181 2.50643 5.85469 
2.33201 -3.44556 2.00136 7.53311 
-1.09773 -2.56378 0.509428 8.06632 
-1.68928 -0.583569 -0.305446 8.60837 
-0.602605 0.971589 0.644444 8.49182 
0.69721 1.99492 2.02846 8.44066 
0.643684 2.07932 4.0712 7.77216 
-0.296341 2.44016 5.59737 6.65837 
-1.02293 3.52615 7.4819 3.58081 
-1.07583 3.51531 8.5506 -0.29775 
0.779542 3.72927 7.99053 -1.89366 
2.33605 5.85831 7.07736 -3.15036 
2.47728 8.11473 2.57178 -4.52287 
-0.626571 9.14326 -1.94034 -3.45339 
-1.63007 9.27784 -0.969753 -0.036075 
0.428994 9.42894 0.988672 0.841776 
1.53619 8.75394 1.27364 0.608332 
2.72672 8.67465 0.678972 0.189199 
3.39099 8.62286 -0.779671 0.345355 
5.16357 7.21653 -2.71971 1.86207 
7.77205 4.13135 -3.91585 2.88024 
9.26599 -0.294997 -3.84398 0.701888 
9.0828 -1.78403 -1.88824 -1.76477 
9.19092 0.499849 0.155366 -1.77037 
9.19687 2.46388 0.0987478 -0.750319 
8.32683 2.95431 -1.47298 -0.451489 
8.06961 2.23602 -2.66518 -0.669498 
7.79188 1.29513 -2.81682 -1.495 
7.35567 1.42979 -2.49084 -2.87947 
5.85715 1.52459 -2.80864 -2.58008 
4.56173 1.75174 -2.79669 -2.84436 
3.7959 2.08004 -3.48116 -2.28983 
3.02769 2.31876 -3.36951 -1.85275 
2.71392 1.91936 -3.56308 -0.997498 
2.91375 2.11041 -2.75731 -0.481471 
2.97834 1.36046 -2.35922 -0.0160215 
3.32969 1.18573 -1.63863 -0.327238 
3.63147 1.52484 -1.40958 0.639918 
4.00644 1.52014 -1.23968 1.42013 
4.42738 1.6771 -1.22349 1.17799 
4.65042 0.764489 -0.518076 1.50375 
5.57146 0.306689 0.0459568 2.01659 
5.29033 -0.106062 1.09596 3.4489 
5.2101 -0.568905 2.25376 4.69841 
3.21834 -0.815527 2.72946 6.35305 
1.29129 -1.05585 2.93295 7.56117 
-0.847626 -0.483946 2.73649 8.21926 
-1.5584 0.914718 3.10311 7.1576 
-1.92794 2.32895 5.45648 6.16712 
-2.97662 3.26596 7.34441 3.04389 
-2.13951 1.76382 8.71496 -0.753506 
0.0867098 1.63847 8.86178 -2.06838 
2.58152 2.87709 7.78003 -1.32134 
3.30501 6.01737 6.16978 -1.34882 
3.115 8.58578 3.00655 -2.40901 
1.751 9.52537 -1.12169 -2.06838 
1.16926 8.85104 -2.49689 0.537832 
3.59935 8.15331 -1.77245 2.88152 
6.69255 5.08669 -2.33648 3.1965 
8.86261 0.977891 -3.17415 2.51785 
9.4696 -2.20272 -1.69504 0.795372 
9.31287 -1.20137 1.1144 0.26517 
9.06951 -0.109401 1.96857 2.30761 
8.01034 -0.00384313 3.05439 5.05145 
5.0974 -1.61652 3.36859 8.36118 
1.52855 -2.28403 2.03562 9.65138 
-1.05725 -1.59153 0.242962 9.99549 
-0.894192 -0.272456 -0.252611 10.2309 
0.24691 0.250096 0.510722 9.83743 
0.594624 0.555226 1.11924 9.66215 
0.461573 1.26051 2.16726 9.58294 
-0.139872 1.04294 3.92015 8.91086 
-1.57198 1.81037 4.6273 7.66667 
-2.37825 2.27554 6.70516 5.62287 
-3.88578 1.79581 8.54242 2.13936 
-2.8239 -0.371072 8.3757 -0.323664 
-1.48563 -1.52763 8.41634 -0.321917 
-0.922362 -1.74375 8.09512 0.714468 
-1.31532 -1.27078 7.27716 1.72822 
-2.22081 -1.22674 6.8922 1.94822 
-3.16492 -1.74547 6.72621 1.8726 
-4.01162 -2.42539 6.57897 1.72084 
-3.71606 -3.366 5.12788 1.19037 
-4.07869 -3.45597 3.27518 1.92596 
-4.25377 -2.80749 1.64976 2.10719 
-3.2539 -1.41534 1.01424 2.59278 
-2.86041 -0.114624 1.32117 2.48988 
-2.09941 0.853664 2.22529 2.5303 
-1.58042 1.87696 3.31824 2.47185 
-1.26208 2.36492 5.1531 1.86813 
-0.649451 2.77147 6.0789 0.153339 
-0.0457447 3.48363 6.04268 -0.838249 
0.941108 4.1549 5.91022 -1.86839 
1.65246 5.8799 4.02596 -2.66054 
1.19365 7.26458 1.33027 -2.681 
-0.302134 7.18737 -0.0611901 -2.46259 
-0.950702 7.0099 0.0329847 -1.55512 
-0.648247 7.38696 0.865679 -0.802755 
-0.297139 6.90262 1.40885 -0.545159 
-0.198477 6.80833 1.69549 -0.249737 
0.611396 7.17084 1.48268 -0.622332 
0.745264 7.18116 0.991934 -0.864933 
1.03701 7.76863 0.558213 -0.337455 
1.46728 7.94849 0.471311 0.489909 
3.07321 7.76006 -0.0610985 0.997361 
3.93804 7.62749 -0.90372 1.4635 
6.13509 6.12632 -2.34699 2.71637 
8.08449 1.43645 -3.24608 2.55306 
9.00471 -1.61678 -1.56555 1.01156 
9.02231 -2.04973 1.34317 1.19551 
8.28681 -1.43494 3.30804 4.00646 
5.57201 -1.02789 4.17155 7.19756 
1.3821 -1.38109 3.93003 9.38199 
-2.41852 -0.709394 3.13036 9.24753 
-3.87328 1.7297 4.30722 8.2458 
-4.43624 3.17754 7.88932 3.87441 
-3.61015 0.47185 8.85722 -1.25013 
-0.960211 -0.841251 8.30796 -1.54447 
0.907972 -0.162191 8.16496 0.53621 
0.579905 1.2909 8.52873 1.59334 
0.276472 2.41841 8.02638 0.895789 
0.354889 2.52912 7.54382 0.601804 
0.434329 3.54891 7.34714 -0.611086 
1.72474 4.66691 6.11701 -1.00486 
2.21988 6.01154 4.4251 -1.60034 
2.162 7.34754 1.91718 -1.8102 
1.24637 7.64164 -0.143286 -1.203 
1.73455 7.76952 -0.828467 -0.218828 
2.5164 7.52345 -0.902156 0.880351 
4.08407 6.78317 -1.32604 1.87366 
6.28752 5.38009 -1.59406 2.9201 
7.9877 2.25817 -2.62365 2.43341 
9.00315 -0.544574 -2.27085 0.8539 
8.51097 -1.31525 -0.464303 -0.0936732 
8.32129 -0.755914 0.860232 1.21816 
7.94099 0.077801 2.08371 2.76181 
6.59201 -0.797806 3.17429 5.53683 
4.17402 -1.31305 3.70439 7.91904 
0.162977 -1.20053 3.24241 9.08924 
-2.19909 0.470697 2.90738 8.63407 
-3.37679 2.32859 5.11721 6.91452 
-3.98151 2.30266 7.9721 4.07817 
-4.44381 0.431688 8.75918 -0.71586 
-2.3343 -2.32969 8.20585 -1.83372 
0.156198 -2.11334 8.06304 0.0603003 
-0.121622 -0.886917 7.88943 2.35064 
-1.01233 0.10952 8.09711 2.51455 
-1.97374 0.0692483 7.7441 1.61124 
-1.76136 -0.688676 7.43589 0.490603 
-2.10495 -1.07754 7.42732 0.81487 
-1.63196 -0.856939 6.97082 1.17456 
-2.11701 -1.04757 6.88178 1.49209 
-1.9089 -1.2713 6.66818 1.96269 
-2.12242 -0.928499 6.03559 1.70076 
-2.50393 -0.669075 6.04188 1.86367 
-2.37433 -0.712644 5.79546 1.12516 
-1.95961 -0.955956 6.34622 0.80855 
-1.27646 -0.831626 6.09997 0.907701 
-1.71506 -1.08597 5.89433 2.13338 
-2.21282 -1.09881 6.00537 2.37566 
-2.82069 -1.46726 5.64319 2.60432 
-3.67554 -1.80619 4.89465 2.73826 
-3.7274 -1.7278 4.25635 2.28969 
-3.77845 -2.13108 3.80932 1.95949 
-3.65373 -1.89382 3.18298 1.89875 
-4.00473 -0.733483 2.84557 2.61746 
-3.27297 -0.298709 2.79831 1.93408 
-2.71384 -0.542224 3.13044 1.61952 
-2.92039 0.0358065 3.00619 1.84806 
-2.60755 0.503262 3.57813 1.80103 
-2.16091 0.190727 4.13578 1.17582 
-1.6232 0.556128 3.89569 0.963988 
-0.918495 1.1991 4.50264 0.619308 
-0.0267571 1.66387 4.79877 -0.661795 
1.28153 2.54047 4.81867 -0.835695 
1.32977 3.26005 4.30964 -0.737331 
1.81681 5.08772 3.87026 -0.742524 
1.8295 6.41583 2.69837 -1.50809 
1.92192 7.67759 1.28492 -1.62473 
0.600159 7.91736 0.2836 -0.926276 
0.837786 8.36625 0.371518 -0.815459 
0.687633 8.50841 0.346341 -0.543173 
0.858856 8.26141 0.27492 -0.4773 
1.68014 8.29493 -0.137916 0.506315 
3.47452 7.48422 -0.757288 1.4284 
5.71238 5.67713 -1.73028 2.45353 
7.50196 2.2324 -2.35128 2.37095 
8.58277 -0.569381 -1.80538 1.25536 
8.47455 -1.08223 0.177431 0.799708 
8.19071 -0.667954 1.31822 2.24405 
7.75545 -0.549013 2.44478 4.25535 
5.74 -1.78962 2.58338 6.63119 
2.7986 -3.13309 1.94854 9.34595 
-0.381172 -2.82403 0.0268139 9.67397 
-0.889666 -0.821622 -1.20524 8.98199 
-0.415595 0.829968 -0.134858 9.26891 
0.219258 1.43067 1.79696 9.1552 
-0.0222119 1.96671 3.80002 8.65569 
-1.50656 2.75369 6.55699 6.98023 
-2.07516 3.11829 8.39586 3.18516 
-2.15085 1.59023 9.56205 -0.138529 
0.274275 1.51327 9.72223 -2.06306 
2.06254 3.11668 9.40423 -2.16584 
3.06319 5.93608 7.42634 -2.72912 
2.61187 8.82005 2.98422 -4.13268 
-0.305152 9.78872 -1.23521 -3.29785 
-2.10359 9.16752 -1.13038 -0.835814 
-1.5203 8.89956 1.42282 -0.121361 
-0.117608 8.73864 1.93396 0.323796 
1.15405 9.10567 2.09334 -0.482046 
1.52872 9.14657 0.625118 -0.61914 
1.99275 9.20435 -0.857661 0.629081 
3.49391 8.14933 -1.2542 2.0658 
6.54294 6.38821 -1.96941 3.14544 
8.87179 2.54591 -3.02937 3.02692 
9.64653 -1.28787 -2.55878 0.826659 
9.68567 -1.7349 0.424622 0.254278 
9.11557 -0.823693 1.90944 2.44217 
7.81547 -0.695997 2.89689 5.23099 
4.50277 -1.85736 3.16207 7.92371 
0.309189 -2.44126 2.21626 9.0245 
-1.60368 -0.740589 0.788345 9.54252 
-1.22101 0.777303 1.30955 9.42031 
-1.23841 2.3 3.75799 8.95158 
-1.99968 3.18809 6.80378 6.72526 
-2.90502 2.73321 8.90269 3.26348 
-2.23372 0.765592 9.47606 -0.983173 
-0.292619 0.379897 9.16173 -1.38027 
1.57465 1.8772 9.38599 -0.920438 
2.42303 3.94067 8.49825 -0.765148 
3.14896 6.35026 6.38444 -1.39791 
3.22378 8.50213 2.96631 -2.46077 
1.55778 9.64928 -1.22901 -2.72116 
0.898191 9.7468 -2.64839 0.291052 
3.28987 8.4796 -2.17604 3.21422 
7.50646 6.24681 -2.3758 4.31258 
10.4876 -0.0241434 -3.09673 3.41161 
10.512 -3.8278 -0.668008 1.17624 
8.90279 -3.36188 2.69087 2.11246 
5.56855 -2.66894 4.47748 6.55897 
0.533599 -2.82634 3.6816 9.26213 
-2.9421 -0.412917 2.50219 8.6059 
-3.35853 2.65657 4.13353 7.25448 
-3.72215 3.41004 7.31508 3.65156 
-2.85744 2.02747 8.22191 -1.29119 
-0.331284 0.372337 8.74526 -3.15826 
2.58696 1.79456 8.6263 -1.4416 
3.64005 4.44915 7.42703 -0.301631 
4.64413 6.90363 5.33423 -0.169131 
4.68844 8.95776 1.29776 -1.02902 
4.37278 8.29264 -2.82664 -0.151215 
5.25558 5.94165 -4.71226 1.4416 
6.39075 2.45758 -5.32607 1.22626 
6.28874 -0.9596 -4.78677 -1.44857 
6.49042 -1.12393 -2.66918 -2.94785 
6.47255 0.860612 -0.879467 -3.346 
6.28796 2.86766 -1.2229 -2.38073 
5.65725 3.28647 -2.89457 -2.11194 
4.47502 3.08075 -4.01747 -1.95676 
4.45349 2.71186 -4.26236 -1.60364 
3.75889 2.56368 -4.83903 -1.31302 
3.27378 1.64119 -4.66155 -1.02285 
3.4115 1.70588 -3.82998 -0.959536 
4.2522 0.697894 -3.09626 -0.895847 
4.85312 0.73858 -2.72213 -1.18717 
5.01196 0.934866 -1.97013 -1.19885 
5.17035 1.2435 -1.30889 -0.129036 
5.31675 1.05862 -0.657214 0.440207 
6.65236 1.42768 -0.293326 0.961796 
7.25775 1.67117 -0.238104 0.756601 
7.5089 1.44367 0.15352 1.34093 
7.7495 1.20198 0.512561 2.2812 
7.8906 0.255962 0.394817 2.98709 
7.6316 -0.941879 1.33929 4.01402 
6.6196 -2.01401 1.9147 5.01959 
4.73645 -3.18179 2.06954 6.80311 
1.0546 -4.17046 0.700779 7.8999 
-1.38482 -2.64256 -1.32869 8.52199 
0.238396 -1.02302 -1.8946 7.82908 
1.12895 -0.579498 -1.20328 7.15332 
2.06058 -0.62036 -0.716261 7.2469 
2.60219 -1.15957 -0.405897 7.48066 
2.26573 -2.37755 -0.590368 7.18593 
1.80169 -2.70969 -1.17492 6.87146 
1.35768 -2.47893 -1.14652 6.54347 
1.25353 -2.19351 -1.78516 6.1634 
2.01361 -1.92072 -1.53953 5.27317 
2.08056 -2.54426 -1.15857 4.67388 
1.86554 -2.14374 -0.963501 4.56421 
1.8726 -2.31439 -0.614178 4.89643 
1.80071 -2.326 -0.942899 5.65208 
1.36359 -1.96589 -0.947978 5.36716 
1.36827 -2.24714 -0.995538 5.00797 
1.05258 -1.49955 -0.865802 4.57978 
1.67699 -1.51877 -0.289751 4.47448 
1.58428 -1.88363 0.140121 4.49418 
1.54031 -2.04226 0.404462 4.73974 
0.932147 -2.11526 0.378616 5.23243 
0.883435 -1.3844 0.226728 5.80578 
1.12007 -1.16905 0.51746 5.99689 
1.05937 -0.663586 0.631405 6.60615 
1.07576 -1.00699 0.618848 6.9357 
1.13191 -1.07144 0.518251 7.85754 
0.222903 -0.584075 0.831415 8.27293 
-0.0667534 0.232699 1.61993 8.42306 
-0.298712 1.07752 2.6305 7.57791 
-0.642207 2.5605 4.88559 6.67662 
-1.39837 3.15613 7.2187 4.41958 
-2.28644 2.42711 8.93791 0.672715 
-1.40172 1.14303 8.89628 -1.7059 
1.13819 1.73872 8.23964 -2.05228 
3.15272 4.59504 6.93079 -1.79619 
3.51966 7.51827 3.92376 -1.99053 
2.44021 9.15459 0.122946 -2.1578 
0.897588 9.37024 -1.63762 -0.710147 
1.63065 8.86147 -1.49164 1.33646 
4.39391 7.34755 -1.7015 2.6972 
7.96015 4.54182 -2.37636 3.37808 
10.0098 -0.20054 -2.75936 2.33045 
10.3506 -2.49826 -0.0623191 0.889104 
9.72949 -1.21006 2.542 3.0417 
7.69729 -1.30096 3.47626 6.09966 
3.50656 -2.86942 3.60252 9.15225 
-1.46164 -2.29836 1.91368 9.94928 
-3.19334 0.519162 1.22478 9.42332 
-2.61409 3.46077 4.44526 8.43051 
-2.72761 4.07279 7.58575 4.48895 
-2.74476 2.53593 9.34825 -0.0367385 
-1.14365 1.16731 8.83726 -2.40102 
1.63849 1.87918 8.71862 -2.7327 
3.79095 5.80733 6.93724 -2.10496 
3.85828 8.79694 2.40463 -3.13275 
2.13248 9.4666 -2.03544 -1.96864 
1.41986 9.01664 -2.73145 0.458804 
4.16099 7.97084 -2.1938 2.05394 
6.51742 5.74529 -3.24684 2.94663 
9.24812 1.0409 -4.02832 2.4464 
9.3133 -1.74587 -2.14919 0.0642271 
9.13608 -1.38904 0.781841 -0.575973 
8.97158 0.0980244 2.0177 2.15038 
8.14497 -0.206857 2.2624 4.49109 
6.17719 -1.78127 2.21735 6.81814 
3.0154 -3.20338 1.35012 8.30326 
0.726518 -2.86742 -0.035723 8.80612 
-0.00211587 -2.43142 -1.57322 8.39621 
0.7429 -1.98226 -2.0904 8.12505 
1.78603 -2.26346 -2.21556 7.00697 
2.70952 -2.59219 -1.98377 6.20638 
2.49113 -3.72672 -1.75888 5.10769 
2.12667 -4.39642 -1.97045 4.08809 
1.91708 -4.55185 -2.11229 2.65394 
1.92479 -4.38272 -1.39194 1.80461 
1.80585 -3.72651 -0.42753 1.91537 
1.92794 -2.9444 0.12562 2.21723 
1.47493 -2.31897 0.547947 2.84493 
1.49769 -1.41849 0.568881 3.67652 
1.3261 -0.85432 0.762974 4.24141 
1.32675 -0.618793 1.85334 4.83655 
0.691761 0.433346 2.75671 4.79999 
0.73098 1.23466 3.34935 4.87003 
0.0355071 2.33976 4.51429 4.42029 
-0.577515 3.21697 5.80418 3.32543 
-0.485733 3.7813 7.36836 0.920799 
0.156493 4.57331 7.47011 -1.30837 
1.20495 5.53036 6.25398 -3.2961 
1.07039 6.8733 3.27195 -4.52349 
-1.00031 7.00502 0.711693 -5.26579 
-3.13956 6.01524 -0.150922 -3.92591 
-3.60423 4.72321 0.837974 -2.87971 
-3.57155 3.58062 1.87405 -2.44944 
-2.49921 2.31762 2.49713 -3.22784 
-1.65641 2.25119 2.77279 -3.10225 
-0.474892 2.05996 2.56176 -3.66669 
0.181009 2.82082 2.40228 -3.47641 
0.541774 3.77212 2.08946 -3.15404 
0.399891 4.61087 1.32875 -2.36525 
0.690904 4.75589 1.17084 -1.42765 
1.41861 5.06383 0.709568 -0.866778 
1.92941 5.21008 -0.101173 0.0100228 
2.62141 5.59595 -0.512069 0.608111 
3.93491 5.44992 -0.934837 1.77298 
5.75992 4.21741 -1.72173 2.21177 
7.21987 2.11316 -2.30502 2.47775 
8.22172 -0.871248 -2.465 1.35896 
8.36626 -1.79241 -0.169822 0.670408 
8.02439 -1.75372 1.37938 2.14321 
7.38483 -1.93451 2.80823 4.54942 
3.98803 -2.65368 3.53551 8.1939 
-0.261075 -2.30117 2.20954 9.60054 
-1.93739 -0.427009 0.65934 10.2122 
-2.05141 1.80366 2.28667 9.27147 
-2.33306 3.38608 5.6689 7.32473 
-2.93596 3.01174 8.58368 3.23034 
-2.13885 1.69675 9.74331 -1.00701 
-0.533817 0.431192 9.66765 -1.77644 
2.0649 2.11205 8.93078 -1.29113 
2.5639 5.15782 6.98762 -1.41219 
3.13895 7.63652 4.54955 -2.65908 
2.42428 8.72974 0.906788 -2.68935 
1.64716 8.83305 -1.65353 -0.762717 
2.82566 8.34655 -2.46866 1.39149 
6.03883 6.21497 -2.55213 3.69348 
8.76645 1.40066 -2.67095 3.16787 
8.82686 -1.69945 -1.20589 1.43266 
8.26699 -1.25083 0.749108 1.45738 
7.1309 -2.2263 2.78242 4.04442 
4.24933 -2.66334 2.81397 6.74396 
0.994646 -2.69156 2.20939 8.18591 
-1.55313 -1.17065 0.860042 8.35246 
-1.44877 0.878685 1.29221 8.28351 
-1.211 2.48109 3.43538 7.96839 
-1.37474 3.84275 6.38484 5.67017 
-2.42091 3.86044 8.78491 2.12865 
-1.43108 1.97605 9.11767 -1.7631 
1.13679 2.24076 8.7559 -2.29398 
2.7584 4.96087 7.31747 -2.42788 
3.01227 7.27132 3.90601 -3.33951 
1.26007 8.61241 -0.124436 -3.06953 
-0.141039 8.70368 -1.86669 -1.38822 
0.354593 8.37447 -0.925831 1.12643 
2.40382 8.35196 0.212999 2.11073 
4.34599 7.52015 0.15616 2.91285 
6.69966 5.71391 -0.238579 3.13405 
9.21768 3.47826 -1.60182 3.21202 
9.46067 -0.0633993 -1.57657 2.13168 
9.11654 -2.13397 -0.038958 1.45828 
8.47643 -1.45704 2.15524 3.06946 
6.72592 -1.92804 3.04027 6.42008 
2.73169 -3.23936 2.62345 8.79049 
-0.762202 -2.07352 1.49578 8.75458 
-1.89082 -0.354899 1.23116 9.04522 
-1.90423 1.8209 2.90619 8.27015 
-1.93348 3.34532 5.81168 6.16169 
-2.64004 3.2365 8.35018 2.47731 
-1.3373 2.30432 8.5785 -1.6244 
0.635209 2.50346 8.43694 -2.49351 
2.78709 4.67981 6.91582 -3.24058 
3.27172 7.81319 2.62006 -3.47425 
0.819417 8.81964 -0.876036 -2.9573 
-0.52086 9.034 -1.61688 -0.375296 
0.702341 8.81858 0.126589 1.04407 
2.45702 8.056 0.415797 1.69837 
4.49787 7.20004 0.217673 2.28064 
6.58862 5.57084 -1.09027 2.675 
8.17996 2.67738 -2.3406 2.56374 
9.01697 0.0587317 -2.04329 1.54502 
8.58965 -0.789623 0.100395 1.25586 
7.91802 -0.9533 1.17128 2.51524 
6.85446 -0.764212 2.92172 4.67168 
4.12331 -1.2171 3.81584 7.59302 
1.05097 -1.9431 2.6929 8.96833 
-1.82448 -0.749692 2.43381 9.37987 
-2.55786 1.1176 3.18387 9.07854 
-3.59298 3.0645 5.78709 7.08622 
-4.8776 1.91457 9.21221 2.11527 
-3.16547 -1.74825 9.13216 -1.36731 
-0.797447 -2.23741 9.13624 0.0191766 
-0.739458 -1.3507 8.99779 1.54556 
-1.76464 -1.47091 8.31758 2.26074 
-3.20295 -2.07899 7.35681 2.14952 
-4.45245 -2.97547 5.85166 1.87609 
-3.94056 -3.47327 4.42675 1.48494 
-3.92835 -3.32337 2.60702 1.44968 
-3.55923 -2.78676 1.21079 1.62018 
-2.65455 -1.76213 0.678841 1.90345 
-1.699 -0.736164 1.21424 1.84743 
-1.63587 0.198249 1.67888 2.23538 
-0.725366 1.26925 2.25476 2.31634 
-0.587419 2.19799 3.3325 2.73347 
-0.395768 3.27909 4.35172 1.94774 
-0.189852 3.93616 5.47819 0.865327 
0.176856 4.61046 5.45747 -1.30866 
1.62855 6.0509 4.57699 -2.43306 
1.41646 7.25787 2.32199 -3.13388 
0.745887 7.58941 0.268214 -2.51162 
-0.265005 7.67924 -0.689292 -1.00789 
-0.239682 7.99293 0.635618 0.115868 
0.67862 8.26194 1.20399 -0.0570844 
1.26442 8.49848 0.824077 -0.359763 
1.59818 8.65508 0.547018 0.0520064 
2.39762 9.04635 -0.25953 0.239906 
3.57443 8.35938 -1.3795 1.32972 
5.24226 6.63995 -2.22818 2.26081 
7.22871 3.36583 -2.8885 2.39037 
8.27425 -0.0615386 -2.23548 1.92025 
8.25523 -1.77376 -0.314886 1.64452 
7.93184 -1.46497 1.41469 2.40799 
6.14273 -1.73464 2.50536 5.40057 
3.22416 -2.62403 2.54479 7.81073 
0.0886846 -2.86457 1.62327 9.09086 
-1.56925 -1.39488 0.282944 9.20574 
-1.31913 1.06466 0.820123 9.36145 
-0.222541 2.0393 2.62546 8.56949 
-0.0805499 2.93936 4.88707 7.81392 
-0.955616 4.0297 7.57536 5.83157 
-1.63387 3.78555 9.41481 0.700219 
-0.269761 3.10943 9.11561 -2.71762 
1.69442 4.25228 7.11494 -3.59815 
2.69761 6.8685 3.93855 -3.87336 
1.03139 9.11982 -0.271674 -4.1427 
-1.59855 8.74082 -2.5321 -1.67488 
-1.54463 8.61756 -0.0225781 1.5076 
0.0814302 8.60048 2.16441 1.1924 
0.997079 8.69501 2.74847 -0.190611 
1.10688 8.8575 1.88627 -1.13969 
0.179335 8.93143 0.440159 -1.04471 
-0.0920285 8.92881 0.228367 -0.765584 
0.817392 9.18305 -0.0392569 0.0578246 
2.49746 8.94276 0.0626582 1.12302 
4.19365 8.99565 -0.652263 1.58067 
6.32059 6.90099 -1.94847 2.24001 
8.07336 3.23037 -3.97504 1.94376 
8.75748 -0.97107 -3.40101 0.337435 
8.28036 -1.71755 -0.703248 -0.710882 
7.87927 -0.241888 0.8959 -0.153343 
8.10279 0.488496 1.33085 1.72349 
7.71276 0.450647 1.48761 3.51015 
7.18119 -0.880084 1.93096 4.49897 
5.37558 -1.96842 2.57474 6.56813 
2.58034 -2.55176 2.1487 7.85649 
-0.0974326 -2.70784 0.892256 8.27299 
-1.10121 -1.04048 -0.505178 8.032 
-0.406455 0.660794 -0.15262 8.3187 
0.505926 1.48475 1.26039 8.25473 
0.658912 1.40637 3.28927 7.97625 
-0.145643 2.19742 4.38947 7.40234 
-0.985564 2.61366 5.96072 6.09121 
-1.89617 3.35035 8.06216 3.13973 
-1.5562 2.08529 9.58095 -0.457892 
0.346042 2.69179 9.30738 -1.72205 
2.42583 4.5248 8.04055 -2.15812 
3.38466 7.00098 4.17466 -3.12238 
2.25627 8.91146 0.017303 -3.15706 
-0.295779 9.44843 -2.66216 -1.4586 
1.27477 9.23657 -1.01968 1.34483 
3.64389 8.73315 -0.784312 2.18169 
6.20775 7.28168 -1.11454 3.09606 
8.81162 3.82729 -2.48294 2.79482 
10.044 -0.68241 -2.16649 1.51307 
10.803 -2.00667 0.243713 0.42246 
9.61318 -0.417775 2.40871 3.00552 
8.30148 -0.696825 2.9274 5.87162 
5.11954 -1.6795 2.91698 7.84088 
1.64317 -2.96688 1.7411 9.45157 
-1.16942 -1.62344 0.227558 9.56947 
-0.671598 0.499645 0.538511 8.94725 
-0.286933 1.79492 2.83352 8.59758 
-0.908517 2.79547 5.66032 6.98953 
-1.5007 3.23502 7.54803 4.33389 
-2.10957 2.31471 9.08654 0.686916 
-0.695838 2.01151 8.87431 -1.28515 
1.04398 2.80152 8.02865 -1.82531 
2.42481 4.74049 7.6189 -2.11624 
3.0765 7.38741 4.17238 -2.66213 
1.7787 8.89496 0.114713 -3.27008 
0.186324 8.87873 -1.9138 -1.37797 
0.50196 8.86495 -1.49617 0.323962 
1.72443 8.83455 -0.239399 1.87316 
4.02498 8.06207 0.18656 2.50809 
5.76713 6.84629 -0.691162 2.66714 
7.986 4.50982 -2.18719 3.04158 
9.09479 0.750882 -2.97786 1.99618 
9.00699 -1.56175 -1.65946 0.439367 
8.75074 -0.78513 0.7947 0.71001 
8.61351 -0.18798 1.75233 2.56112 
7.89478 -0.113904 2.45729 4.08679 
5.98991 -0.596419 3.43494 6.71458 
2.37096 -1.24472 4.23275 8.77611 
-1.86505 -1.052 3.33449 9.59954 
-3.56036 1.50412 3.93979 8.76053 
-4.49803 2.97482 7.2974 5.22374 
-4.12171 0.879855 9.31526 -0.906063 
-0.800663 -1.06241 8.89624 -1.67932 
1.75344 0.28187 8.71828 -0.277093 
2.13358 2.70879 8.20736 1.30196 
2.22223 4.49404 7.84914 0.910789 
2.32584 6.34485 6.65318 -0.521793 
2.17564 7.9493 4.13266 -2.1372 
0.998097 8.2843 1.55593 -2.94909 
-0.546437 8.47369 -0.294452 -2.4415 
-1.20454 8.54655 0.251191 -0.561749 
0.10646 8.58541 0.667053 -0.0965976 
0.792931 8.83648 0.799797 -0.0931558 
1.70118 8.89572 0.263216 -0.0849797 
2.61819 9.20049 -0.214039 0.911664 
4.51184 8.20374 -1.07076 1.95089 
7.77516 5.40517 -2.49534 3.09899 
9.64105 0.623434 -2.99826 1.98857 
9.49114 -2.56075 -0.797375 0.611044 
8.92026 -1.47351 2.0491 1.41095 
8.05499 -0.583681 2.61816 4.29328 
6.40743 -0.869752 2.97892 6.90218 
2.72342 -2.20899 2.96098 9.2445 
-1.04299 -1.98663 1.79011 10.0487 
-2.59899 -0.0852561 1.87717 9.79704 
-3.01204 2.5935 3.81802 8.91862 
-3.74786 3.71904 8.06322 5.78859 
-4.04211 1.47399 9.99944 -0.398942 
-0.787386 -0.795763 9.63353 -2.5332 
1.57908 0.650454 8.95832 -0.834997 
1.6927 2.80101 8.47813 0.418342 
2.37921 4.82591 8.03056 -0.118668 
2.80404 7.00339 6.33098 -1.86347 
2.11911 8.77751 2.38667 -3.62365 
-0.658031 9.38352 -1.16073 -3.33248 
-1.85516 9.30357 -0.86272 -0.790485 
-1.25074 9.0788 1.37215 -0.173208 
-0.394884 8.10434 2.47259 -1.26965 
-0.527107 7.69398 2.06334 -2.0294 
-0.92771 7.76388 1.42872 -2.82977 
-1.48341 7.074 0.346438 -2.96426 
-2.51226 6.71335 0.422816 -2.22631 
-2.48358 5.99619 1.35273 -1.81534 
-2.13481 5.17097 2.43501 -2.74886 
-1.81242 4.36728 2.07773 -3.57549 
-1.56866 3.94929 2.25139 -3.4954 
-1.15966 3.15734 2.22399 -3.58324 
-0.262747 2.52771 1.97568 -2.92324 
-0.0169104 2.85602 1.52742 -2.71221 
0.134179 3.3923 1.35791 -2.27819 
0.836618 4.37989 0.840458 -1.73926 
1.18387 4.68952 0.514705 -0.942252 
2.29384 5.59805 0.269451 0.211467 
3.33958 5.35913 -0.217762 1.2448 
4.41987 4.81554 -0.0585404 1.26626 
5.74011 4.29862 -1.07549 1.77119 
6.89269 2.32028 -1.67132 2.25531 
7.34689 0.291501 -1.68886 1.57069 
7.50028 -0.953556 -0.874611 0.561312 
7.83407 -1.00143 0.297392 0.63388 
7.63068 -0.360909 1.6585 2.08975 
6.70543 0.106127 2.30894 3.92277 
5.06816 -0.463856 2.2665 6.03679 
3.32403 -1.43136 2.3833 6.85248 
0.95013 -1.8432 2.11749 7.55386 
-1.33379 -0.676963 1.93348 7.72913 
-2.2592 0.98699 2.5925 7.6442 
-1.71549 2.57446 4.91291 6.72773 
-2.6161 3.09841 7.20525 3.46684 
-2.67785 1.87446 8.66952 -0.35839 
-0.234132 1.31103 8.57687 -2.20273 
2.04301 3.41578 7.80661 -2.2307 
2.8774 6.01698 5.58075 -2.84927 
2.29982 7.6081 2.30577 -2.93821 
1.10428 8.19561 -0.825486 -2.67593 
-0.0218388 8.23156 -1.3358 -0.918487 
0.781638 8.01078 -0.654803 1.1846 
2.71053 7.24082 -0.0475553 2.21025 
5.05079 6.69161 -0.11233 3.02523 
7.17001 4.42903 -0.751848 3.1181 
8.93368 1.26415 -1.66616 3.52361 
8.97255 -2.0925 -0.515483 2.32222 
7.75999 -2.79379 2.02782 3.69458 
4.63328 -3.36434 2.54003 6.39058 
0.885931 -4.12076 1.20005 8.39822 
-1.64545 -2.71537 -1.37229 9.07638 
-0.983827 -0.134984 -2.09974 9.0667 
2.01908 0.293576 -1.0524 8.68278 
3.24574 -1.08002 -0.531068 8.69175 
2.65385 -2.9785 -0.996141 8.15784 
1.40413 -4.12242 -1.72555 7.19094 
0.393199 -3.86941 -2.48343 6.23602 
0.846511 -3.2164 -3.75538 5.44753 
2.13285 -3.15385 -3.56299 4.17594 
2.51915 -3.61967 -2.66994 2.88515 
2.93857 -3.77028 -1.75879 1.81998 
2.98105 -3.64615 -0.639338 1.26889 
2.63587 -2.59371 0.481496 1.84769 
2.08171 -1.86188 1.35001 2.79111 
1.4145 -1.60358 2.24803 4.09635 
0.585449 -0.539903 2.24875 4.81421 
0.209033 0.396631 2.96185 5.29803 
-0.170361 0.854823 3.85343 6.04478 
-1.2289 1.6702 4.80882 5.29362 
-1.75624 1.69299 6.57488 4.10207 
-2.03466 1.84652 7.3625 1.82591 
-1.51741 1.12752 7.57414 0.250381 
-0.795863 0.599559 7.783 -0.322444 
-0.0757281 1.19 8.05532 -0.131299 
1.04052 3.08165 7.92964 -0.2351 
1.93984 4.89051 7.05814 -1.2793 
2.46743 6.72424 4.71412 -1.94279 
2.13802 8.80797 1.75038 -2.23482 
0.706572 8.85003 -0.984343 -1.98702 
1.03894 8.49578 -1.23617 0.0978176 
2.73525 7.85465 -1.34046 1.66964 
5.13354 6.42555 -1.29847 2.70168 
7.16629 4.36676 -1.82184 3.68141 
8.48077 0.734768 -1.65335 3.27601 
8.78501 -1.76578 -0.670782 2.66765 
7.97139 -2.43375 1.99919 3.55039 
5.64154 -3.07063 2.90161 6.8248 
0.790166 -3.59998 2.11935 9.16354 
-2.39147 -1.67043 -0.030076 9.62356 
-1.9466 1.20253 0.598548 9.26522 
-0.929175 2.83451 3.4561 9.08816 
-1.79054 3.57686 6.64031 7.10557 
-2.67728 2.99755 9.10697 2.79013 
-1.93549 1.0839 9.93629 -0.888635 
0.563516 1.13335 9.95841 -1.34884 
1.96032 3.32772 9.42952 -0.966865 
2.77905 6.1701 7.31966 -2.45624 
2.30285 8.55808 3.56375 -4.1288 
-0.551174 9.57005 -1.29298 -3.77049 
-1.99541 9.32459 -1.17552 -0.778862 
-0.712215 9.4637 0.293245 0.598135 
0.9148 9.62344 1.14912 -0.0397324 
1.62981 8.94296 0.407297 0.175833 
2.36455 8.82397 0.0589654 0.796633 
3.53016 8.56579 -0.750206 1.27991 
5.21643 6.41829 -2.35264 2.16342 
7.89427 3.83855 -2.91528 2.41067 
8.15128 0.804874 -2.93127 1.74777 
8.26566 -0.938649 -1.64646 0.691107 
8.44789 -1.21347 -0.332352 0.278241 
8.72617 -0.838147 1.59631 1.44097 
7.76478 -0.459161 2.34084 4.48165 
5.83535 -1.72401 3.09225 7.09244 
1.35564 -2.73302 3.02154 8.99809 
-1.7749 -0.877649 1.58664 8.83753 
-2.00759 1.35126 2.03509 8.84724 
-1.60616 2.97 4.91645 7.53538 
-2.51502 3.25537 7.5039 4.50477 
-2.61272 2.35715 8.93431 0.92463 
-0.865588 1.61432 9.0178 -2.10246 
1.86929 2.12595 8.52015 -2.20799 
3.70009 5.07293 6.43364 -2.03583 
3.79131 7.96291 2.41834 -2.29837 
2.08094 8.70786 -0.980305 -1.75288 
1.31523 8.48823 -2.4016 0.515025 
4.20913 7.42043 -1.72184 2.72162 
6.52191 5.12648 -2.16659 3.05922 
8.60353 1.46094 -2.9342 2.18778 
8.88812 -1.15177 -1.92098 0.496511 
8.85893 -1.91296 0.34385 0.647562 
8.8901 -1.69353 1.73875 2.15373 
7.43695 -2.24602 3.16906 5.19112 
3.68599 -2.94611 3.30665 7.99774 
-1.14494 -2.7689 1.91994 8.79432 
-2.93996 0.273426 0.976973 8.81151 
-2.2059 2.96431 2.85119 7.57204 
-1.91271 3.98081 6.28478 4.82461 
-1.89856 3.37505 8.16809 0.894424 
-0.344823 2.25465 8.66879 -2.36295 
1.79506 3.51278 7.83058 -2.81198 
3.00132 6.61816 5.2485 -3.41474 
2.66379 8.56488 0.731973 -2.90495 
1.26527 9.11486 -1.91259 -1.12944 
2.09825 8.61648 -1.81053 1.93108 
4.51715 7.00558 -1.23115 2.85141 
7.49223 3.93594 -1.70161 3.68563 
8.77886 0.256624 -1.48664 3.58596 
8.46493 -2.53385 -0.354283 3.28282 
7.40796 -4.06154 1.85018 4.01073 
3.99966 -4.58871 3.04479 6.99241 
-1.11836 -3.92559 0.988566 8.33526 
-2.94932 -0.949909 -1.118 7.88976 
-1.50458 1.5701 0.181895 7.74729 
-0.293067 2.48116 2.74271 7.32422 
-0.677281 3.056 5.09061 5.75863 
-0.870186 3.45747 7.25869 3.69766 
-1.02386 3.37538 8.67992 0.219305 
0.525767 3.43685 8.66737 -2.34235 
2.56333 4.88433 6.79152 -3.3725 
2.29007 7.87378 2.70021 -4.42078 
0.175354 7.95087 -0.708982 -3.60645 
-1.12442 7.6419 -1.46672 -0.978882 
-0.397231 7.64953 -0.0091749 0.754233 
1.26844 7.5756 1.21354 1.56242 
2.65043 7.4433 1.44859 1.25665 
3.90597 7.23342 0.871476 1.67661 
5.60523 5.96194 -0.624159 2.23306 
7.15592 4.19395 -1.48537 2.62018 
8.67443 1.16534 -2.11468 1.93354 
8.46275 -1.06077 -0.669398 1.4499 
8.41173 -1.3613 1.19958 2.38752 
7.55514 -2.14009 2.39958 4.90563 
3.48116 -3.09755 3.05553 7.13991 
0.352553 -2.87547 1.95477 7.58801 
-1.57437 -1.27124 0.383042 7.82101 
-0.935428 0.293244 0.555655 7.33377 
-0.148653 1.52623 1.76207 7.00854 
0.297022 1.9408 2.80688 6.19306 
0.418426 2.49986 4.63005 5.19078 
-0.0074007 2.80805 5.90319 3.88577 
-0.527752 3.16346 6.77942 2.6392 
-0.605366 2.43218 7.3564 0.721727 
0.145713 2.57533 7.58886 -0.723372 
1.4494 3.77261 6.8937 -1.43201 
2.53162 5.76016 5.71885 -1.45315 
2.89748 7.54793 3.28237 -1.98899 
2.22705 8.61162 -0.246314 -2.25606 
1.39079 8.78821 -1.6314 -0.295877 
2.29819 8.53983 -1.61709 1.54321 
4.88114 7.14911 -1.67334 3.08871 
7.24845 3.95109 -2.6137 3.40013 
9.31206 -0.267384 -2.40306 2.36027 
9.20724 -1.97307 0.00198322 0.943463 
8.95586 -1.92844 2.06451 3.30141 
6.89302 -2.20409 3.67048 6.86076 
2.35924 -2.94927 3.56413 9.92572 
-2.08995 -1.40577 1.47839 10.1598 
-1.97526 1.28654 1.66456 9.65789 
-0.996065 3.00959 4.79732 9.16229 
-2.6656 3.5339 8.59894 6.75056 
-3.66875 2.23223 10.5756 0.610698 
-1.54107 -0.384224 10.4076 -2.50982 
2.2404 0.511893 10.2432 -1.20142 
2.9343 3.48432 9.47066 0.775148 
2.89752 6.8736 8.25363 -0.259271 
3.31904 9.64032 4.93621 -2.55573 
1.05945 10.8885 -0.46614 -3.37924 
-0.752617 10.6028 -1.60243 -0.507629 
0.563757 10.3807 -0.244562 0.811648 
2.35632 9.82843 -0.276061 1.45837 
4.84687 9.28773 -0.836517 2.3759 
7.96304 6.20416 -3.12112 3.12232 
10.1336 0.975016 -4.3767 1.52502 
9.28606 -1.62237 -2.66469 -2.62814 
8.89165 0.658206 -0.405224 -2.92354 
7.88249 3.41147 -1.3874 -2.39237 
6.15666 3.97391 -4.06608 -2.36802 
4.27503 3.31644 -5.40881 -1.94881 
3.42513 2.79707 -5.44561 -1.11168 
3.54355 2.21844 -5.13019 -0.430077 
4.25386 1.23561 -4.47401 -0.286794 
4.22683 -0.19746 -3.25415 -1.10118 
4.4378 0.422901 -2.07031 -1.26698 
4.67753 0.734337 -1.76369 -0.766588 
4.732 0.38443 -1.2706 -0.684944 
5.02576 0.846826 -0.479435 -0.137018 
5.41714 1.23178 -0.224408 0.804827 
5.64075 1.76994 0.0887895 1.64327 
6.00592 1.16676 0.0208216 2.0524 
6.27421 0.571206 0.57477 2.14771 
6.47782 0.191237 0.464921 2.864 
6.7917 -0.922222 1.05961 4.37817 
5.34092 -1.66971 2.04326 5.85641 
3.36542 -2.20418 1.72973 7.24101 
1.27906 -2.35638 1.01895 8.56342 
0.00282771 -1.40268 0.0616613 8.51814 
-0.225093 -0.194363 0.518512 8.45291 
0.329493 0.953733 1.21018 8.86219 
-0.0251006 1.28882 2.84983 8.29216 
-0.990928 2.44244 4.71431 7.28736 
-1.91562 2.89865 6.98138 4.74651 
-2.49264 2.36427 8.87608 1.03854 
-0.929358 1.0781 9.00654 -1.39309 
1.24465 1.64639 8.6465 -1.16711 
2.41335 3.8001 7.17498 -0.354639 
2.78327 6.64007 5.85795 -0.668721 
3.34623 9.08674 3.06749 -1.6374 
2.58361 9.62907 -0.933899 -1.34049 
2.20709 8.92341 -3.31863 0.757282 
4.34399 7.0727 -3.15603 2.64355 
7.72851 3.1451 -3.56259 3.09874 
8.88157 -1.26669 -2.54362 1.19602 
8.16858 -2.43769 -0.228059 0.0769514 
8.30578 -0.766441 1.99115 1.62873 
7.53061 -0.252358 2.90472 4.10336 
5.77795 -0.748869 3.33331 6.70195 
2.271 -1.50309 3.09926 8.99148 
-1.25307 -0.638972 3.40103 10.0749 
-3.52423 1.66132 3.91613 8.92092 
-4.69797 2.74123 6.9287 5.87576 
-5.63043 0.843767 8.96411 1.06546 
-2.91792 -3.04376 9.22591 -1.89729 
-0.773783 -3.24715 8.466 1.11288 
-2.02391 -2.98078 7.52058 2.88892 
-3.56734 -2.82211 6.11449 2.75231 
-4.13551 -2.50842 4.51157 2.82353 
-4.83863 -2.30135 3.4998 2.64817 
-4.38005 -1.54693 2.73274 2.49305 
-3.96019 -0.820216 1.98841 2.60918 
-2.9306 0.0605958 2.55229 2.20975 
-2.57357 0.075853 3.27719 1.94003 
-2.76914 -0.030537 3.89646 1.72391 
-2.49985 0.700894 4.11636 0.781656 
-2.24417 0.280702 4.1032 0.685779 
-1.23629 -0.361091 4.8169 0.968159 
-0.838968 0.388114 5.44164 1.00068 
-0.335749 1.4047 5.88878 0.982512 
-0.186577 1.6379 6.313 1.17551 
-0.24408 1.25143 6.81097 0.884688 
0.111959 1.81394 7.35713 1.08299 
1.02974 2.75921 7.58047 0.638195 
1.40481 3.76329 7.76753 0.312037 
2.02544 5.38038 7.18424 -0.503486 
2.78377 7.45051 4.71384 -2.0481 
2.4405 9.2127 1.12635 -2.77929 
1.0872 10.1039 -1.51029 -1.63417 
0.682802 9.81281 -1.89174 0.960794 
3.82963 9.02711 -1.46262 2.73746 
7.19558 6.35848 -1.63321 3.44408 
9.0208 2.37993 -3.00907 2.71345 
9.20336 -1.84077 -2.44574 0.333278 
9.37176 -1.59787 0.765729 -0.0638744 
9.391 -0.21068 2.37112 2.88328 
8.3632 -0.409657 2.87767 5.87906 
5.83234 -2.77513 2.7994 8.66595 
0.986034 -4.29799 1.09817 10.2333 
-1.70788 -2.54409 -2.44319 10.118 
0.471578 -1.41499 -3.1291 9.0878 
2.00346 -2.58984 -3.0786 7.68161 
2.9088 -3.88437 -3.77363 5.695 
3.28003 -5.09972 -2.91 3.23285 
3.31979 -4.94441 -0.957684 1.41919 
3.10302 -4.05866 0.754205 1.54253 
2.68244 -3.41502 2.07538 2.87184 
1.60859 -3.19411 2.10502 4.53916 
0.39869 -2.33454 1.32442 5.21255 
-0.870244 -1.58169 1.1335 6.05774 
-1.401 -0.562156 1.2086 6.04371 
-1.37986 0.61806 1.6267 6.28662 
-0.953648 2.17609 3.14713 5.84072 
