1 0 0 1 2 0 0 2 1 0 0 0 2 0 1 0 1 0 0 36 
0 0 0 1 1 1 0 2 0 1 1 0 2 0 0 0 0 0 1 44 
2 0 0 1 0 0 1 0 1 0 1 0 2 0 3 0 0 1 1 73 
0 0 1 0 0 0 0 0 1 2 2 0 1 1 0 0 0 0 0 29 
0 0 1 0 0 0 0 0 0 0 0 0 0 0 3 2 1 0 2 27 
0 0 1 0 0 0 1 0 0 1 2 2 1 0 0 0 0 1 0 94 
1 2 0 1 1 0 0 0 0 0 2 3 0 0 0 1 7 0 4 76 
1 0 1 0 0 0 0 0 0 1 0 2 1 0 0 2 2 1 0 106 
0 0 0 0 0 0 0 0 0 0 2 2 4 1 0 2 1 1 8 64 
0 1 0 0 0 0 1 0 2 2 0 1 0 1 1 4 3 8 10 38 
0 0 2 0 0 2 2 1 0 2 0 0 2 2 1 4 4 4 6 43 
1 1 0 0 0 0 1 1 1 2 1 0 4 1 3 0 2 4 3 45 
0 1 0 0 0 0 1 0 1 1 0 6 2 1 2 1 0 5 7 55 
1 0 0 2 0 0 0 0 0 2 0 1 3 2 1 2 7 1 4 70 
0 0 0 0 0 0 0 0 0 0 2 3 4 2 2 1 2 5 5 93 
0 0 0 0 0 2 0 0 0 0 2 0 8 2 1 6 3 4 5 83 
0 0 2 0 0 2 0 0 0 3 1 0 0 0 0 3 3 4 7 56 
0 0 2 0 0 0 1 0 0 0 1 3 1 3 5 4 4 4 2 54 
2 0 0 0 0 0 0 0 0 0 2 2 0 0 0 2 2 4 3 65 
0 0 2 0 0 0 1 2 1 0 4 0 1 2 3 8 3 2 9 27 
0 0 0 2 0 0 1 0 2 2 0 0 1 3 1 0 3 8 9 41 
0 0 0 1 0 1 2 0 0 0 2 4 1 3 2 4 1 3 1 46 
0 0 0 0 0 0 0 1 1 0 0 0 2 2 0 5 1 0 1 93 
0 0 1 1 1 2 1 1 2 1 0 0 0 0 2 0 0 1 4 8 
1 0 0 0 2 1 0 1 0 0 1 2 0 5 3 2 0 0 2 18 
1 1 1 0 2 1 0 2 1 2 2 0 1 4 0 0 0 3 2 29 
0 0 1 0 0 0 0 1 1 1 0 1 2 1 0 2 3 6 0 17 
1 1 0 0 0 0 1 0 0 1 0 0 0 0 3 0 2 1 2 21 
0 0 0 0 0 0 1 0 0 0 0 0 1 0 2 0 2 3 9 6 
0 0 0 1 0 0 0 1 1 0 2 0 2 0 2 3 1 5 5 17 
0 1 1 1 0 1 1 2 1 1 1 0 0 1 1 0 1 3 5 15 
0 0 1 0 1 0 0 0 0 1 0 0 0 0 1 0 1 5 4 16 
2 0 2 0 0 0 0 1 1 0 1 2 0 0 1 3 0 5 1 6 
0 0 0 0 0 0 0 0 0 0 0 1 0 0 2 0 0 1 1 2 
0 0 0 0 0 0 0 0 0 0 0 0 0 2 2 0 4 0 3 3 
0 0 1 1 0 1 0 0 1 0 0 0 0 0 0 0 2 3 1 1 
0 0 0 0 0 0 0 2 1 1 2 1 0 1 1 1 2 3 2 0 
0 0 0 0 0 0 0 0 0 2 0 0 0 0 0 0 0 0 1 4 
0 0 0 0 2 1 0 0 0 2 0 1 1 0 1 0 2 1 0 0 
1 1 0 0 0 0 0 1 1 1 2 0 0 0 0 0 0 4 2 1 
2 1 0 0 2 0 2 1 0 1 0 1 0 1 3 0 0 7 0 3 
0 0 0 1 0 1 0 1 1 1 0 0 0 1 2 0 0 7 0 1 
0 1 1 0 0 1 2 2 0 0 0 0 1 1 3 1 1 1 0 4 
0 0 0 0 0 0 0 0 0 2 0 0 0 0 2 1 1 13 2 4 
0 0 0 0 0 1 0 0 1 1 0 0 2 0 7 0 1 20 0 2 
0 0 0 0 1 0 1 0 1 1 0 0 0 1 0 1 1 26 1 3 
0 0 1 1 1 2 1 0 0 2 1 2 1 1 1 0 0 14 2 2 
2 1 0 0 0 1 0 1 0 1 1 0 0 0 6 2 0 29 0 0 
0 0 1 1 1 0 0 0 0 3 0 0 0 4 2 1 3 29 0 8 
0 0 0 0 1 1 0 0 1 1 0 0 2 0 8 3 0 19 0 4 
0 0 0 0 1 1 0 1 0 3 1 0 0 2 1 3 1 18 0 2 
0 1 0 1 0 0 0 0 0 1 2 2 0 0 10 1 1 10 2 8 
1 0 0 0 0 0 0 0 0 2 2 0 0 1 20 5 4 25 0 5 
2 1 0 0 0 1 1 0 0 3 2 2 0 2 4 2 4 33 3 5 
0 0 1 1 1 0 0 0 0 6 0 0 0 0 6 0 4 38 2 5 
1 0 1 1 0 1 0 0 0 3 1 4 4 1 4 1 5 31 7 9 
0 0 0 0 1 0 2 3 0 3 4 0 3 4 15 1 12 78 10 16 
0 0 0 2 1 1 0 0 0 2 4 5 0 8 16 3 12 124 9 24 
0 0 0 0 0 2 0 1 0 7 1 2 4 3 9 4 13 99 23 39 
0 0 1 0 0 1 2 1 0 7 3 2 5 12 13 1 18 51 25 36 
0 0 0 0 0 0 0 1 1 8 2 4 8 7 23 2 21 54 13 48 
0 0 0 2 0 0 0 1 0 14 3 5 9 13 14 7 26 42 13 30 
0 0 1 1 0 0 0 0 0 10 7 4 4 24 21 6 39 40 8 64 
0 0 1 2 0 2 0 1 0 5 6 9 4 8 22 4 36 79 54 67 
0 2 0 0 1 1 0 2 0 7 4 11 9 35 26 15 56 109 23 143 
1 0 0 0 1 3 1 7 0 6 5 22 9 24 40 10 95 94 88 64 
0 1 2 0 4 0 0 2 0 8 2 6 6 11 6 19 94 89 68 62 
0 0 0 0 0 0 1 0 0 10 11 18 10 24 43 14 141 86 108 137 
0 1 1 2 2 3 0 3 0 1 5 6 16 27 50 32 73 34 74 125 
0 0 0 0 2 0 2 4 0 6 7 11 10 10 96 16 59 36 52 195 
0 0 0 1 0 2 0 3 0 4 4 13 9 17 77 64 40 49 73 141 
1 0 1 0 0 2 0 4 0 22 13 2 24 12 113 51 162 102 99 77 
0 1 3 0 2 0 2 12 2 12 23 30 10 21 125 17 194 71 309 164 
0 0 2 0 1 4 0 8 1 32 20 42 10 52 119 70 119 101 304 233 
0 0 2 0 3 2 2 10 3 47 19 48 25 39 55 34 95 80 240 267 
0 0 4 0 4 4 3 11 5 10 53 67 50 55 106 84 116 73 139 180 
0 0 1 0 0 4 2 17 4 66 25 69 24 122 68 28 189 105 188 288 
1 0 3 1 1 5 2 12 3 101 40 37 48 111 109 80 334 126 158 787 
0 1 0 3 4 6 5 3 4 98 47 139 39 82 73 66 242 123 228 460 
0 2 4 1 5 6 3 22 12 131 32 142 34 116 180 64 181 133 419 429 
0 0 1 2 5 2 8 30 3 60 52 181 38 190 76 83 156 185 326 553 
0 1 1 1 6 7 10 40 3 140 42 183 20 186 77 85 141 62 316 511 
0 0 5 9 11 4 5 27 6 114 42 144 15 101 188 92 94 105 500 265 
0 0 2 0 6 8 3 25 4 50 40 101 23 98 144 66 32 109 431 528 
0 1 8 0 0 13 3 25 7 22 52 105 21 98 46 127 44 53 427 290 
1 0 1 2 1 7 6 17 3 57 54 105 21 50 53 120 134 149 511 169 
0 0 0 1 3 9 6 1 5 73 26 84 18 42 102 154 171 88 576 257 
1 1 1 1 1 7 11 7 1 30 18 82 35 33 38 120 149 177 221 308 
0 0 1 5 2 7 5 5 3 45 51 62 27 51 99 97 155 42 273 216 
0 0 2 1 3 3 2 17 6 58 45 72 38 29 101 276 220 170 123 209 
0 5 1 0 4 5 14 13 11 16 29 102 49 50 71 208 185 104 258 144 
1 2 0 3 3 11 6 4 7 7 84 86 22 83 136 176 324 407 557 538 
3 7 0 0 6 16 12 4 14 20 51 50 73 74 90 407 346 587 391 738 
1 2 1 3 3 23 19 0 13 42 60 170 67 90 112 221 230 241 855 400 
0 0 3 7 0 23 20 0 10 58 153 199 79 152 181 212 606 527 1080 1072 
1 0 2 10 5 17 3 0 20 58 128 90 96 106 117 400 353 420 883 1175 
0 0 2 3 16 28 20 4 18 129 166 130 52 172 354 287 344 614 1235 1361 
3 2 3 4 3 18 31 4 44 122 232 218 169 101 364 379 324 343 1222 1008 
1 2 2 17 2 9 21 2 23 56 123 168 205 96 310 502 220 423 753 793 
0 5 0 8 2 4 37 2 75 81 126 319 118 288 467 148 204 571 1036 2627 
1 4 6 7 1 3 55 12 54 82 224 508 188 294 764 369 386 398 621 2826 
1 5 8 8 1 7 56 4 143 140 156 170 151 202 570 166 341 586 1173 1574 
1 3 6 6 0 15 55 6 48 85 136 217 352 415 275 233 443 549 770 3011 
1 5 4 8 4 6 20 4 60 160 193 69 145 390 486 342 580 425 541 2028 
1 0 7 5 10 3 46 9 46 67 250 463 209 269 510 219 428 633 633 2185 
0 1 2 6 3 4 59 22 46 70 275 127 270 551 296 355 786 711 721 1994 
0 4 1 2 3 9 31 19 71 103 264 97 171 585 349 299 301 484 755 1609 
1 0 1 7 0 8 19 5 40 94 194 126 213 163 240 140 515 466 588 1926 
0 4 0 5 7 14 33 25 24 136 112 98 126 237 221 177 182 537 349 2206 
0 4 6 7 3 1 54 6 25 99 100 91 210 159 112 98 157 495 343 2913 
0 3 3 2 0 4 53 2 46 101 247 158 388 264 103 144 289 727 125 1877 
0 2 2 7 3 6 41 30 40 80 77 74 199 202 107 304 204 597 352 2925 
0 4 2 7 2 6 32 20 41 66 173 61 199 251 104 156 202 562 219 5302 
0 3 3 0 3 1 12 24 39 59 55 52 150 110 67 91 164 378 120 2484 
0 1 3 3 1 7 7 32 22 110 69 101 148 207 88 137 95 408 270 3270 
1 4 1 3 7 10 10 15 52 91 110 35 73 247 178 163 98 285 520 3452 
1 2 5 4 3 4 15 35 65 139 153 82 120 105 102 139 177 170 168 761 
1 4 0 0 9 7 1 20 30 84 83 67 171 70 84 189 165 566 242 1352 
0 1 2 1 2 10 12 1 13 133 97 38 33 118 130 400 181 624 185 702 
0 6 0 0 3 17 3 8 7 88 78 77 70 85 116 221 112 262 153 416 
0 0 0 1 4 6 5 3 7 16 66 26 51 80 54 65 91 134 131 472 
0 0 1 0 6 8 3 12 2 59 42 55 49 91 105 57 136 72 111 457 
0 2 0 0 6 1 4 2 0 54 55 59 31 72 165 46 60 84 58 155 
0 0 0 0 3 0 2 2 6 32 29 84 47 70 50 60 67 108 80 302 
1 1 0 1 3 6 2 0 0 62 63 10 61 37 77 59 82 61 37 126 
0 0 0 1 2 7 2 15 2 22 34 44 14 56 50 86 69 38 42 106 
0 0 1 0 0 3 0 1 2 25 30 41 14 69 67 28 99 52 28 204 
1 0 1 0 1 5 3 9 2 15 12 27 18 59 35 17 57 108 28 221 
0 1 0 1 0 3 1 6 3 11 43 14 11 37 36 38 41 184 23 152 
0 0 1 0 0 2 2 4 3 18 16 29 9 31 30 37 88 69 26 101 
0 1 0 0 1 1 0 3 1 29 17 16 21 37 34 36 59 79 46 154 
0 1 0 0 1 0 0 7 1 4 3 28 12 44 23 36 86 46 44 106 
0 2 0 0 3 0 1 6 1 16 12 14 3 15 51 47 41 26 25 158 
0 0 0 0 3 3 1 5 1 32 21 12 8 13 21 36 75 47 40 92 
0 2 1 0 0 1 0 1 0 8 4 12 5 25 23 39 50 19 29 37 
1 2 0 1 0 1 0 2 0 14 9 8 12 24 11 38 30 17 42 74 
0 0 0 0 3 0 2 0 0 4 9 6 21 9 5 15 15 21 19 55 
1 1 1 0 2 0 1 2 1 9 3 3 10 32 23 16 8 8 13 53 
0 0 0 0 0 0 1 2 0 5 9 6 7 6 3 14 15 13 6 56 
0 0 0 0 3 1 1 0 0 8 4 2 3 6 3 12 4 2 7 38 
0 0 0 0 0 2 1 0 0 6 9 3 0 3 6 10 15 15 4 24 
0 0 0 1 0 2 0 3 0 4 7 2 5 1 10 4 9 6 5 36 
0 0 0 0 1 2 2 0 0 6 5 2 3 0 3 9 3 5 10 41 
0 0 0 0 1 1 0 2 0 2 0 2 3 8 6 7 7 13 10 34 
0 0 0 1 0 1 0 1 0 2 5 4 12 13 10 13 13 17 8 59 
2 0 0 0 0 2 1 0 1 6 5 6 6 6 9 5 10 15 5 54 
1 0 0 0 0 0 1 2 0 4 4 0 7 7 4 3 10 8 15 129 
0 0 0 0 0 1 1 1 1 6 4 4 10 8 4 15 6 22 15 79 
0 0 0 0 0 0 0 0 0 21 3 1 8 6 3 20 18 12 15 216 
1 1 0 0 2 2 0 0 1 18 3 8 12 3 13 24 27 29 28 61 
0 1 0 0 0 2 2 0 2 22 6 3 14 4 3 15 29 24 18 108 
0 0 0 0 0 0 1 1 0 19 6 6 10 9 10 7 21 27 30 124 
1 0 2 1 0 0 2 0 2 58 4 11 10 4 7 10 56 28 24 102 
0 1 0 0 0 1 0 2 0 24 4 1 18 8 11 22 20 48 44 148 
1 0 0 2 0 0 1 0 1 18 18 21 16 12 5 33 11 9 22 129 
0 0 0 0 1 0 0 0 1 81 9 28 15 9 5 24 18 20 38 234 
0 0 0 0 0 0 0 0 0 50 12 21 28 5 11 48 12 24 29 114 
0 1 3 1 0 0 1 2 0 48 6 14 17 0 12 18 14 36 48 224 
1 0 0 0 0 0 0 0 0 58 7 7 8 3 24 25 36 35 62 237 
0 0 1 1 0 1 0 0 0 15 11 15 12 4 19 11 27 26 40 159 
0 0 1 0 0 1 1 0 1 32 4 21 28 9 19 21 46 30 28 136 
0 0 2 0 0 0 2 2 2 39 11 46 8 18 42 26 81 23 22 133 
0 0 0 1 0 0 1 0 0 12 18 60 35 21 62 10 38 60 68 147 
1 1 1 1 0 1 0 3 0 42 16 74 16 27 47 25 64 34 34 260 
3 1 3 0 0 7 0 2 5 76 7 56 27 34 49 17 55 39 54 504 
1 0 2 0 0 2 0 0 1 27 28 49 30 20 79 33 23 60 243 459 
1 0 3 0 1 1 3 0 0 53 27 64 28 26 52 4 13 81 249 356 
0 0 0 2 2 0 4 1 3 62 6 30 19 10 129 25 46 130 177 313 
0 0 1 0 0 3 0 2 1 49 18 23 20 42 66 29 42 75 452 472 
0 1 4 1 0 6 2 1 4 38 22 37 30 18 113 35 68 261 697 352 
2 0 8 0 0 2 1 0 3 32 34 97 60 25 79 12 102 305 749 254 
0 0 1 0 0 12 1 4 8 23 33 92 62 54 48 60 138 320 372 468 
1 0 3 0 0 6 3 0 4 14 54 47 10 74 108 38 90 220 383 206 
0 0 4 1 3 5 6 0 7 33 22 35 8 100 75 129 159 185 291 301 
0 0 19 0 0 13 2 1 1 36 31 86 30 37 216 80 132 507 739 648 
0 1 2 6 0 4 0 5 5 16 28 40 57 59 486 58 87 274 468 545 
0 0 2 2 1 12 9 3 6 35 25 68 32 29 240 116 186 224 405 504 
1 0 0 1 3 8 4 2 5 88 33 47 22 38 372 123 209 250 112 369 
0 0 0 3 4 6 7 1 5 112 28 83 96 53 263 22 99 361 479 400 
0 0 2 6 1 13 1 6 4 64 80 52 124 83 228 69 95 271 207 557 
0 1 4 2 2 15 5 9 1 130 40 81 119 50 228 50 261 518 312 1019 
0 0 13 1 6 13 6 5 4 66 52 80 83 41 471 97 76 416 290 1335 
0 1 5 9 3 7 15 7 5 53 63 172 62 81 118 62 139 664 170 693 
1 1 4 6 1 1 22 5 11 32 91 108 45 124 163 191 107 221 177 1818 
1 4 1 7 8 4 17 10 9 84 83 72 108 86 201 64 169 757 324 940 
0 1 0 2 3 3 9 13 5 52 116 114 92 210 70 46 224 354 269 1158 
3 0 2 8 3 3 21 5 8 65 88 161 96 170 280 80 205 238 426 1199 
0 4 1 2 5 3 16 1 5 46 89 57 97 130 86 92 174 256 390 1122 
2 1 1 3 0 1 17 10 11 37 61 49 41 144 133 85 191 234 300 836 
1 2 0 4 6 1 9 0 7 44 110 14 83 152 50 101 304 197 122 1452 
1 2 0 0 5 1 10 13 3 53 106 24 78 122 61 61 267 157 171 334 
0 3 0 3 7 1 6 20 6 52 53 34 23 52 41 29 139 157 164 586 
2 1 0 1 2 0 13 6 13 32 52 37 11 82 14 67 127 51 152 375 
2 12 0 2 0 0 4 5 8 46 48 62 47 59 47 56 119 86 97 585 
6 0 0 6 0 1 10 15 12 33 47 62 50 59 70 85 93 94 184 473 
6 3 1 6 2 4 8 11 6 64 88 34 43 42 104 81 265 124 134 496 
1 0 0 4 3 0 30 13 27 74 59 127 23 24 48 113 89 79 81 433 
4 1 1 2 2 2 17 14 15 163 29 186 68 40 53 93 78 142 430 253 
2 1 0 1 0 1 9 28 29 50 56 109 70 31 92 180 196 91 235 446 
1 3 1 4 2 1 7 12 17 65 39 100 220 77 62 85 306 110 378 244 
3 4 0 4 1 4 14 39 17 67 61 60 91 59 53 137 333 86 612 492 
0 3 0 0 5 0 10 24 4 124 27 101 96 51 60 133 134 200 628 634 
3 0 0 11 5 0 13 52 28 42 65 337 201 58 41 184 320 146 270 618 
5 1 1 2 12 5 26 21 29 99 67 165 83 98 66 194 385 228 394 418 
5 0 0 3 3 1 17 32 13 85 33 43 157 133 67 140 351 242 357 668 
2 1 0 3 13 0 12 36 9 92 105 225 76 135 88 177 605 410 693 590 
0 1 2 5 5 3 26 37 21 90 55 235 63 164 133 298 437 118 707 425 
2 0 2 3 9 8 17 53 19 165 128 125 40 313 127 395 455 208 459 227 
3 0 0 11 7 4 19 21 13 196 58 134 44 141 144 251 210 179 457 531 
2 0 1 5 0 1 6 21 9 99 100 161 90 129 196 134 162 78 315 281 
2 1 0 3 1 4 8 17 15 103 159 360 130 155 166 233 255 228 488 176 
0 1 2 3 1 6 6 8 7 84 95 305 51 148 173 131 143 150 110 245 
1 0 4 3 1 4 7 9 11 32 86 157 123 79 117 326 90 132 225 130 
0 2 0 1 3 5 2 16 27 29 110 98 130 210 109 158 177 146 312 255 
3 0 1 3 3 6 5 28 10 67 77 187 38 87 95 171 126 134 196 479 
0 1 0 1 0 13 6 19 1 39 89 75 167 319 129 104 196 214 269 585 
2 0 6 2 0 10 10 11 25 76 72 212 138 420 68 138 246 283 284 418 
2 0 1 4 0 5 6 14 14 52 70 121 58 123 144 152 155 224 208 558 
3 1 3 5 0 0 3 9 12 36 152 91 50 216 64 207 222 198 195 641 
0 0 2 3 2 3 6 12 4 41 117 135 56 159 82 47 172 219 189 494 
0 0 3 4 1 5 6 8 16 42 84 101 146 241 96 65 191 213 187 323 
1 0 1 8 2 1 10 4 3 14 40 61 59 186 42 130 143 235 206 528 
1 1 0 2 2 9 6 16 13 44 55 32 73 142 261 104 106 213 147 517 
0 2 3 4 2 13 4 4 10 15 76 37 165 111 106 50 209 116 130 456 
0 0 0 2 1 7 2 3 4 18 62 61 35 136 123 80 221 105 115 718 
3 0 1 5 1 16 5 4 4 8 70 53 60 112 93 158 106 117 45 577 
2 1 1 1 1 5 0 2 7 20 29 64 110 101 115 76 85 112 69 722 
1 1 1 4 0 2 4 2 5 25 56 56 49 67 117 183 54 122 51 364 
0 0 2 0 1 5 3 0 5 27 39 81 86 339 48 144 45 103 75 532 
0 0 2 2 1 3 1 6 6 36 36 20 47 55 46 55 76 107 133 597 
1 0 0 1 0 2 1 1 9 19 69 63 72 71 58 123 113 108 89 378 
0 0 3 3 3 6 6 1 15 32 64 24 41 74 37 91 60 45 96 747 
0 1 0 2 3 3 1 7 6 38 42 35 22 96 52 53 97 72 49 1266 
0 1 1 1 3 4 2 5 14 61 37 21 71 117 18 148 137 94 43 859 
1 0 0 0 2 3 0 0 4 21 68 7 66 205 18 100 193 39 136 1188 
1 2 1 3 0 1 2 4 9 20 31 11 157 76 37 72 85 15 245 1408 
1 0 1 4 6 0 5 0 7 47 22 39 72 189 24 145 109 91 90 1138 
0 1 0 0 2 0 9 6 6 42 24 32 116 137 41 136 116 18 118 459 
0 1 0 0 7 0 9 1 4 19 28 18 23 80 37 109 79 43 97 1270 
0 2 1 0 1 1 1 2 3 24 21 14 34 78 28 58 50 43 136 1766 
0 0 2 0 2 0 0 3 9 52 32 18 41 28 37 66 60 38 81 807 
0 0 0 0 6 0 1 1 6 34 17 12 47 0 47 25 23 53 52 761 
0 1 0 1 4 0 0 0 5 33 4 13 42 25 37 47 43 27 102 773 
0 0 0 0 4 1 0 1 3 12 7 9 29 19 21 29 16 22 40 810 
0 0 1 0 1 1 2 0 6 9 12 2 25 5 25 55 50 17 69 312 
0 0 0 2 4 4 3 2 4 29 9 4 16 12 11 22 17 38 20 296 
0 1 0 3 0 0 3 0 11 6 2 11 18 15 8 16 32 56 103 144 
0 0 0 0 0 0 3 1 0 15 6 16 14 8 21 32 41 34 38 246 
0 0 0 2 0 1 2 0 1 6 6 24 25 11 36 24 49 23 67 252 
0 0 0 0 1 2 9 1 4 17 21 10 21 28 14 12 24 36 72 209 
0 0 0 0 1 3 3 0 4 10 22 16 31 26 47 21 115 50 97 407 
0 0 0 0 0 3 2 0 6 26 36 26 48 27 28 64 82 67 115 292 
1 0 0 1 1 0 1 0 9 9 33 21 60 22 19 17 49 67 49 563 
0 1 1 0 0 1 3 0 13 32 46 20 74 14 58 50 61 55 110 434 
0 0 2 2 1 0 1 0 32 22 48 23 60 13 55 26 31 80 131 260 
0 0 0 1 2 2 2 0 31 20 107 31 40 13 34 46 14 134 139 511 
0 0 1 0 0 0 6 2 9 37 82 62 50 33 30 37 53 227 95 393 
0 0 0 0 1 0 3 3 40 21 82 35 56 10 61 25 53 96 194 1136 
2 1 1 3 0 0 8 1 16 22 26 30 54 34 30 36 99 102 47 1145 
1 0 1 0 0 1 7 3 12 28 73 35 43 69 62 42 65 146 71 1409 
0 0 0 0 0 1 8 0 13 47 65 30 40 32 27 34 117 165 69 1035 
0 0 1 0 0 0 4 2 10 44 54 42 28 60 57 46 79 141 67 454 
3 2 0 0 2 0 2 1 5 62 86 20 26 35 40 43 68 128 44 399 
1 0 0 0 0 4 2 1 3 85 81 58 27 73 62 63 81 160 84 701 
1 2 0 0 0 4 6 0 10 71 66 39 67 14 56 47 45 167 85 410 
0 1 0 0 1 2 6 1 17 62 32 61 59 76 112 11 89 98 111 1288 
0 2 0 2 0 1 4 2 9 117 105 66 79 79 101 38 87 180 191 536 
0 1 0 0 0 3 3 1 6 81 93 70 114 70 36 57 108 255 112 1208 
0 0 1 1 0 1 2 1 17 49 62 12 79 52 62 38 94 146 169 576 
1 0 1 1 1 4 8 2 8 77 68 57 120 101 61 42 194 164 234 496 
1 0 0 1 1 0 4 1 13 66 104 72 196 54 59 29 106 216 117 623 
1 1 0 0 2 3 3 5 10 46 21 55 120 70 53 53 69 277 360 1022 
0 3 3 0 2 4 9 0 5 83 53 94 88 26 75 159 142 339 555 1483 
0 2 2 1 0 8 3 0 1 12 64 86 41 77 43 50 103 240 214 344 
1 0 2 1 0 1 7 3 9 49 88 98 43 99 98 126 79 255 145 510 
1 3 1 0 0 4 4 7 8 38 29 23 56 35 146 76 82 268 191 420 
0 0 0 0 0 4 10 0 10 43 43 114 69 159 81 88 90 205 314 563 
1 1 5 3 1 3 3 9 5 37 64 81 60 67 47 46 123 496 245 469 
0 0 0 0 2 4 10 8 2 17 38 58 51 50 42 67 113 298 119 490 
0 5 0 1 0 6 7 3 4 37 37 110 43 22 130 57 219 299 75 384 
0 1 2 1 4 6 5 7 11 45 36 49 100 39 90 171 98 99 96 720 
1 1 0 0 2 3 1 10 5 50 40 83 43 35 95 70 133 203 165 364 
0 1 0 1 1 14 2 11 17 40 29 138 65 37 103 206 161 492 138 951 
0 2 1 1 2 7 1 6 6 61 23 91 26 27 132 133 188 165 226 606 
0 1 0 2 2 16 6 8 5 51 41 90 70 61 52 44 144 459 209 667 
1 0 6 1 5 6 5 18 3 86 44 92 39 80 149 77 144 283 364 301 
0 2 0 0 2 5 9 6 7 84 49 41 37 47 218 72 105 403 211 446 
0 0 3 1 10 2 15 6 14 57 32 69 18 56 128 43 154 474 311 236 
0 0 1 3 3 7 15 8 6 40 29 45 36 54 144 108 213 967 244 209 
0 0 1 0 4 8 19 3 2 32 86 128 50 58 185 106 168 278 139 157 
0 0 4 1 5 2 20 2 3 49 54 30 30 42 143 79 255 379 108 375 
1 0 2 2 8 2 14 6 0 43 49 32 32 72 56 25 114 339 151 725 
0 1 2 1 8 6 8 2 3 70 31 19 38 38 55 61 317 155 125 607 
1 1 0 2 5 2 11 4 4 37 33 24 17 38 54 58 206 47 136 178 
2 0 4 1 7 1 11 4 8 30 36 7 13 26 42 28 201 71 33 303 
0 1 0 3 5 1 4 3 6 22 21 18 11 41 11 47 80 120 24 233 
0 0 8 7 2 0 8 1 5 17 13 2 13 33 22 29 61 80 80 149 
0 1 4 4 7 1 4 0 0 18 12 7 6 16 38 12 82 68 55 83 
0 1 3 5 5 0 3 0 3 23 40 22 2 23 50 20 135 41 101 63 
0 4 1 2 0 2 3 5 2 37 40 5 10 27 14 29 89 56 24 207 
0 1 5 3 6 2 11 1 4 27 45 33 8 18 63 16 88 28 91 309 
1 3 3 5 0 0 10 0 6 20 15 18 8 16 57 26 126 30 48 265 
0 7 2 1 2 0 1 0 2 40 24 20 11 11 75 41 142 60 100 226 
1 5 4 7 1 6 6 0 5 51 17 14 19 17 66 35 168 29 118 399 
1 0 3 6 6 1 5 1 7 29 2 17 20 25 56 42 91 51 127 347 
0 0 1 7 0 0 5 0 6 41 11 15 26 20 51 73 98 57 70 217 
1 2 2 0 1 1 13 1 3 36 12 23 26 16 59 110 51 75 95 267 
0 0 0 1 4 2 8 0 1 19 12 20 20 16 107 112 82 52 59 82 
0 0 0 8 1 0 5 0 0 39 26 30 29 13 41 57 60 121 191 326 
1 1 0 5 2 0 1 1 4 25 17 60 46 45 57 124 95 66 180 210 
0 0 0 1 0 1 4 0 7 23 22 40 25 60 69 74 220 136 162 378 
0 0 1 7 0 2 3 0 9 22 49 48 38 48 91 68 62 95 112 350 
0 1 1 4 0 2 5 2 4 44 22 26 69 26 33 64 87 73 56 336 
0 2 1 4 0 1 3 3 1 25 26 58 41 35 33 64 138 82 72 436 
0 0 2 2 1 0 2 6 5 30 49 19 0 35 51 90 120 123 100 324 
0 0 2 4 0 1 0 3 5 22 73 23 29 39 51 71 108 128 159 232 
0 2 1 2 1 0 3 2 3 49 82 60 90 20 63 124 50 43 106 727 
0 0 4 4 0 3 1 0 5 25 48 66 24 77 49 117 133 151 179 727 
0 0 3 1 0 0 1 0 14 41 32 70 64 16 87 84 110 114 215 616 
0 0 2 0 3 1 1 2 9 28 29 144 56 109 52 101 90 205 342 780 
0 0 2 0 2 3 1 0 5 19 116 66 68 47 27 56 75 234 322 262 
0 1 1 3 2 4 0 2 13 55 80 63 50 92 90 90 82 130 206 554 
0 1 3 0 0 2 0 0 22 71 90 98 33 41 54 305 341 115 365 518 
0 0 2 0 4 2 5 1 17 70 46 85 31 72 81 66 58 92 371 682 
0 0 0 0 5 3 5 3 12 29 65 75 27 94 35 86 149 180 247 362 
0 0 3 3 0 0 9 1 17 78 122 30 52 45 83 82 101 102 193 534 
0 0 4 2 7 8 6 2 20 54 80 71 20 71 56 164 139 134 677 456 
1 3 2 0 3 4 6 4 19 48 105 51 21 31 130 216 139 104 388 794 
0 1 0 0 7 3 5 3 32 50 65 88 16 69 68 229 76 176 311 246 
0 0 0 0 14 0 1 2 17 28 90 76 23 83 44 241 209 94 427 266 
0 2 1 0 3 2 8 2 12 26 114 42 20 98 70 121 214 233 263 396 
0 1 0 0 1 3 5 6 2 31 94 45 22 93 55 123 68 111 253 498 
0 0 0 0 3 3 4 0 10 44 57 45 19 113 36 222 85 181 219 286 
0 1 1 0 4 0 3 15 15 19 46 84 12 71 35 154 105 95 447 446 
0 1 2 0 13 1 8 10 22 27 35 38 14 33 65 104 72 112 363 781 
2 0 0 0 2 1 0 13 7 59 43 74 56 57 59 75 42 197 154 844 
0 0 0 0 19 2 4 7 7 37 62 88 83 28 50 89 88 46 566 1175 
1 0 0 0 17 1 8 8 27 57 53 75 33 64 148 83 73 93 304 1339 
1 0 0 0 8 0 10 6 10 63 26 45 57 120 41 68 55 87 168 949 
1 0 0 0 11 1 7 10 3 57 39 71 34 69 150 49 83 223 219 1659 
1 1 0 1 4 1 5 13 7 28 56 51 74 44 70 24 34 146 280 328 
0 0 0 0 6 0 4 10 17 93 53 54 96 53 118 44 74 89 270 859 
0 0 3 1 5 0 4 5 15 52 82 71 139 40 40 38 84 124 283 612 
1 2 2 0 4 1 3 10 7 8 44 123 42 30 68 44 79 67 282 472 
1 0 2 1 3 2 1 9 3 35 10 56 40 44 73 70 80 55 337 531 
0 0 0 0 0 2 2 19 6 12 30 28 14 14 93 0 40 35 104 798 
1 0 2 1 1 6 3 26 4 13 20 28 29 15 57 18 105 55 233 493 
0 0 3 2 2 4 0 5 0 17 11 28 10 27 84 23 44 50 116 218 
1 0 1 1 1 3 0 6 1 14 16 17 8 37 31 39 70 68 195 482 
0 0 1 0 0 0 3 12 0 6 24 8 1 40 59 33 22 79 102 397 
0 0 0 0 0 0 1 12 0 11 47 19 25 24 78 34 54 97 107 386 
1 0 0 1 1 2 0 21 2 0 14 16 20 135 41 56 12 83 119 214 
0 0 3 0 0 3 2 17 0 11 32 54 44 60 74 55 45 75 195 170 
0 0 2 1 0 5 0 8 0 10 35 37 31 36 34 50 31 90 116 215 
2 1 2 2 0 1 2 2 4 12 12 16 23 103 30 61 131 165 93 557 
0 0 1 1 0 3 3 5 0 38 32 25 20 44 32 69 139 126 118 465 
0 1 2 0 1 2 0 4 4 33 66 23 16 143 77 32 125 142 193 258 
1 0 1 0 2 3 6 6 3 20 27 21 17 84 56 63 163 82 159 426 
1 1 1 0 0 1 0 1 3 49 20 21 23 149 69 52 322 80 182 209 
0 0 2 0 3 3 8 2 2 21 17 37 38 160 62 59 228 80 172 328 
0 0 0 0 0 0 10 14 4 19 33 16 48 64 54 111 178 272 97 412 
0 2 2 0 0 3 9 14 14 46 26 24 95 107 59 49 251 73 137 700 
0 1 1 1 2 0 6 7 10 20 29 27 99 87 52 39 169 153 167 641 
0 1 4 1 0 1 16 20 5 56 38 90 30 166 68 59 222 181 149 531 
0 4 1 0 0 2 13 16 9 26 38 59 43 209 53 99 141 157 151 227 
2 0 0 0 1 2 7 21 21 25 26 94 42 155 93 34 182 152 146 1191 
0 2 0 0 2 2 18 18 20 136 23 78 38 105 85 40 208 95 104 456 
1 0 0 0 0 1 11 24 17 114 37 50 91 193 24 71 116 243 145 1171 
0 2 1 1 0 0 13 45 21 43 35 16 110 154 22 36 247 200 85 953 
0 0 0 0 0 0 27 17 6 77 12 47 79 110 92 67 198 249 145 926 
0 1 0 2 1 3 19 34 21 71 12 64 73 67 124 68 119 168 163 2569 
1 2 0 3 1 1 9 13 20 64 32 69 89 83 117 112 276 283 363 1772 
0 0 2 1 1 0 17 19 4 100 86 22 73 46 154 123 165 300 159 2520 
1 4 0 1 0 2 7 16 24 80 21 57 175 102 107 102 251 130 178 1919 
3 1 1 4 2 5 29 14 11 136 25 51 91 178 84 57 149 205 217 2116 
1 0 0 2 0 0 14 17 11 97 29 38 56 177 160 127 135 212 254 1567 
1 1 3 4 0 1 12 12 23 100 44 11 70 150 115 58 295 90 319 2108 
4 1 1 9 1 2 5 12 7 75 47 54 67 91 98 79 227 113 162 3276 
2 1 1 3 3 1 7 8 18 154 44 100 88 156 112 41 407 103 196 2216 
0 1 3 4 0 5 12 9 8 183 54 23 55 132 113 44 170 143 224 2788 
0 1 2 5 1 0 17 15 19 85 61 34 88 227 62 41 241 99 288 853 
0 0 2 4 0 3 1 6 27 69 59 67 75 158 73 48 209 133 111 1447 
0 0 1 4 4 2 4 6 14 28 16 83 56 58 92 46 157 92 167 996 
1 0 2 3 0 1 2 16 15 27 38 64 76 150 110 49 106 145 219 315 
0 1 1 4 0 5 4 17 7 31 32 84 49 62 45 47 135 203 194 424 
0 2 0 1 2 0 5 6 9 28 41 83 21 40 94 31 86 134 136 448 
0 0 2 3 0 0 4 6 9 43 90 90 35 84 158 60 121 62 223 301 
0 1 0 2 2 1 11 0 13 23 45 85 53 54 73 53 155 186 155 337 
0 2 4 2 0 2 9 2 1 95 51 60 94 81 25 63 94 97 102 343 
1 0 1 0 0 0 3 3 3 53 37 52 62 56 85 89 175 106 113 236 
2 0 6 3 2 0 0 5 4 53 73 86 64 23 78 49 218 48 168 172 
0 3 1 5 1 0 1 3 7 58 26 88 88 41 23 83 97 129 73 120 
1 1 4 4 0 1 0 2 7 37 90 18 75 26 84 49 53 90 174 176 
0 1 1 7 0 5 1 4 5 32 62 46 49 39 23 89 205 79 157 187 
0 0 1 2 0 4 1 1 2 38 99 62 110 27 24 76 120 66 91 122 
1 0 1 0 1 1 0 1 5 25 143 36 40 21 39 78 207 48 60 100 
1 0 1 0 1 0 4 4 5 60 50 36 73 16 37 80 78 49 94 270 
1 0 0 0 0 1 0 2 2 31 52 28 87 27 49 49 161 42 96 89 
2 0 3 2 2 2 1 1 1 19 56 11 49 42 16 82 122 108 24 17 
1 2 2 1 0 2 0 0 5 25 26 14 32 20 17 61 76 47 23 84 
0 2 0 0 3 0 1 0 2 23 32 18 28 30 4 42 32 58 55 74 
0 0 0 0 0 2 0 0 0 22 13 18 23 15 14 18 60 85 45 27 
1 0 0 0 0 0 0 1 0 15 7 21 1 37 16 38 43 102 53 38 
0 0 0 0 0 2 5 0 0 23 34 18 14 59 18 56 51 99 49 28 
0 0 1 1 1 0 4 1 0 29 42 3 14 50 16 54 15 158 25 99 
0 0 1 0 1 3 1 0 1 30 44 7 30 29 14 39 73 174 84 137 
2 1 0 2 0 1 0 1 2 21 43 35 13 26 38 44 70 76 55 92 
1 0 0 2 0 1 6 0 2 26 29 7 12 23 17 24 81 140 68 189 
0 0 1 0 0 2 4 0 1 23 25 10 23 23 17 33 91 131 95 75 
0 0 0 0 0 1 1 0 0 44 45 31 20 8 22 24 46 45 35 86 
0 1 0 2 0 1 2 1 1 25 42 22 14 41 20 17 45 63 60 55 
1 2 0 2 1 0 1 2 0 6 30 23 21 67 16 62 52 145 69 72 
1 0 0 1 1 0 6 0 2 43 46 17 21 75 32 84 14 66 59 92 
0 0 0 0 0 1 0 0 2 18 73 28 31 56 44 74 57 91 50 67 
0 0 0 2 0 1 5 0 1 20 65 16 29 31 23 53 72 86 67 98 
1 0 0 0 1 2 15 0 5 11 43 9 23 33 79 112 78 90 68 46 
0 0 0 0 2 4 8 2 2 16 22 20 13 40 47 164 128 102 104 40 
0 0 0 0 0 2 11 2 7 20 40 10 45 45 33 57 76 125 82 53 
0 0 2 3 0 4 14 0 1 30 14 16 48 21 86 83 93 88 69 113 
0 0 1 1 0 2 7 0 4 2 29 18 17 31 30 58 71 143 71 41 
0 0 1 1 0 2 9 0 1 17 57 25 16 30 44 107 82 94 217 69 
0 0 1 1 0 1 4 0 3 0 43 14 7 41 37 92 53 60 194 130 
2 1 0 1 0 1 10 0 3 8 47 44 24 22 15 96 102 228 212 108 
0 1 2 0 0 4 2 1 0 17 22 69 10 23 58 79 102 160 286 49 
2 1 0 1 2 4 7 0 3 14 29 18 31 35 78 103 108 134 134 103 
2 0 2 0 2 2 11 0 2 9 30 107 24 34 50 62 147 97 244 100 
1 1 1 0 0 6 12 3 2 22 5 132 23 21 35 49 139 76 193 112 
5 1 1 1 0 4 4 0 1 22 13 122 44 15 80 80 60 180 275 130 
3 0 0 0 1 2 18 0 0 14 10 149 45 36 100 97 140 119 327 148 
1 0 1 2 2 0 6 1 3 3 47 135 43 30 85 154 122 167 295 220 
1 3 2 2 0 2 1 3 3 17 24 158 48 27 52 127 242 343 287 321 
6 0 2 0 4 2 14 5 5 18 48 231 44 64 55 254 149 204 210 52 
6 1 5 3 7 3 8 1 1 17 46 201 31 21 57 148 96 107 337 141 
2 6 2 0 1 0 19 3 0 25 47 254 33 16 130 125 100 85 258 215 
0 4 3 1 4 0 5 3 2 13 19 225 23 34 83 49 266 121 155 169 
1 0 0 1 3 2 20 4 0 16 92 204 10 54 115 58 391 189 157 291 
2 3 2 0 1 3 6 1 2 17 29 166 37 41 44 69 180 180 94 167 
0 0 3 2 5 2 6 5 1 9 29 91 43 71 51 54 160 123 77 231 
2 6 0 0 3 2 16 2 2 15 35 62 46 80 46 70 173 114 82 482 
0 1 1 0 5 3 9 3 6 22 50 111 71 43 32 48 54 335 172 301 
1 4 0 1 2 0 7 0 6 41 34 78 48 65 24 38 110 138 49 384 
0 2 1 2 2 2 8 2 8 68 99 40 35 24 37 49 175 203 102 360 
5 0 0 4 5 1 2 6 5 46 59 64 74 91 51 31 216 112 153 150 
0 0 0 1 0 5 0 2 3 35 70 32 54 37 23 45 179 269 60 150 
1 0 1 0 3 0 1 10 7 35 27 44 71 29 29 23 101 237 131 78 
1 0 0 5 5 5 1 7 5 21 42 27 67 56 30 43 161 214 56 106 
2 2 2 1 3 3 0 4 12 39 30 29 69 41 15 24 145 242 169 72 
6 1 1 1 3 1 0 1 11 37 52 27 36 27 64 25 161 579 73 193 
0 2 0 3 7 0 0 2 4 12 36 71 26 30 66 45 121 205 64 204 
0 0 0 1 3 0 0 1 4 29 15 27 16 9 25 80 140 215 30 57 
2 0 0 0 1 1 0 7 0 13 12 19 18 20 18 12 179 127 73 86 
0 3 0 2 0 0 1 0 4 5 13 22 9 26 21 56 113 54 28 33 
1 0 0 0 3 0 0 0 0 4 12 16 28 8 6 33 38 113 73 84 
0 0 0 0 0 0 0 1 5 13 7 8 12 10 16 32 20 48 45 41 
0 0 2 1 1 2 0 0 2 7 16 19 19 11 15 33 31 131 58 57 
0 0 0 0 1 3 1 8 3 9 22 13 15 21 14 35 125 245 17 60 
0 1 2 0 0 0 1 3 4 10 14 21 13 47 35 50 96 215 42 87 
1 0 0 2 1 6 0 1 1 4 33 3 29 16 21 59 25 197 83 55 
0 1 1 1 0 3 1 9 7 13 20 24 36 59 45 44 54 387 65 147 
0 1 0 1 0 0 0 8 4 13 29 27 31 20 32 21 50 152 80 119 
0 2 0 0 4 2 0 6 12 25 21 8 41 54 77 36 127 152 181 150 
0 2 0 1 0 6 0 0 7 13 8 14 12 43 42 43 54 296 186 173 
0 4 2 1 1 4 1 2 5 18 33 0 67 67 22 6 44 162 180 216 
0 0 2 1 2 0 0 5 4 14 28 11 43 118 68 42 59 333 205 148 
0 2 0 0 0 0 5 5 16 21 14 12 114 111 88 60 35 338 191 353 
0 4 1 0 0 2 2 8 7 24 26 9 132 140 60 99 79 265 398 220 
0 3 0 1 1 0 2 5 7 23 33 17 80 102 99 50 86 240 275 267 
0 4 0 1 2 0 1 8 1 25 29 40 82 118 57 47 151 251 308 222 
1 3 0 0 1 1 0 11 10 49 45 22 83 200 51 30 81 107 363 640 
0 0 8 0 3 4 1 7 4 54 26 94 86 181 52 62 106 194 287 368 
1 2 9 0 0 1 2 11 7 55 27 53 47 71 73 62 119 172 413 1327 
0 0 5 1 1 1 0 5 4 91 49 53 75 108 31 105 86 348 770 856 
1 2 10 2 3 2 3 7 5 40 80 120 90 53 43 87 37 127 409 313 
0 4 3 0 3 3 0 32 1 77 39 61 59 213 51 111 79 124 267 501 
1 0 12 2 8 2 8 17 6 71 56 27 54 217 142 44 53 201 379 1258 
0 2 4 2 0 5 6 8 5 62 63 100 91 93 85 60 78 211 449 1295 
0 1 2 2 2 2 13 17 13 111 75 61 87 102 59 50 53 135 280 661 
2 3 1 0 5 2 11 15 7 109 178 42 81 50 63 161 81 158 377 257 
0 0 1 0 1 11 9 19 21 125 88 32 142 102 115 95 105 325 571 691 
0 1 5 0 3 3 8 11 22 75 35 58 72 111 37 155 34 250 722 553 
1 0 1 0 3 3 8 28 25 133 47 34 77 187 132 124 65 508 322 1056 
1 1 4 2 3 12 5 8 21 174 70 94 148 56 130 136 84 232 144 689 
1 1 0 0 5 0 6 4 22 82 65 19 124 100 144 88 114 297 341 493 
0 0 0 0 4 2 9 13 13 76 94 30 194 90 332 107 85 506 688 1465 
0 1 2 0 5 8 7 29 0 61 100 43 155 62 171 77 204 209 203 241 
2 1 4 1 2 13 6 20 6 163 120 20 128 56 85 34 90 346 300 396 
2 0 0 0 2 3 9 5 5 157 106 46 60 76 101 48 59 235 371 490 
0 0 0 0 1 1 12 15 7 32 162 30 84 111 102 67 184 109 225 458 
3 0 4 0 1 7 5 19 20 187 39 24 54 40 90 88 109 183 254 521 
0 0 2 1 1 6 17 17 18 104 176 39 28 56 79 82 102 171 414 574 
0 1 1 0 0 3 10 5 23 131 86 66 28 47 40 56 96 114 99 1266 
0 2 0 1 0 2 13 8 15 153 133 77 91 36 79 125 119 84 317 409 
2 2 0 1 1 10 25 9 10 68 69 80 107 77 82 55 52 76 127 450 
1 2 2 3 2 1 27 6 17 47 40 79 12 72 48 56 39 47 213 348 
0 0 1 6 3 8 21 5 6 16 39 72 50 64 70 90 39 69 185 566 
0 0 1 0 0 4 38 3 4 117 48 64 22 78 45 130 106 45 91 459 
0 2 1 3 1 2 27 16 8 35 22 56 43 35 71 145 231 51 58 460 
0 0 2 7 2 0 13 6 5 22 28 33 25 57 56 141 171 86 79 476 
0 1 2 0 2 0 13 8 6 55 67 50 23 50 91 148 73 44 122 286 
0 0 1 4 7 0 10 2 5 40 37 27 23 46 84 111 46 41 85 454 
0 1 0 1 1 0 22 3 8 16 41 42 58 40 80 149 63 69 71 728 
0 1 0 1 0 1 3 0 7 18 38 32 29 50 65 61 85 56 53 1430 
0 0 1 1 2 0 5 0 17 18 63 39 33 14 34 63 71 8 102 971 
0 1 1 5 4 2 1 10 1 3 36 16 17 11 45 212 34 18 23 912 
0 0 0 0 0 1 2 4 3 13 15 22 19 25 26 41 53 36 20 788 
0 1 1 5 0 0 0 0 5 10 28 10 28 20 61 61 51 6 30 979 
0 0 0 9 1 1 1 0 4 10 32 5 16 20 31 19 36 23 49 475 
0 0 2 8 1 3 2 3 3 17 8 25 22 37 20 55 32 32 79 196 
0 2 3 16 0 0 1 3 9 20 15 27 33 19 22 33 27 13 56 431 
2 0 1 21 2 3 3 2 8 10 28 13 18 26 47 35 38 26 59 538 
0 1 0 15 0 1 2 1 12 11 17 36 17 38 48 41 72 49 36 1319 
0 0 6 9 0 0 0 1 11 9 36 99 37 24 39 91 91 56 39 515 
1 0 1 10 2 0 0 2 11 9 12 64 56 11 97 64 38 63 46 338 
0 0 2 3 0 0 3 7 21 9 31 57 36 14 33 48 54 85 53 396 
3 0 0 11 2 0 2 12 15 7 21 69 12 19 62 51 83 42 77 577 
2 0 0 11 0 0 4 14 18 2 46 34 23 38 118 80 62 159 201 331 
0 0 4 8 0 0 0 7 11 9 39 114 35 23 81 50 51 95 37 407 
0 1 2 11 0 0 4 4 12 12 7 68 32 40 71 220 72 164 117 356 
0 0 2 2 0 0 7 15 6 37 22 77 29 37 46 196 55 359 58 424 
0 0 6 5 1 2 0 6 10 23 44 63 34 14 117 91 156 215 59 740 
0 0 0 1 0 3 6 8 5 21 45 76 60 20 66 267 141 220 112 405 
1 0 1 1 3 2 3 5 2 35 25 35 36 18 58 28 86 234 196 289 
1 1 2 0 3 0 8 1 8 16 48 71 32 31 32 100 65 227 77 471 
0 0 0 2 1 3 0 7 5 72 21 59 58 20 30 141 217 184 48 242 
0 0 2 0 0 0 2 1 6 32 18 34 45 31 47 89 270 228 267 389 
1 0 0 0 2 0 2 4 3 29 52 23 56 33 90 81 129 179 388 451 
2 0 0 2 2 5 1 3 5 33 32 65 76 50 94 52 247 200 105 536 
1 0 0 1 3 1 1 2 5 33 13 45 54 14 59 69 325 146 133 1066 
0 0 0 2 1 1 2 1 4 23 39 40 76 37 63 55 445 151 124 670 
0 0 1 0 0 5 2 3 7 14 29 52 59 103 92 132 179 77 200 238 
0 0 2 0 3 1 1 2 4 43 14 52 36 70 103 65 163 71 226 232 
0 0 0 0 0 0 1 4 2 37 15 58 59 49 99 71 194 132 338 390 
1 1 0 0 6 1 0 1 5 38 48 76 32 91 54 64 252 147 227 1372 
0 1 3 0 1 3 1 4 12 85 65 52 56 71 191 21 175 120 322 959 
0 0 1 0 0 6 1 6 4 50 64 88 54 47 56 112 303 91 490 988 
1 3 3 0 2 3 0 2 1 55 53 45 70 51 171 137 172 187 268 694 
0 1 0 1 12 4 1 8 3 36 37 38 57 129 205 99 189 214 297 961 
0 2 3 0 3 6 0 4 2 60 20 81 54 76 91 59 189 88 251 898 
0 0 4 0 4 6 0 3 2 49 20 57 65 95 115 21 189 88 167 347 
0 0 1 0 4 5 1 2 5 30 35 118 64 101 30 70 81 96 237 858 
1 3 2 1 3 6 1 5 10 48 45 59 50 80 96 47 353 125 135 1010 
0 2 2 2 5 6 4 0 2 27 20 91 109 105 62 86 136 96 156 448 
0 0 3 1 1 4 1 5 7 32 61 56 86 76 56 50 142 60 249 561 
0 0 0 0 0 1 4 5 2 35 27 73 61 72 89 96 196 149 148 651 
0 1 1 0 2 3 8 3 2 71 26 34 74 122 155 67 225 97 121 295 
1 0 1 0 6 4 11 13 7 132 28 75 85 184 132 112 115 71 64 422 
2 1 1 0 1 5 4 6 2 47 37 41 76 34 64 89 343 70 185 518 
0 2 0 4 3 2 7 14 8 62 41 15 40 109 85 119 96 151 226 560 
1 4 2 0 0 1 8 1 8 43 33 14 38 51 72 101 97 71 131 619 
0 1 0 0 3 1 5 12 15 107 23 21 49 81 73 72 185 73 48 1033 
0 3 1 0 3 1 1 15 10 28 14 58 74 45 76 97 141 130 70 1183 
0 0 1 5 1 0 7 15 16 47 31 29 22 55 43 82 214 67 210 830 
0 1 0 1 3 0 3 9 11 7 16 22 32 47 13 60 164 191 114 642 
1 0 0 1 0 0 1 18 12 24 34 19 55 45 51 90 172 76 134 196 
0 0 1 1 2 2 2 14 2 18 53 15 29 17 27 56 46 113 84 548 
0 1 1 2 0 3 0 7 5 27 13 14 24 18 48 47 61 65 44 408 
1 0 0 1 0 1 0 5 3 16 26 29 13 11 41 57 49 79 49 661 
0 0 0 1 1 0 0 5 10 4 30 10 26 24 23 21 26 84 81 276 
0 2 1 0 1 1 2 10 6 19 24 7 10 14 6 17 32 63 44 308 
0 3 0 0 0 0 1 7 3 41 28 20 6 18 17 15 66 59 48 424 
0 2 0 0 0 1 0 10 5 11 30 13 7 10 9 52 34 86 37 346 
3 0 1 0 3 1 0 0 5 21 35 11 15 5 20 42 75 65 84 268 
0 0 1 0 0 0 0 7 10 33 25 15 15 14 30 44 46 108 34 130 
0 0 0 0 4 0 2 11 5 63 18 21 5 7 61 31 33 15 60 121 
0 1 0 1 2 0 2 17 8 55 48 13 39 24 38 47 21 174 42 172 
1 0 2 0 0 0 6 8 21 25 24 21 31 11 41 51 66 158 105 141 
0 1 0 0 5 2 2 3 13 54 40 25 21 21 25 42 42 134 57 148 
1 2 3 0 0 0 7 4 14 43 23 11 24 22 38 58 50 73 39 303 
0 1 0 1 3 1 9 5 20 76 32 32 24 37 75 44 85 148 98 139 
1 0 1 0 0 2 2 5 10 158 22 19 13 58 73 45 47 211 134 106 
1 0 0 2 1 1 5 4 30 127 62 42 27 26 55 53 75 82 125 123 
1 0 2 1 1 1 5 1 26 94 96 26 37 42 65 50 83 492 141 233 
2 2 4 0 1 1 8 7 9 206 65 73 25 58 28 179 223 240 148 275 
0 0 2 0 0 1 9 12 16 98 79 45 12 78 83 194 75 209 151 291 
0 0 2 1 0 3 5 3 17 85 43 55 40 84 113 155 43 202 152 400 
0 0 0 0 0 1 2 4 8 61 46 66 8 160 33 209 79 112 136 513 
0 0 0 0 4 5 6 2 2 38 83 79 17 156 84 214 65 232 212 476 
0 1 1 0 0 4 7 2 10 62 126 99 15 36 70 112 102 293 223 635 
0 1 0 1 3 1 2 3 3 72 54 46 18 104 90 80 40 230 68 611 
1 0 0 2 0 0 2 3 4 65 41 73 17 128 73 43 94 455 241 1096 
0 2 0 0 0 0 4 2 6 44 129 56 23 83 102 178 49 156 236 861 
0 3 1 1 4 0 6 7 7 47 142 58 46 112 98 176 117 361 166 726 
1 2 5 0 4 1 6 4 0 57 66 30 17 85 156 33 44 269 231 1009 
0 2 0 0 6 0 7 6 5 53 174 67 50 177 141 149 85 498 176 1163 
0 1 1 0 2 1 8 9 10 37 89 41 68 34 281 184 141 220 187 704 
0 3 4 2 3 5 3 12 8 30 155 39 55 109 205 113 148 255 453 743 
0 2 0 0 4 4 12 5 7 20 116 25 47 38 152 54 149 193 108 302 
0 1 1 0 6 2 6 11 9 7 70 69 34 67 151 67 147 256 351 822 
0 4 4 0 3 8 5 7 2 11 143 49 53 85 200 116 123 350 290 533 
0 1 0 0 0 2 7 10 0 33 106 42 28 80 24 127 213 123 320 441 
0 0 2 1 2 2 5 8 3 9 34 51 48 90 205 97 79 187 403 202 
0 0 3 1 2 2 6 12 3 19 79 68 86 61 90 101 109 198 293 263 
0 3 5 0 3 0 2 16 1 11 24 14 44 63 98 170 82 103 129 564 
1 0 3 1 5 0 4 14 3 17 49 77 34 16 98 80 81 91 180 159 
0 0 4 2 2 0 1 1 3 13 49 73 40 63 153 42 175 94 111 279 
1 3 0 0 3 1 6 2 3 10 52 68 22 61 116 24 114 126 251 203 
0 0 0 2 0 4 7 8 2 23 25 57 76 69 134 47 43 186 171 414 
0 1 1 3 2 6 0 2 5 17 34 31 60 79 182 132 182 123 259 174 
0 1 2 0 0 8 0 3 0 22 78 80 63 71 137 70 125 59 172 506 
0 0 2 0 2 4 3 1 1 43 54 58 59 56 95 50 144 141 406 275 
1 0 0 2 4 3 2 3 3 30 55 48 148 133 26 64 168 148 257 277 
0 2 1 2 2 5 0 1 5 35 78 71 91 67 70 63 127 200 417 356 
1 2 0 1 3 2 5 5 4 13 25 38 89 52 59 24 63 197 146 406 
1 2 1 1 7 1 3 6 5 23 36 19 103 146 24 29 71 98 115 123 
1 1 2 1 0 6 3 1 1 8 5 34 57 58 29 7 113 119 116 204 
0 0 0 2 1 1 1 0 2 10 14 39 69 37 27 46 55 62 100 284 
0 1 3 1 0 0 2 0 0 8 13 23 16 39 7 12 76 95 88 251 
2 2 1 1 0 1 1 0 1 4 9 27 38 21 20 43 30 50 33 361 
0 2 2 0 2 1 3 1 3 8 3 17 16 41 12 22 72 47 67 376 
0 2 0 3 0 1 1 1 0 9 8 21 5 21 9 4 42 44 37 180 
0 1 0 0 2 0 3 2 0 6 2 4 18 28 12 20 25 49 53 65 
0 2 0 0 2 0 2 0 0 6 5 29 18 31 17 32 69 25 51 198 
0 0 0 0 1 3 0 0 0 6 8 20 20 39 22 33 77 34 55 255 
1 0 2 0 3 1 1 0 0 5 5 27 10 46 13 37 27 76 91 258 
0 0 0 1 1 0 0 1 0 2 3 26 31 29 6 42 64 36 81 251 
0 0 0 1 1 2 1 0 0 3 10 31 43 16 14 91 46 80 68 295 
1 2 1 0 0 2 0 0 0 2 18 36 86 35 44 33 53 48 100 361 
1 1 0 2 0 0 5 1 1 17 15 34 59 55 27 41 111 47 50 472 
1 0 0 0 0 1 7 1 1 8 7 21 58 25 26 32 98 67 104 134 
0 0 0 0 0 0 7 1 0 4 17 15 72 53 19 31 89 195 183 393 
0 0 0 1 0 1 18 1 5 12 12 69 85 33 53 30 255 100 184 310 
0 0 1 3 0 4 19 0 0 6 24 27 65 96 22 22 38 140 325 427 
0 0 0 1 0 5 16 2 8 14 32 17 70 86 37 66 71 73 288 240 
0 0 0 0 3 0 13 0 5 11 20 42 32 39 30 72 54 104 122 642 
0 0 3 0 2 0 31 0 6 29 24 100 88 118 14 72 48 92 284 648 
0 1 0 0 2 2 32 0 5 14 37 44 129 84 16 39 109 47 141 228 
0 0 3 0 1 3 18 3 0 20 32 45 46 61 51 84 81 36 83 687 
0 0 1 1 4 2 13 6 3 20 33 55 38 97 55 137 38 83 164 274 
0 1 0 1 2 0 9 3 6 23 26 83 50 64 7 111 126 84 114 460 
0 0 0 0 3 1 21 7 0 21 25 84 42 73 66 124 133 114 171 364 
2 0 2 0 2 2 23 4 2 21 31 33 88 70 91 82 89 102 268 575 
7 0 5 1 3 1 13 3 4 40 51 116 69 26 65 122 103 65 317 1180 
7 1 1 0 4 3 11 2 7 8 49 161 47 88 89 109 169 78 117 693 
6 1 0 1 6 0 19 7 0 64 54 103 77 57 60 110 82 379 186 262 
2 0 0 2 3 2 12 3 11 58 22 32 83 85 100 95 83 169 166 928 
4 1 1 0 2 7 8 13 5 38 41 64 85 69 114 126 103 254 98 1088 
3 0 0 3 3 2 10 22 14 61 45 115 44 30 164 157 154 265 150 1073 
4 0 0 2 3 5 10 8 10 84 49 127 64 78 138 121 351 164 243 1203 
6 0 1 2 2 9 6 18 26 50 133 58 7 106 212 94 143 249 164 527 
4 0 0 4 1 3 7 11 13 62 89 96 29 158 120 67 290 424 118 1186 
3 1 1 0 6 6 2 18 12 57 39 196 98 279 161 108 132 149 58 1351 
5 0 1 2 4 0 5 11 6 24 63 109 26 165 171 114 168 156 127 599 
2 0 0 3 4 12 0 7 8 21 45 190 59 166 134 36 98 169 87 756 
2 1 1 0 3 3 0 9 14 17 49 50 39 79 44 97 121 284 194 887 
2 0 3 0 1 0 2 8 40 56 52 150 8 95 92 59 291 125 105 1392 
0 0 0 5 0 3 3 5 23 16 25 68 23 80 75 143 233 177 209 725 
2 1 0 8 0 2 0 6 34 35 48 97 16 112 59 48 378 174 121 430 
0 0 0 1 2 6 0 13 19 33 59 75 27 93 22 70 161 335 332 976 
2 0 1 5 1 0 2 8 85 57 68 71 29 73 44 47 174 461 519 1775 
0 0 1 3 3 4 0 15 66 25 101 82 18 51 39 100 133 301 235 1705 
2 0 2 1 3 4 2 2 26 45 67 48 21 66 37 116 87 266 265 637 
2 1 0 3 1 3 0 15 55 26 105 65 25 132 33 72 71 770 279 1589 
3 0 0 0 3 1 3 7 25 37 58 73 52 113 60 177 173 476 342 1037 
3 2 0 3 1 2 2 24 6 13 60 40 19 157 34 125 124 285 209 1488 
4 2 1 4 1 2 1 0 5 53 75 53 50 63 42 147 263 302 377 861 
3 1 4 2 3 3 4 4 5 32 41 27 38 153 48 58 92 346 250 614 
0 0 0 2 0 0 0 14 1 21 12 39 27 91 22 108 93 100 257 632 
0 0 3 1 1 0 0 7 6 12 15 21 34 99 61 28 38 215 230 515 
1 0 0 4 0 0 1 2 6 7 21 27 17 77 49 34 86 139 290 219 
0 1 0 5 0 1 3 8 2 29 21 10 9 90 33 17 55 81 65 223 
0 0 3 3 0 2 2 6 0 25 21 15 28 66 12 14 48 59 45 376 
0 0 3 6 1 0 0 2 2 29 27 10 10 86 22 29 106 44 99 343 
2 0 2 0 0 0 0 3 0 15 1 22 21 64 34 19 80 42 88 340 
0 0 0 0 0 2 4 3 2 27 12 19 12 32 52 10 38 104 169 229 
0 1 2 0 0 1 1 2 2 29 6 2 13 44 67 28 54 82 185 198 
0 2 1 0 0 5 5 2 0 22 17 13 18 21 91 23 134 144 155 222 
0 4 1 1 0 0 1 6 2 38 32 10 44 31 60 33 43 113 127 274 
0 1 2 1 1 5 7 1 2 57 29 11 21 24 67 22 122 79 285 261 
0 0 2 0 0 1 1 16 3 71 17 31 28 65 109 55 152 91 310 100 
0 2 0 0 0 4 5 4 3 92 35 37 42 45 143 53 135 45 307 154 
0 5 2 0 0 5 0 9 3 71 37 35 45 74 80 47 166 99 161 124 
3 0 0 0 1 6 4 6 1 100 56 20 21 60 18 31 155 50 116 252 
0 0 0 0 0 6 1 5 4 123 35 67 52 23 105 32 133 77 105 128 
0 1 0 1 3 9 2 4 3 46 50 35 55 59 77 19 110 148 126 137 
2 0 0 1 0 9 3 4 2 38 25 18 82 65 92 41 48 80 81 160 
1 1 0 1 0 3 8 5 0 30 68 12 90 61 92 78 95 36 78 227 
1 1 1 7 0 8 7 6 1 65 92 55 47 38 33 104 38 129 193 230 
1 0 0 0 0 8 0 11 1 39 55 53 53 107 102 76 78 133 245 522 
0 0 0 4 0 3 1 9 1 32 86 50 62 76 63 110 61 103 178 268 
2 1 1 7 1 6 3 10 3 9 122 24 61 62 43 53 68 41 116 229 
1 2 1 11 1 3 2 13 1 48 40 46 53 64 59 27 41 58 39 129 
1 0 0 4 0 0 0 9 2 35 36 24 37 49 51 71 17 70 45 100 
1 0 0 4 1 4 2 4 2 51 19 27 33 37 25 70 28 39 42 213 
0 1 0 8 0 0 1 3 5 36 75 33 13 78 42 124 58 55 115 156 
0 2 3 7 0 0 0 2 0 23 75 43 24 50 45 96 80 66 36 97 
1 0 0 5 0 1 2 7 0 83 30 54 21 61 63 96 27 39 106 81 
0 0 1 5 0 0 5 7 2 31 77 58 21 19 45 74 63 97 44 71 
0 0 0 12 1 2 3 13 1 50 48 52 13 28 68 76 125 76 72 82 
0 0 0 10 0 0 6 9 3 44 46 44 29 45 28 84 58 101 33 118 
0 1 0 1 0 2 8 0 0 20 42 21 85 27 53 75 75 77 98 116 
0 0 0 7 1 1 9 4 0 118 50 60 16 41 43 90 126 100 75 109 
0 0 1 6 1 4 6 2 0 83 105 83 55 52 47 70 88 109 107 304 
0 0 1 5 2 0 10 1 0 68 56 64 60 65 22 55 48 126 75 124 
0 4 0 1 0 0 11 1 0 77 68 99 56 56 36 22 98 90 37 172 
0 2 1 5 0 0 13 6 0 76 38 12 28 40 45 47 81 75 43 79 
1 0 0 7 2 3 10 1 0 69 26 36 49 17 50 36 37 56 105 46 
0 1 1 0 2 4 3 2 1 59 47 21 51 43 26 59 54 98 95 235 
0 1 1 2 0 2 5 2 0 52 36 29 37 36 62 62 86 41 137 161 
0 0 0 0 4 0 8 5 0 33 41 13 13 18 49 43 36 27 107 189 
0 1 1 5 0 0 8 0 3 52 31 16 74 26 24 69 73 39 93 110 
1 0 0 0 0 0 11 2 1 44 22 5 25 15 33 107 59 53 53 76 
0 1 2 6 0 1 2 3 2 94 25 16 74 17 22 58 41 75 103 169 
2 0 1 7 0 1 6 0 0 77 53 24 47 21 44 32 61 52 176 406 
0 1 0 0 0 1 4 4 1 69 50 29 94 42 43 40 71 57 187 179 
0 2 1 4 1 0 10 1 3 68 42 11 166 29 24 64 36 145 262 334 
0 0 0 1 0 0 9 3 0 48 31 35 133 28 29 36 31 66 155 470 
0 2 0 2 3 0 10 0 3 85 41 20 63 9 46 23 38 88 106 356 
1 2 0 5 4 0 5 2 1 106 21 17 93 23 50 35 91 42 150 388 
1 0 0 5 2 0 3 5 1 33 22 38 33 15 37 23 34 35 53 512 
0 0 0 2 2 2 5 5 1 32 9 16 54 41 22 38 32 89 145 596 
0 0 1 0 0 0 0 12 0 26 6 25 35 24 16 77 14 79 62 233 
0 0 0 0 0 1 2 6 1 37 32 23 41 22 18 22 47 49 20 154 
0 0 2 1 0 0 3 10 1 19 18 16 29 20 21 58 75 57 178 179 
0 0 0 0 2 1 0 2 0 20 25 17 17 16 18 54 33 19 89 60 
1 0 1 0 1 2 2 3 1 26 14 3 5 8 29 33 39 13 32 202 
0 1 1 0 0 2 3 6 2 13 12 18 0 16 17 29 63 27 16 93 
0 0 0 0 1 2 3 4 0 6 7 24 11 14 40 41 46 24 25 165 
0 0 0 2 2 1 4 5 0 28 23 22 11 8 33 31 22 61 69 82 
1 1 1 0 4 1 2 5 0 7 23 12 10 25 19 57 28 71 75 331 
1 1 3 0 0 1 4 14 0 17 11 10 9 5 9 40 88 82 23 142 
0 1 1 0 0 4 1 3 0 21 5 16 13 35 19 30 55 86 24 489 
1 0 3 1 2 0 0 20 0 16 10 3 14 13 14 91 32 83 57 635 
0 0 0 1 0 0 0 9 0 11 9 16 57 44 26 42 22 161 39 734 
1 0 0 1 1 6 0 9 2 13 13 11 28 22 24 81 68 158 60 877 
0 1 1 0 1 1 0 12 2 10 23 14 46 50 44 70 53 174 51 257 
0 0 1 1 0 0 0 18 4 9 20 8 17 28 87 45 31 126 30 856 
0 0 0 0 0 2 2 12 6 13 13 22 60 98 37 81 72 189 53 582 
0 1 0 1 1 0 2 8 3 19 23 79 35 85 41 105 57 172 31 460 
1 0 2 0 0 1 1 8 12 39 24 32 78 27 37 130 153 89 118 648 
2 0 0 1 0 5 1 17 11 11 33 53 49 42 61 94 193 151 90 284 
2 2 3 3 0 0 1 6 10 45 38 97 59 46 36 108 97 194 143 1034 
0 2 3 0 0 5 2 21 14 38 44 28 29 20 60 70 221 169 241 204 
0 0 1 0 0 2 2 15 8 35 19 84 52 62 34 122 195 296 242 546 
0 0 0 0 0 4 2 7 9 54 25 48 71 41 79 131 121 186 179 1325 
0 0 1 0 1 4 4 5 10 31 36 46 49 120 117 68 124 164 401 763 
0 1 0 0 0 0 0 5 15 42 63 58 30 42 50 53 184 177 252 1154 
1 0 3 0 3 0 4 6 14 29 99 53 97 105 24 185 169 307 330 653 
0 1 0 2 6 0 1 5 8 31 41 140 67 112 61 150 112 376 373 1106 
1 0 3 1 7 1 4 6 10 36 59 71 90 51 142 27 75 517 622 905 
0 3 2 1 4 5 1 12 8 69 94 150 90 66 58 267 162 514 766 616 
0 0 2 2 3 4 0 7 8 50 104 182 104 134 109 43 141 789 1064 279 
0 3 2 5 10 1 6 22 19 61 84 82 157 206 128 97 211 394 1038 1388 
1 1 4 2 3 3 5 5 6 82 90 107 78 198 159 213 204 867 888 560 
0 4 3 1 0 4 8 6 4 68 88 95 51 247 98 382 179 761 418 957 
0 3 4 8 6 11 0 22 11 210 141 115 264 151 151 562 382 388 495 1469 
0 1 4 2 7 4 2 5 10 150 69 72 130 173 90 133 623 490 449 541 
0 1 6 1 3 3 2 18 9 122 51 60 147 244 179 69 488 144 626 1026 
0 2 4 0 5 0 0 20 2 48 66 98 239 269 233 239 390 468 618 495 
0 2 1 2 6 4 1 22 6 80 95 80 150 164 126 77 314 204 292 761 
0 0 13 0 2 0 1 9 15 242 74 118 107 178 206 107 323 261 403 977 
1 1 10 1 9 2 2 12 0 217 32 102 200 236 289 134 203 185 488 339 
4 0 7 5 6 6 5 22 12 232 38 146 97 129 196 81 196 162 579 305 
0 0 15 2 3 9 1 18 8 179 66 110 69 186 170 68 148 285 514 560 
0 0 8 1 4 7 2 12 10 69 55 36 149 154 317 65 202 317 422 1466 
0 2 3 0 4 9 2 10 10 151 43 155 181 158 333 206 221 69 478 763 
0 1 0 0 5 12 2 11 7 141 60 65 148 87 256 72 83 137 266 1828 
2 2 1 0 3 8 11 12 8 30 64 84 56 67 246 140 104 92 143 1757 
1 0 7 0 1 4 3 10 14 102 78 117 79 126 98 36 217 116 304 2593 
0 1 0 0 3 2 8 11 10 75 101 60 104 80 217 45 77 139 128 1571 
0 0 1 0 8 4 6 17 15 45 21 81 74 147 303 32 95 120 206 1105 
0 2 3 0 1 3 10 8 17 75 49 56 69 127 145 84 156 114 167 322 
1 0 0 2 8 1 5 4 12 37 7 40 51 66 230 44 142 139 108 720 
0 0 0 2 3 2 8 13 1 37 27 77 58 59 70 36 74 63 109 536 
0 0 0 2 2 1 4 5 1 20 28 90 21 83 147 31 47 93 110 496 
1 1 0 0 2 2 5 6 1 13 12 46 13 81 61 14 45 73 39 263 
1 0 1 0 0 3 4 3 0 3 9 14 24 37 34 17 91 72 99 322 
3 1 0 2 0 2 4 3 4 25 5 29 14 33 32 28 66 35 35 554 
0 0 2 0 0 1 1 1 5 6 11 21 43 39 16 36 44 57 65 304 
0 0 2 0 0 4 3 1 6 18 3 34 17 43 37 30 16 57 78 219 
0 0 0 1 1 0 0 2 1 15 2 6 26 34 47 44 70 20 20 170 
2 1 1 0 0 0 2 0 11 18 13 54 21 39 35 19 49 131 65 218 
1 1 1 1 0 0 2 0 3 39 11 17 18 24 79 29 60 106 47 236 
1 0 0 0 2 0 1 1 2 9 8 9 5 19 49 26 29 148 97 331 
0 1 2 2 0 1 0 0 7 6 19 37 5 127 68 6 72 30 87 140 
0 0 2 0 5 1 2 0 9 14 38 23 21 51 62 7 46 43 127 215 
1 1 0 0 2 0 3 0 6 10 16 27 25 30 41 18 28 75 54 205 
2 0 1 2 4 0 4 1 5 12 22 42 51 16 38 18 56 52 108 221 
0 1 0 0 1 0 1 1 4 15 16 31 39 13 10 31 139 91 58 219 
0 0 0 3 0 0 4 0 5 16 20 28 23 24 10 65 48 41 94 254 
0 0 0 2 5 0 3 0 2 14 19 15 26 25 18 32 51 95 53 271 
0 1 0 0 2 0 5 3 5 9 33 30 17 17 20 40 43 224 35 251 
0 0 3 0 2 0 3 2 5 36 35 40 59 35 29 82 22 148 47 126 
1 0 0 0 1 0 15 1 2 19 46 24 34 40 8 35 84 213 40 101 
0 0 0 1 1 0 8 0 4 4 18 18 80 14 23 23 65 146 40 325 
0 0 2 0 0 0 8 0 0 20 34 39 35 18 20 12 49 98 42 206 
1 2 1 1 3 2 8 0 2 18 61 10 21 2 24 47 67 203 49 222 
0 1 0 0 0 0 10 4 8 17 26 59 44 24 10 37 38 103 27 299 
0 1 1 3 6 4 5 2 2 19 30 36 14 34 16 28 147 236 50 426 
0 1 0 1 2 1 6 0 0 14 49 28 14 10 35 83 134 188 67 481 
1 0 0 1 1 0 7 0 14 7 22 24 5 22 35 26 92 211 97 537 
0 1 1 4 1 1 15 0 6 10 39 42 26 19 19 24 195 156 80 425 
2 0 0 2 1 0 5 3 5 5 35 80 51 18 46 60 211 186 167 567 
0 3 1 5 1 1 9 3 12 27 34 47 38 12 42 44 169 258 93 348 
0 2 3 4 1 0 5 1 10 24 21 92 27 38 32 46 281 320 89 216 
0 0 4 1 3 3 13 1 5 19 31 74 24 23 35 32 102 165 250 238 
1 2 2 10 1 4 15 4 14 30 34 86 31 26 66 36 374 126 61 141 
0 0 1 6 1 1 7 4 4 17 23 121 28 44 59 76 321 226 209 198 
0 0 0 4 1 8 6 2 14 48 15 200 9 49 49 100 91 154 110 269 
1 1 1 2 2 3 5 2 3 37 22 234 44 11 29 141 169 187 26 236 
2 0 0 5 0 1 2 0 9 9 29 166 29 48 59 35 103 79 122 165 
0 0 0 3 0 1 3 2 3 26 38 141 39 34 61 90 152 165 101 304 
1 0 3 4 1 3 8 1 2 24 48 172 62 40 47 58 222 111 85 484 
1 1 1 1 0 1 8 9 4 19 14 170 46 30 142 133 194 284 85 345 
0 1 0 0 0 3 5 8 8 22 36 255 71 32 49 77 130 248 212 146 
1 0 2 1 1 3 7 11 4 27 71 162 67 28 85 54 269 185 92 109 
0 1 1 5 0 3 6 25 1 19 139 151 102 12 40 61 60 349 143 134 
1 0 0 0 0 6 2 16 5 11 76 186 74 48 62 57 312 290 149 199 
1 4 4 3 1 4 3 10 3 19 82 161 52 32 46 161 381 278 137 263 
1 1 1 1 0 1 2 28 0 9 149 45 21 46 40 40 135 284 341 165 
1 1 1 0 1 5 1 9 3 5 125 186 58 54 67 133 295 380 189 340 
0 1 2 5 0 3 4 7 5 11 42 95 95 109 37 135 125 436 172 485 
0 0 0 6 2 3 2 8 3 11 136 72 47 52 63 133 97 270 162 609 
0 0 0 4 0 1 4 8 2 5 129 66 36 69 83 131 181 90 161 148 
0 1 1 2 0 5 3 7 3 3 146 43 38 36 45 98 113 59 105 426 
0 2 0 1 1 0 2 4 3 9 93 60 33 22 44 78 63 41 143 367 
0 0 0 0 0 5 2 2 3 1 111 45 57 35 25 73 73 79 132 160 
0 0 2 0 0 3 0 5 6 2 28 25 32 19 57 59 29 45 76 209 
0 0 2 1 0 0 2 3 1 3 22 46 24 23 42 81 52 72 50 196 
0 0 1 1 1 0 0 8 0 1 34 16 21 14 30 37 37 43 35 100 
0 0 0 0 2 5 2 1 1 4 21 20 10 7 31 30 27 37 73 130 
0 0 0 0 0 1 0 4 0 1 19 47 20 25 17 51 15 80 91 316 
1 1 1 0 1 3 0 1 2 9 24 8 39 13 27 43 19 93 47 179 
1 2 0 0 0 2 0 2 2 14 54 22 15 32 58 115 31 95 197 409 
1 0 0 0 0 0 0 4 1 15 12 18 36 26 14 130 37 117 67 348 
0 1 0 0 0 3 1 1 5 12 15 12 29 59 29 146 56 88 429 461 
0 0 0 1 0 3 1 3 9 15 42 20 43 40 25 95 71 166 194 335 
0 0 0 2 1 3 0 3 5 14 33 12 35 59 63 124 26 65 186 488 
0 0 1 1 1 6 4 4 4 25 74 22 39 23 20 394 81 97 96 274 
0 0 0 2 0 6 0 2 7 18 49 24 65 24 81 257 80 90 366 559 
1 1 0 1 1 0 3 1 2 4 103 47 51 41 51 223 70 232 691 321 
1 0 0 4 0 4 0 0 13 17 132 13 40 108 104 194 104 251 402 346 
1 0 4 1 2 3 0 7 4 37 93 49 76 66 115 143 136 282 337 399 
