50 76 
47 38 
33 43 
19 90 
33 71 
44 81 
47 32 
19 35 
19 44 
14 39 
11 59 
17 45 
7 67 
5 41 
10 38 
4 17 
9 14 
1 12 
3 18 
0 20 
1 19 
1 6 
0 12 
0 18 
0 6 
0 19 
0 14 
0 7 
0 8 
0 9 
0 6 
1 3 
0 4 
0 3 
0 4 
1 0 
0 0 
1 0 
0 10 
0 6 
0 9 
3 6 
0 3 
0 23 
0 3 
0 1 
0 5 
0 4 
0 7 
0 15 
0 7 
0 19 
2 18 
0 12 
1 7 
1 14 
0 30 
0 45 
0 15 
0 41 
0 12 
0 41 
1 53 
0 46 
0 47 
0 43 
1 37 
1 149 
0 160 
0 79 
0 129 
0 139 
0 182 
0 180 
0 567 
1 157 
0 323 
0 284 
1 267 
0 355 
1 883 
0 1070 
0 559 
0 337 
1 968 
1 1175 
0 526 
0 400 
1 78 
0 358 
0 709 
0 563 
0 713 
1 717 
0 778 
0 770 
0 404 
0 593 
0 1085 
1 472 
0 1408 
2 2488 
0 2050 
0 1879 
2 1706 
0 1803 
0 2644 
2 2729 
1 1763 
1 3379 
1 2034 
1 2029 
0 4096 
0 1997 
1 1560 
2 3157 
0 1465 
0 2072 
0 1146 
1 1057 
2 1421 
0 818 
0 703 
3 605 
0 375 
1 1070 
1 475 
0 138 
1 629 
0 331 
1 608 
1 442 
0 680 
1 309 
0 445 
0 137 
1 222 
0 283 
1 151 
0 87 
1 63 
0 27 
1 77 
0 69 
2 98 
0 102 
2 101 
0 115 
0 46 
0 84 
0 46 
0 72 
0 45 
0 52 
1 35 
1 36 
0 37 
0 27 
0 15 
1 13 
0 7 
1 10 
0 32 
0 18 
0 12 
0 25 
0 26 
0 16 
0 46 
0 28 
0 38 
0 49 
0 52 
0 47 
0 23 
1 11 
0 36 
3 118 
1 29 
0 19 
0 19 
3 38 
0 44 
0 58 
0 24 
0 41 
1 39 
0 48 
1 35 
0 15 
0 24 
0 43 
1 33 
1 41 
1 60 
0 47 
0 105 
0 122 
0 108 
0 240 
0 99 
0 215 
0 208 
0 180 
0 317 
0 337 
0 397 
1 624 
1 173 
0 851 
2 1318 
0 1470 
1 4201 
1 1771 
0 3558 
0 3403 
2 2011 
0 12467 
0 6354 
0 6904 
0 5031 
1 3716 
0 5341 
0 1501 
1 1594 
0 1258 
0 815 
1 947 
0 804 
0 745 
0 542 
1 513 
0 339 
0 199 
0 126 
0 213 
0 121 
2 74 
0 51 
1 43 
2 27 
0 38 
0 32 
2 17 
0 15 
0 6 
0 5 
0 13 
0 33 
1 14 
0 12 
0 13 
0 3 
1 11 
0 11 
2 18 
0 17 
0 25 
1 36 
0 21 
0 33 
0 17 
3 45 
0 30 
0 47 
0 73 
1 49 
0 39 
1 46 
0 58 
0 27 
0 37 
1 41 
0 64 
0 24 
0 44 
0 21 
2 61 
2 44 
0 30 
0 55 
0 22 
0 44 
0 79 
0 68 
2 94 
0 33 
1 59 
0 71 
1 51 
0 67 
0 63 
0 74 
0 10 
0 84 
0 27 
0 21 
2 16 
1 41 
0 46 
1 26 
0 68 
0 43 
1 48 
2 32 
0 33 
0 15 
0 199 
0 197 
3 107 
1 210 
0 194 
0 244 
0 237 
1 285 
0 467 
2 298 
1 274 
1 371 
2 488 
0 632 
1 1100 
0 1697 
0 2774 
1 1221 
0 1546 
0 1122 
0 1235 
0 380 
2 549 
1 1389 
0 878 
0 319 
0 731 
0 1104 
0 541 
0 334 
0 235 
0 524 
0 626 
1 767 
0 696 
0 842 
0 867 
0 369 
0 128 
0 121 
0 67 
0 141 
0 103 
0 71 
1 121 
2 135 
0 227 
1 167 
0 191 
0 281 
0 150 
0 227 
0 167 
0 182 
0 280 
1 264 
0 352 
0 521 
3 344 
1 422 
1 558 
0 563 
2 377 
1 692 
0 747 
0 506 
0 732 
0 679 
1 972 
0 863 
0 1311 
0 792 
0 812 
0 419 
0 262 
0 356 
0 861 
0 537 
0 594 
0 418 
1 734 
1 579 
0 574 
0 983 
0 1042 
0 608 
0 345 
2 568 
1 579 
0 569 
0 416 
0 331 
2 370 
0 513 
0 530 
0 232 
0 419 
1 172 
0 243 
1 279 
2 291 
1 556 
1 782 
0 774 
0 654 
0 439 
0 1058 
1 432 
0 715 
0 858 
0 1329 
0 1538 
0 760 
0 1868 
0 748 
0 3232 
0 1608 
0 1342 
1 2116 
0 865 
0 726 
1 383 
0 357 
0 518 
0 912 
0 297 
1 348 
0 421 
0 416 
0 101 
1 279 
0 423 
0 441 
0 163 
0 118 
1 225 
1 133 
0 128 
0 183 
0 80 
0 104 
1 149 
0 79 
1 83 
1 71 
0 28 
0 77 
0 41 
0 63 
0 89 
0 13 
1 95 
1 28 
1 46 
2 31 
0 49 
0 120 
0 102 
0 45 
2 42 
1 58 
0 41 
0 40 
0 55 
0 47 
0 89 
2 67 
0 109 
1 127 
0 205 
2 141 
0 237 
1 241 
1 483 
0 186 
0 125 
0 52 
0 102 
0 55 
0 128 
0 101 
0 133 
0 93 
1 92 
0 157 
0 88 
0 171 
1 146 
0 108 
1 110 
1 35 
0 57 
1 58 
0 123 
0 115 
0 133 
0 64 
0 75 
2 81 
2 68 
0 73 
0 105 
0 288 
0 217 
0 184 
1 120 
0 191 
0 158 
2 241 
0 360 
0 143 
0 445 
0 308 
0 251 
0 547 
0 460 
1 683 
0 347 
3 1282 
0 1045 
0 959 
0 919 
0 1563 
0 799 
0 1705 
1 1950 
0 4080 
1 1904 
0 2188 
0 3632 
1 4821 
0 1778 
0 1185 
0 932 
0 569 
1 1279 
1 851 
0 764 
2 1158 
0 869 
0 351 
0 413 
0 486 
0 531 
0 97 
0 267 
0 210 
0 239 
0 76 
3 121 
0 20 
1 100 
1 79 
0 35 
0 32 
0 30 
2 72 
0 93 
0 45 
0 119 
1 160 
1 88 
0 92 
0 118 
1 164 
0 90 
0 105 
0 134 
0 67 
0 54 
0 123 
1 82 
0 149 
0 100 
0 104 
0 62 
0 187 
0 144 
0 181 
1 218 
2 255 
1 239 
0 245 
0 223 
0 132 
0 101 
2 82 
0 89 
0 157 
0 74 
0 201 
1 148 
0 85 
1 78 
0 30 
0 183 
1 29 
1 66 
0 101 
0 80 
0 25 
1 61 
2 44 
0 35 
0 34 
0 22 
0 39 
0 65 
0 68 
0 78 
2 43 
0 83 
2 51 
0 57 
1 77 
0 134 
1 110 
0 220 
0 411 
1 311 
0 364 
0 373 
0 535 
0 475 
0 314 
0 812 
0 425 
0 681 
0 278 
0 1061 
0 681 
0 1133 
2 861 
0 699 
0 1811 
0 935 
0 442 
0 560 
2 777 
1 617 
0 657 
2 315 
0 1487 
0 1550 
1 963 
1 1009 
0 816 
1 1774 
2 2018 
0 1936 
0 1452 
0 379 
2 432 
0 750 
1 548 
1 442 
0 739 
0 814 
2 1145 
1 609 
1 606 
0 1440 
0 734 
1 974 
0 1139 
0 1097 
1 1385 
0 1481 
0 272 
0 546 
0 450 
2 302 
0 414 
0 431 
1 515 
0 554 
0 299 
0 140 
2 222 
0 194 
1 409 
0 431 
1 123 
0 117 
1 101 
0 300 
0 224 
0 253 
0 367 
1 256 
0 205 
0 210 
0 504 
0 137 
0 92 
0 302 
1 225 
1 374 
0 281 
2 209 
0 175 
0 133 
0 55 
1 44 
1 65 
0 70 
0 55 
1 33 
0 45 
1 70 
0 88 
0 33 
0 37 
1 64 
0 144 
2 155 
0 136 
0 153 
1 213 
0 218 
0 176 
0 310 
0 53 
1 210 
0 96 
1 111 
1 191 
0 206 
0 349 
0 379 
0 368 
0 350 
1 1111 
0 540 
0 903 
0 710 
0 376 
1 1062 
1 1128 
1 502 
0 727 
2 1281 
1 803 
0 1857 
0 2171 
0 2642 
0 806 
0 4248 
0 1707 
1 3112 
0 686 
1 1281 
1 1449 
1 2268 
0 1772 
1 1608 
0 745 
2 677 
0 559 
0 335 
0 282 
0 415 
2 774 
0 296 
0 621 
0 496 
1 421 
2 256 
0 353 
0 103 
1 237 
2 286 
0 81 
1 84 
0 103 
1 72 
0 142 
0 51 
0 108 
0 41 
0 27 
1 26 
1 58 
0 23 
0 18 
0 21 
0 12 
0 24 
0 7 
0 23 
2 12 
1 12 
0 4 
0 6 
0 7 
0 10 
0 21 
0 5 
0 14 
0 51 
0 44 
0 58 
0 163 
0 116 
1 142 
0 141 
1 59 
1 66 
1 49 
0 68 
1 34 
2 60 
2 70 
0 54 
0 47 
0 107 
0 53 
2 83 
0 145 
0 196 
0 154 
0 147 
0 262 
1 282 
1 430 
