13 532 
19 511 
9 523 
6 720 
9 904 
13 401 
37 788 
41 739 
4 1572 
42 1518 
26 1893 
31 1348 
27 2586 
36 2095 
41 1791 
156 1095 
68 1235 
84 763 
34 1165 
25 1182 
34 756 
19 945 
23 1596 
8 710 
4 461 
2 1746 
12 925 
9 453 
10 297 
11 1092 
6 287 
7 370 
0 317 
5 274 
4 66 
5 200 
5 167 
3 178 
4 188 
1 146 
1 80 
0 178 
1 208 
2 129 
2 75 
1 75 
2 143 
1 236 
2 164 
6 197 
3 336 
3 277 
3 306 
3 629 
3 160 
3 399 
1 727 
2 632 
3 786 
3 419 
1 358 
0 738 
1 547 
2 872 
2 887 
1 963 
3 730 
4 499 
8 311 
1 1033 
3 294 
2 924 
4 463 
6 324 
3 558 
7 731 
0 523 
4 488 
3 449 
3 354 
7 142 
6 123 
3 270 
1 181 
2 76 
2 61 
3 36 
6 25 
2 65 
0 104 
1 58 
0 28 
1 158 
1 65 
8 108 
5 239 
5 232 
2 298 
3 516 
0 392 
2 281 
2 331 
0 776 
10 725 
2 507 
1 700 
2 511 
2 265 
6 396 
4 718 
9 858 
15 1036 
20 1501 
30 389 
20 1323 
5 733 
43 1981 
33 1835 
48 1815 
46 1094 
39 1851 
19 371 
17 474 
13 338 
34 1335 
29 585 
11 423 
20 770 
16 719 
44 418 
16 478 
14 489 
13 472 
37 275 
9 170 
13 125 
9 141 
9 393 
3 159 
7 134 
9 132 
3 161 
4 221 
9 226 
11 423 
13 508 
3 391 
4 783 
12 1920 
11 1488 
15 1855 
9 973 
15 2210 
21 2619 
31 2641 
11 3259 
29 4567 
12 1577 
16 1546 
10 1741 
12 987 
10 2119 
11 1656 
32 827 
10 1804 
17 1291 
28 872 
10 794 
24 939 
14 561 
9 383 
4 459 
1 448 
1 238 
1 245 
3 130 
12 132 
0 48 
9 55 
4 30 
7 56 
1 17 
7 58 
6 36 
5 33 
1 14 
9 51 
3 24 
0 27 
2 15 
1 46 
3 38 
1 14 
0 52 
1 27 
4 24 
1 20 
3 52 
1 19 
3 49 
5 8 
0 46 
4 31 
10 29 
8 33 
4 51 
6 25 
8 53 
5 18 
10 28 
9 18 
10 34 
7 157 
7 60 
12 102 
9 58 
6 139 
22 113 
10 91 
6 97 
13 104 
29 191 
17 175 
34 408 
26 302 
22 208 
28 130 
17 209 
38 376 
33 224 
55 87 
44 324 
27 473 
16 236 
30 511 
17 860 
12 247 
12 376 
11 1442 
9 614 
6 320 
3 376 
5 188 
2 664 
0 329 
2 223 
2 164 
1 400 
0 690 
1 309 
0 346 
1 692 
1 832 
2 964 
0 1040 
2 1685 
0 1343 
5 1823 
3 284 
2 1372 
1 447 
2 1281 
1 1174 
2 1320 
4 1103 
1 2269 
1 1187 
3 2488 
0 3004 
0 1270 
5 1639 
3 612 
0 514 
3 756 
6 1069 
2 872 
10 1326 
0 783 
2 489 
6 554 
8 502 
6 459 
6 509 
9 275 
10 245 
2 286 
6 114 
6 100 
5 117 
0 170 
1 109 
2 149 
6 101 
6 63 
4 80 
2 100 
6 90 
19 22 
7 31 
9 35 
9 42 
11 28 
12 63 
27 112 
19 92 
22 67 
8 26 
20 67 
29 53 
34 26 
37 70 
16 166 
11 228 
33 74 
13 109 
12 166 
19 97 
12 257 
12 183 
18 209 
12 349 
7 433 
20 608 
34 474 
26 555 
19 857 
29 898 
36 612 
15 516 
11 777 
25 1112 
11 1939 
9 3360 
10 1313 
13 2080 
10 1499 
15 3682 
13 1503 
9 2117 
2 1887 
5 2706 
4 2092 
2 635 
0 384 
0 510 
0 544 
1 617 
1 447 
3 256 
0 199 
0 164 
0 224 
0 163 
0 252 
0 334 
0 187 
1 246 
0 301 
1 191 
4 349 
1 455 
2 455 
2 238 
1 173 
1 442 
2 174 
1 277 
1 226 
11 544 
3 840 
3 458 
4 867 
5 1367 
5 474 
18 524 
6 663 
4 189 
5 193 
10 341 
11 245 
8 699 
8 313 
8 525 
2 385 
4 758 
2 363 
3 775 
3 600 
2 672 
2 932 
0 607 
3 505 
2 467 
0 616 
1 554 
0 436 
2 126 
1 116 
2 110 
5 82 
3 78 
2 66 
0 65 
2 69 
2 124 
1 122 
1 77 
1 56 
1 54 
1 54 
0 96 
0 51 
0 96 
0 11 
0 80 
0 81 
0 63 
2 80 
1 90 
0 73 
0 161 
0 285 
2 167 
3 240 
0 158 
2 621 
7 213 
1 266 
4 268 
1 229 
2 205 
3 181 
3 131 
2 368 
2 195 
4 86 
4 274 
0 458 
1 662 
2 545 
0 958 
0 630 
3 699 
3 836 
3 977 
3 566 
6 408 
3 715 
5 233 
5 545 
0 259 
6 833 
8 375 
0 607 
9 464 
6 456 
13 602 
20 10 
34 996 
37 1015 
41 509 
35 641 
37 853 
21 607 
21 904 
19 945 
47 752 
17 1087 
33 1489 
7 729 
22 955 
23 4498 
28 1394 
24 4246 
25 1614 
15 1296 
17 1420 
7 587 
12 950 
13 1284 
17 1606 
17 1567 
13 684 
10 465 
15 920 
16 2271 
10 781 
9 1310 
5 809 
32 1327 
17 587 
7 518 
8 300 
12 257 
1 394 
3 411 
4 194 
4 109 
1 102 
1 170 
1 106 
1 80 
1 33 
0 25 
2 74 
0 40 
1 35 
1 21 
0 8 
1 2 
0 9 
0 15 
0 20 
0 13 
0 7 
1 9 
1 10 
0 10 
3 5 
0 5 
1 7 
0 1 
0 8 
2 4 
0 12 
0 11 
0 9 
0 0 
1 7 
0 13 
1 10 
0 8 
0 1 
0 6 
0 15 
0 10 
0 28 
1 6 
0 19 
1 10 
1 16 
1 27 
0 15 
3 16 
0 33 
0 23 
0 34 
1 99 
1 39 
1 65 
0 36 
0 55 
1 84 
0 114 
0 72 
0 91 
0 64 
0 60 
0 135 
0 177 
0 337 
1 445 
5 535 
1 494 
4 1131 
2 1321 
5 613 
6 834 
5 475 
18 891 
3 793 
5 2764 
0 1860 
23 815 
11 1053 
16 875 
6 1081 
28 1138 
22 891 
15 3834 
43 3689 
15 4934 
27 2683 
8 882 
51 3128 
23 1597 
34 1478 
15 3094 
36 1715 
49 834 
20 1135 
24 814 
8 502 
11 1143 
14 724 
14 505 
4 151 
3 261 
1 76 
3 74 
5 48 
6 109 
4 32 
7 65 
6 32 
6 24 
8 13 
2 3 
2 12 
0 7 
0 4 
3 3 
2 4 
1 3 
0 11 
0 6 
0 0 
0 5 
1 3 
0 5 
0 3 
0 3 
0 6 
0 2 
1 2 
0 4 
0 3 
1 2 
1 5 
0 2 
0 7 
0 9 
1 16 
1 11 
2 4 
0 3 
0 4 
0 12 
1 8 
0 2 
0 21 
1 5 
2 4 
2 9 
1 5 
1 9 
0 12 
0 11 
0 8 
0 21 
1 8 
1 11 
0 3 
0 11 
1 19 
0 23 
0 14 
0 10 
0 15 
0 15 
0 23 
0 30 
1 19 
1 39 
0 14 
0 23 
0 26 
2 30 
0 46 
0 45 
0 63 
0 99 
1 112 
0 69 
0 164 
0 336 
0 126 
1 285 
3 371 
0 275 
0 454 
5 380 
3 648 
4 631 
6 898 
7 1546 
32 692 
20 2589 
37 2565 
33 4573 
45 2829 
48 4117 
46 4488 
69 3872 
24 1997 
48 2953 
47 1398 
40 2226 
36 1697 
20 703 
18 619 
9 551 
13 688 
12 444 
36 931 
32 417 
2 355 
13 267 
4 547 
4 217 
1 88 
0 276 
1 163 
0 109 
1 142 
1 20 
0 141 
0 47 
1 52 
0 64 
1 70 
0 96 
0 90 
1 32 
0 101 
1 71 
1 180 
1 54 
0 149 
0 70 
2 49 
0 79 
1 110 
0 52 
0 65 
1 76 
2 48 
0 157 
1 83 
0 53 
1 55 
1 25 
1 87 
0 38 
0 40 
1 78 
0 21 
1 39 
0 20 
0 28 
0 40 
1 49 
0 86 
0 25 
1 30 
0 38 
1 102 
1 66 
1 47 
2 83 
1 160 
1 48 
0 65 
1 73 
0 81 
0 70 
1 20 
0 45 
0 61 
0 84 
0 154 
0 105 
0 126 
0 125 
2 105 
0 246 
1 297 
3 78 
0 254 
0 368 
1 529 
1 430 
0 350 
0 266 
0 104 
0 371 
0 458 
0 732 
0 467 
3 853 
4 633 
5 396 
3 579 
19 528 
12 736 
34 1060 
22 1589 
26 428 
54 1027 
26 1056 
20 1431 
18 1441 
53 1696 
71 1339 
29 1971 
57 1428 
50 4099 
12 6170 
38 2364 
21 1926 
17 2140 
29 2576 
32 2667 
13 5043 
13 474 
4 2448 
11 934 
13 677 
6 604 
19 358 
14 649 
7 382 
13 376 
3 166 
2 260 
12 173 
11 285 
3 288 
10 391 
8 136 
1 346 
5 212 
