75 
50 
32 
66 
104 
62 
64 
62 
26 
32 
38 
42 
33 
40 
21 
32 
17 
33 
16 
18 
13 
19 
15 
28 
20 
19 
31 
40 
26 
40 
49 
10 
23 
13 
21 
14 
27 
14 
17 
11 
58 
60 
37 
24 
58 
24 
57 
80 
127 
49 
187 
77 
68 
82 
44 
90 
40 
89 
109 
170 
69 
121 
281 
180 
150 
72 
345 
224 
165 
242 
255 
252 
181 
349 
309 
339 
375 
216 
405 
366 
612 
440 
448 
706 
397 
972 
440 
338 
359 
214 
553 
450 
530 
768 
426 
638 
273 
499 
651 
654 
521 
894 
966 
770 
650 
683 
1210 
729 
2243 
1741 
4375 
2179 
3613 
2728 
3562 
3856 
1617 
720 
3442 
2340 
1182 
863 
959 
1448 
546 
257 
316 
508 
291 
95 
160 
221 
200 
192 
126 
128 
278 
226 
113 
100 
63 
125 
65 
244 
91 
279 
322 
369 
592 
679 
790 
791 
697 
741 
1674 
582 
781 
758 
1505 
744 
764 
1632 
284 
848 
737 
638 
897 
458 
721 
516 
772 
566 
596 
587 
388 
131 
130 
304 
215 
231 
193 
204 
397 
384 
444 
325 
226 
242 
151 
189 
352 
110 
95 
116 
130 
186 
417 
123 
27 
242 
151 
240 
231 
201 
323 
362 
299 
565 
469 
307 
140 
277 
373 
987 
216 
920 
798 
338 
562 
658 
877 
560 
1013 
1250 
1058 
1433 
816 
2200 
1264 
704 
890 
1580 
1213 
492 
1515 
1237 
749 
1827 
575 
1205 
667 
741 
558 
375 
622 
657 
1035 
761 
449 
417 
263 
643 
522 
344 
647 
508 
664 
549 
329 
662 
612 
467 
394 
275 
757 
723 
813 
464 
451 
1389 
518 
629 
787 
540 
263 
316 
418 
196 
293 
551 
185 
322 
112 
81 
401 
252 
84 
112 
170 
165 
136 
88 
53 
74 
21 
67 
74 
46 
21 
37 
58 
161 
72 
76 
85 
111 
102 
66 
109 
165 
158 
197 
287 
88 
267 
84 
226 
370 
301 
856 
1468 
692 
704 
682 
590 
1083 
1287 
812 
1046 
1923 
1347 
1630 
1592 
5443 
2073 
3438 
1003 
3564 
873 
1431 
1792 
1217 
1002 
592 
159 
147 
134 
79 
138 
43 
45 
42 
38 
13 
64 
39 
71 
25 
66 
37 
25 
47 
21 
42 
45 
9 
18 
17 
61 
32 
39 
21 
21 
46 
17 
23 
4 
13 
9 
17 
4 
6 
6 
6 
2 
4 
10 
26 
11 
16 
8 
9 
22 
24 
38 
34 
28 
16 
17 
39 
19 
11 
20 
67 
90 
140 
159 
121 
103 
77 
73 
47 
76 
206 
183 
226 
233 
268 
156 
84 
115 
142 
230 
399 
185 
383 
687 
574 
477 
345 
1767 
1644 
1583 
2069 
902 
1620 
833 
2261 
1028 
1210 
1911 
1740 
1372 
1689 
734 
2208 
1788 
943 
1548 
743 
1096 
243 
190 
602 
203 
393 
307 
234 
263 
568 
160 
342 
197 
566 
235 
653 
226 
268 
178 
174 
67 
143 
92 
41 
314 
121 
132 
176 
99 
140 
208 
185 
317 
78 
78 
77 
40 
43 
125 
68 
82 
54 
61 
80 
53 
79 
96 
123 
102 
178 
120 
247 
263 
149 
158 
63 
90 
185 
161 
300 
328 
226 
305 
350 
213 
594 
991 
622 
565 
918 
226 
521 
911 
551 
394 
457 
212 
165 
350 
346 
517 
253 
292 
376 
308 
599 
380 
441 
263 
434 
586 
263 
413 
659 
456 
1639 
2251 
855 
2747 
2005 
4724 
1449 
2210 
2588 
1625 
1286 
1051 
377 
478 
385 
388 
280 
376 
413 
344 
277 
699 
348 
484 
331 
379 
346 
594 
163 
211 
324 
121 
171 
174 
167 
222 
98 
257 
155 
258 
161 
99 
251 
302 
154 
108 
86 
130 
80 
68 
54 
64 
91 
140 
103 
156 
274 
188 
222 
137 
171 
96 
74 
64 
26 
93 
68 
74 
149 
74 
299 
232 
552 
387 
442 
453 
628 
706 
595 
272 
340 
166 
138 
262 
326 
485 
276 
257 
220 
247 
336 
120 
316 
186 
183 
244 
356 
95 
221 
207 
214 
128 
282 
295 
394 
186 
138 
176 
211 
450 
650 
419 
576 
118 
704 
690 
425 
273 
212 
614 
393 
360 
510 
651 
610 
830 
2161 
4289 
2368 
1668 
2337 
2617 
2058 
1776 
907 
2365 
2962 
755 
1329 
1277 
1555 
1769 
869 
933 
521 
1433 
1208 
624 
825 
274 
480 
626 
602 
473 
374 
443 
97 
195 
277 
111 
50 
169 
87 
97 
20 
92 
23 
8 
27 
19 
12 
12 
9 
13 
15 
20 
8 
7 
21 
7 
17 
24 
6 
25 
9 
25 
14 
10 
22 
5 
13 
6 
41 
8 
17 
41 
23 
77 
138 
124 
163 
83 
151 
166 
196 
107 
76 
110 
137 
52 
243 
157 
193 
112 
219 
156 
652 
320 
422 
415 
153 
248 
295 
372 
296 
459 
401 
327 
534 
894 
146 
485 
731 
840 
930 
697 
2448 
1269 
1927 
3818 
1318 
1991 
2552 
2104 
6028 
4676 
3413 
1714 
2030 
3241 
2067 
969 
2632 
477 
358 
796 
624 
509 
284 
225 
171 
302 
200 
94 
142 
124 
48 
42 
37 
36 
44 
49 
2 
5 
13 
15 
13 
1 
10 
7 
7 
8 
4 
13 
2 
0 
7 
