0 2 0 1 0 5 1 0 39 49 39 89 157 562 744 488 461 78 68 240 
2 0 2 1 1 3 2 0 16 49 45 88 103 323 568 189 394 45 122 286 
0 1 0 0 1 2 8 0 24 82 73 60 87 177 285 124 363 85 124 278 
0 0 0 0 0 1 2 1 63 76 48 87 51 258 202 224 401 69 130 170 
2 0 0 0 1 0 3 2 91 125 75 60 61 76 232 207 233 146 55 147 
0 0 1 1 0 1 1 2 91 44 41 29 25 98 138 229 224 144 91 257 
1 1 0 0 0 0 3 0 141 67 47 18 22 62 104 219 152 138 94 204 
1 1 1 0 0 0 3 0 80 59 72 29 12 63 77 107 145 111 52 221 
0 1 1 1 0 0 1 1 166 53 107 30 7 28 84 105 108 106 63 113 
2 0 0 0 0 0 6 2 102 19 141 16 9 43 47 93 137 113 116 111 
0 1 1 1 0 0 5 0 84 70 118 41 3 39 49 164 130 138 59 145 
1 0 0 0 0 1 10 0 95 45 163 34 3 20 6 193 64 99 75 217 
0 0 0 1 2 3 2 0 106 21 194 18 6 19 30 185 93 171 73 171 
1 0 0 0 1 0 1 2 82 26 307 10 3 16 21 173 41 155 85 209 
4 0 1 0 0 1 3 0 78 27 179 12 1 15 6 117 20 267 91 111 
7 0 0 0 0 2 0 0 36 19 106 13 1 4 8 38 55 145 77 210 
6 0 0 1 0 0 1 0 39 22 92 7 4 6 2 99 13 269 44 151 
23 0 1 0 2 0 0 1 24 22 201 0 1 4 6 81 20 401 68 363 
23 0 0 0 0 0 0 1 19 9 187 4 4 3 3 124 15 258 104 307 
29 0 2 1 1 0 1 0 5 24 182 7 4 9 5 129 11 325 56 247 
18 0 0 1 0 0 1 1 14 12 156 5 2 9 7 152 10 200 80 194 
6 1 0 1 1 2 3 1 17 12 121 2 0 4 3 216 13 102 61 239 
3 2 0 1 0 2 6 1 17 30 136 5 1 1 5 207 18 141 65 358 
3 0 0 0 0 0 1 0 11 7 76 4 2 4 1 129 10 108 56 372 
2 0 1 0 0 1 11 1 9 11 72 6 1 0 2 96 11 54 74 439 
2 2 0 0 1 1 9 0 10 13 72 7 0 1 4 68 12 88 120 431 
3 1 0 0 0 2 8 2 8 7 42 5 1 4 2 44 4 97 75 617 
0 1 1 0 0 0 11 0 1 7 38 9 6 2 5 43 4 161 95 295 
0 1 0 0 0 0 8 3 8 9 24 22 3 3 1 46 19 103 53 424 
0 0 1 0 1 0 11 2 15 7 20 10 4 2 2 52 14 78 111 340 
2 0 0 0 0 1 9 0 9 8 24 9 4 3 0 34 4 76 88 137 
0 0 1 0 0 0 5 1 4 5 14 6 1 0 1 18 2 47 61 411 
0 0 1 0 0 0 4 0 1 7 6 1 4 0 3 16 6 41 101 246 
1 0 0 0 0 1 1 2 3 1 6 5 2 0 2 10 5 29 113 173 
0 0 1 0 1 0 3 0 0 2 0 6 4 2 5 13 2 26 131 140 
1 0 1 2 0 0 1 2 0 1 0 4 3 1 2 3 2 18 71 210 
1 0 0 0 0 0 1 1 0 0 1 3 1 0 6 1 0 24 73 174 
0 0 0 2 0 0 0 1 0 1 1 2 1 2 4 1 2 19 75 251 
0 0 0 0 0 0 2 0 1 2 3 4 6 0 0 6 0 42 100 427 
0 0 1 0 0 1 4 0 1 4 1 5 2 1 3 6 0 70 38 219 
2 0 0 0 2 0 3 0 0 2 2 3 1 3 8 5 0 104 144 266 
0 0 0 0 1 1 4 1 0 2 0 0 0 2 6 7 7 52 362 439 
0 0 0 0 2 0 1 0 0 1 0 1 2 4 5 4 6 94 337 381 
1 0 0 3 0 0 2 0 2 0 3 2 5 1 4 6 4 75 156 315 
2 0 0 2 0 0 1 0 0 2 4 0 5 1 0 6 5 139 198 309 
0 0 0 0 0 0 1 0 0 1 8 3 10 4 3 7 4 99 214 461 
1 1 1 0 1 0 0 1 0 7 14 2 12 2 3 4 9 138 285 332 
0 1 1 0 0 2 2 0 0 3 9 9 12 1 0 5 8 72 328 262 
1 1 0 0 1 0 1 0 0 0 16 8 11 3 5 13 4 146 299 371 
0 0 0 0 1 0 1 0 0 17 16 4 10 5 2 7 8 358 291 245 
2 0 2 2 0 1 1 0 1 22 25 6 3 7 8 5 11 459 254 168 
0 0 2 0 1 0 0 1 0 14 8 0 7 13 26 6 10 535 299 524 
0 0 0 0 0 0 2 0 0 10 13 4 3 8 3 1 18 375 474 423 
0 0 2 0 1 0 2 0 6 15 9 6 15 1 7 6 14 429 303 259 
0 0 5 0 0 0 3 0 0 6 33 16 16 2 5 4 26 213 209 409 
0 0 1 0 1 4 2 0 0 16 23 22 26 0 9 6 27 351 419 605 
1 0 1 0 1 0 1 2 0 10 53 27 19 3 10 22 46 223 695 958 
0 0 4 0 2 0 0 1 0 12 51 37 28 7 22 17 47 281 661 690 
0 1 4 2 1 0 0 8 0 11 60 39 50 11 11 29 72 314 540 617 
0 0 3 1 3 0 0 0 0 11 22 34 31 15 41 14 44 316 1024 540 
1 0 2 0 1 2 0 1 0 13 53 38 24 27 31 32 69 274 333 662 
0 0 2 1 0 0 1 4 2 8 51 27 24 14 64 41 40 179 796 626 
2 0 3 0 0 0 1 1 0 14 23 16 40 9 49 34 49 180 559 758 
1 0 0 1 1 0 0 7 0 11 40 34 35 18 51 40 35 205 389 930 
1 0 0 0 1 1 1 7 1 11 39 31 15 26 67 83 36 274 431 1872 
0 0 0 3 1 0 0 10 0 44 20 50 17 9 59 72 111 257 299 893 
0 0 0 1 0 2 0 4 3 34 46 33 10 19 74 141 86 234 293 658 
0 0 2 0 2 0 1 5 4 55 44 39 14 23 106 52 54 210 271 1333 
0 1 1 4 2 0 0 7 5 34 39 25 28 13 44 43 57 174 135 504 
0 1 0 4 6 1 1 2 2 26 35 11 17 8 92 54 37 148 199 1209 
2 0 0 8 2 0 0 17 4 32 71 17 24 21 77 35 39 202 164 381 
1 0 1 6 1 0 2 8 4 50 68 12 14 18 78 60 42 119 178 684 
0 1 0 1 1 1 8 5 2 71 74 16 9 10 116 59 48 191 136 1211 
2 0 2 2 9 1 7 2 0 59 104 15 23 13 127 186 93 100 135 1270 
0 0 1 4 10 2 1 0 0 74 97 19 32 24 160 166 141 93 106 1335 
0 0 0 5 16 1 10 0 5 55 110 17 20 4 115 174 91 168 76 658 
0 0 0 2 19 0 5 0 2 37 88 25 22 16 232 118 177 55 130 1016 
0 0 0 0 27 0 5 3 4 82 82 13 23 7 97 143 119 90 119 455 
0 1 0 4 21 0 10 3 5 104 84 39 42 12 232 192 87 65 226 744 
0 0 2 2 5 0 8 4 8 117 58 30 32 16 263 127 91 59 177 881 
0 0 0 9 18 1 0 10 9 137 43 42 34 16 263 125 105 71 102 481 
0 0 0 3 2 0 2 3 4 120 38 42 27 28 143 73 61 61 209 720 
1 0 0 1 3 1 5 5 2 58 51 49 14 13 229 113 116 37 63 543 
0 0 0 3 3 0 2 4 6 105 26 33 23 5 229 69 155 49 121 320 
0 0 0 5 5 1 4 8 6 69 32 39 13 8 172 36 98 37 75 221 
0 1 0 4 2 0 2 7 9 50 33 43 9 8 160 34 105 42 80 210 
0 1 1 8 2 0 0 4 3 40 13 31 15 3 129 35 56 29 29 120 
0 0 1 2 2 1 0 8 5 35 25 20 3 10 106 31 75 20 35 203 
1 0 0 3 0 1 0 3 1 23 16 9 2 6 61 15 45 21 27 76 
0 0 0 2 3 1 13 8 0 16 9 16 8 4 81 71 29 30 27 137 
2 1 0 1 1 0 13 10 5 23 18 22 6 5 80 85 63 8 58 212 
0 0 0 8 1 0 10 5 6 17 24 52 22 14 88 64 79 20 28 134 
0 1 1 2 0 0 12 23 9 29 36 63 24 7 193 109 104 25 47 217 
0 0 0 2 0 2 17 13 19 27 43 180 22 23 104 96 162 18 37 342 
0 0 0 0 0 0 12 35 25 37 32 182 56 41 176 195 169 43 96 341 
0 0 1 3 1 3 11 49 11 36 21 111 79 52 114 173 348 38 69 731 
1 0 0 0 0 0 5 33 31 36 23 134 72 36 175 155 173 27 43 310 
0 0 0 0 1 1 22 89 26 66 26 105 58 53 144 342 287 25 84 490 
1 0 1 1 0 8 20 82 27 41 28 193 62 48 182 210 400 44 146 351 
1 1 1 0 0 21 26 144 18 67 56 164 74 47 134 278 325 49 190 600 
0 1 0 0 0 65 33 125 17 144 24 128 60 64 122 182 308 67 243 296 
0 1 0 0 0 48 23 121 26 107 78 323 71 50 349 563 488 116 237 540 
0 1 1 1 2 40 21 69 20 152 117 267 53 139 193 535 574 95 372 1046 
1 0 0 1 1 43 16 58 16 122 78 240 105 105 227 563 240 198 233 1011 
1 0 1 1 1 45 2 32 20 62 69 184 117 81 297 352 284 181 278 617 
1 0 0 0 0 54 11 45 34 89 69 221 127 182 308 491 273 168 377 896 
1 0 0 0 0 49 4 17 31 120 95 253 112 155 191 328 305 245 406 815 
0 6 0 1 0 25 8 11 70 238 71 326 135 253 218 648 305 307 743 1572 
0 1 0 0 0 30 11 12 53 193 84 337 364 228 325 797 340 128 822 867 
0 3 0 0 1 11 8 7 35 179 176 340 142 335 201 701 210 353 837 955 
2 0 0 0 0 14 1 0 31 116 236 282 231 365 195 450 374 290 691 789 
0 3 1 0 0 11 3 1 71 158 192 325 165 239 296 336 493 596 466 1415 
1 2 0 0 1 17 2 1 91 119 193 318 237 569 227 272 809 297 857 1900 
0 1 0 1 2 5 0 3 98 136 185 257 435 618 223 225 238 309 1110 1697 
0 0 0 2 0 5 2 1 32 169 237 259 274 820 229 482 436 809 503 1968 
0 0 2 1 4 3 1 2 56 109 164 196 220 827 142 245 594 830 632 1543 
0 1 0 0 4 4 2 9 44 207 281 219 232 780 78 117 788 550 507 1339 
0 0 1 3 6 1 0 6 26 101 178 128 300 393 175 180 491 1050 400 1272 
0 1 0 2 5 1 1 5 46 107 298 97 310 649 148 138 440 583 283 571 
0 0 0 0 4 2 1 4 17 81 122 82 241 353 90 112 220 954 265 651 
1 0 2 0 5 4 0 0 24 59 159 40 128 147 64 112 275 369 334 344 
2 1 1 1 8 1 0 3 5 65 130 59 109 234 57 62 176 279 203 477 
0 2 1 1 1 0 0 1 0 19 154 36 77 152 78 90 221 261 185 563 
0 0 0 0 4 2 1 0 2 24 165 28 104 169 70 38 158 178 177 393 
0 0 0 0 3 1 0 1 7 15 100 76 83 93 55 99 177 145 160 415 
1 0 1 0 8 0 0 0 2 30 87 50 101 76 96 67 84 224 240 341 
1 2 0 0 9 0 0 0 3 21 88 31 62 75 39 37 47 87 254 343 
0 0 1 0 7 0 0 0 9 18 101 32 101 32 50 41 83 105 352 137 
0 0 0 0 2 1 0 0 4 7 99 27 65 24 61 44 50 59 110 260 
1 1 0 0 4 1 0 0 4 27 45 20 76 18 53 48 50 38 122 88 
0 1 0 0 3 0 0 0 0 66 48 25 77 7 35 19 49 43 87 142 
1 0 0 1 1 0 1 1 1 29 69 15 66 5 26 21 41 17 93 140 
0 0 0 1 0 0 1 3 1 21 59 3 77 14 31 31 32 17 76 162 
1 0 0 2 1 0 2 0 3 44 31 7 36 3 20 23 43 21 76 94 
0 0 2 0 0 0 2 1 0 13 29 4 84 3 17 6 12 7 59 98 
0 0 0 0 3 0 0 0 0 6 36 9 30 2 11 16 10 5 43 50 
1 0 1 0 0 0 0 0 0 4 15 0 22 0 17 15 5 8 34 26 
0 0 1 1 0 0 0 1 0 4 15 3 16 0 10 8 10 11 46 30 
0 0 0 0 0 1 2 1 0 1 9 0 10 1 12 1 3 9 19 16 
0 2 0 0 0 0 1 0 0 0 5 0 8 0 4 4 1 8 21 18 
0 0 3 0 0 1 2 0 0 0 4 0 9 1 6 0 0 11 21 15 
0 1 0 0 0 0 1 1 0 0 10 0 9 0 21 1 1 3 30 23 
0 0 0 0 1 0 1 1 0 1 16 0 7 0 7 3 4 7 36 29 
0 0 0 0 0 1 1 2 0 1 19 0 13 0 5 5 5 5 33 28 
1 1 1 0 0 0 0 1 0 1 25 0 14 2 33 4 0 3 32 37 
0 0 0 0 0 0 0 0 0 0 25 0 19 0 19 4 3 8 32 56 
1 0 0 0 2 0 0 0 0 0 25 2 21 2 28 5 1 6 62 89 
1 0 0 0 0 0 1 1 0 0 16 0 10 2 37 6 1 10 19 79 
1 0 1 0 1 2 0 1 0 0 14 1 9 4 35 2 1 27 54 92 
2 1 0 0 0 0 0 0 0 0 20 3 12 1 19 5 0 19 58 42 
0 0 1 2 0 0 2 0 0 0 14 1 9 0 15 2 0 34 51 60 
0 0 0 2 0 1 1 0 0 1 18 2 9 0 23 6 1 29 41 90 
0 2 2 0 0 1 0 0 3 1 14 2 5 2 31 2 6 30 37 147 
0 1 0 0 0 0 2 0 9 1 16 2 12 1 47 5 6 22 86 184 
0 0 0 0 0 1 5 0 4 2 28 5 11 0 67 18 5 25 136 293 
0 0 0 0 0 1 2 2 4 5 21 3 11 3 49 11 16 28 41 252 
1 1 0 2 0 0 4 1 0 1 23 2 19 1 39 4 3 39 67 191 
2 1 0 0 0 0 5 0 1 4 22 0 8 2 46 4 9 22 63 309 
2 0 0 0 0 0 9 0 4 1 22 5 6 1 57 6 6 42 74 145 
0 0 0 0 0 0 15 0 3 3 25 8 5 0 77 4 8 106 87 251 
0 0 0 1 0 0 7 0 14 5 21 15 14 1 97 19 22 89 82 427 
0 1 0 1 0 0 8 0 12 11 23 16 8 0 130 21 32 176 151 525 
1 0 0 1 0 0 3 3 6 6 25 5 18 4 145 24 31 97 136 342 
0 0 2 1 0 2 11 0 8 17 33 10 39 1 182 19 33 189 331 627 
0 1 0 0 2 1 19 0 8 39 21 19 41 2 240 37 36 192 463 652 
0 1 1 1 2 1 25 0 6 36 23 13 34 12 76 21 54 173 532 483 
0 0 0 0 0 3 19 2 15 26 56 35 36 11 253 14 100 167 549 768 
1 0 0 0 0 3 11 1 15 68 59 40 67 13 254 42 82 345 1003 303 
0 1 0 0 0 3 31 0 67 84 76 34 46 8 381 23 108 217 755 649 
0 1 0 0 0 6 34 2 30 78 82 34 50 3 243 39 137 332 1271 915 
0 0 0 0 1 4 16 0 22 86 91 54 45 7 284 72 111 203 1265 946 
0 1 0 0 0 6 23 0 65 126 43 38 73 10 131 53 221 197 735 989 
0 1 0 0 1 3 3 1 16 92 70 50 73 22 223 70 146 188 721 1123 
0 0 1 0 0 2 5 0 17 78 81 61 48 27 186 82 75 178 430 1551 
0 1 2 1 1 1 3 1 14 95 82 100 106 31 99 145 173 114 384 857 
0 0 0 0 4 5 8 0 13 99 69 114 91 49 132 187 201 288 390 2790 
0 1 0 0 2 17 2 2 18 92 88 197 120 22 244 118 251 179 535 1159 
0 1 2 0 3 8 0 0 21 89 64 248 92 52 388 145 141 215 595 1277 
0 1 2 0 5 10 2 4 18 96 66 417 75 46 511 177 240 195 491 1174 
1 0 1 0 6 10 0 0 36 56 74 308 88 137 465 151 298 172 344 1097 
0 2 1 1 13 8 0 1 31 79 76 722 141 52 380 210 300 214 575 1094 
0 0 3 0 10 12 0 0 26 61 73 392 307 109 329 169 174 98 471 1691 
0 0 3 2 14 29 1 3 21 52 98 627 329 104 203 269 221 186 412 1593 
1 1 6 0 7 40 0 3 52 70 60 472 185 149 216 151 244 187 538 717 
2 0 6 0 4 28 2 4 21 107 61 344 461 200 221 218 220 207 416 1051 
1 0 4 0 4 21 0 1 18 143 86 454 280 149 89 161 213 129 234 530 
0 0 9 0 5 8 2 1 35 102 67 248 288 137 180 137 159 172 226 708 
1 0 2 0 8 12 0 1 44 38 123 132 245 135 69 163 110 106 114 916 
1 0 2 0 6 13 3 3 23 29 66 55 148 67 78 128 144 90 98 699 
0 0 5 0 7 11 0 0 16 40 45 39 103 31 47 77 38 80 70 517 
0 0 2 1 12 8 0 2 20 34 43 26 51 56 46 145 23 50 25 373 
2 1 0 1 0 3 0 3 9 42 29 23 39 31 32 99 36 20 15 396 
0 0 1 0 1 3 0 4 1 33 51 11 20 70 17 74 14 14 9 224 
1 0 0 0 3 4 0 11 5 15 31 8 41 47 35 132 32 37 13 351 
0 0 0 2 6 10 1 7 12 45 33 10 33 80 26 149 40 56 21 311 
1 0 0 0 9 17 0 4 9 60 57 8 47 125 6 85 80 60 26 331 
0 1 1 0 4 12 0 6 3 56 45 2 34 97 30 75 38 198 27 683 
0 0 0 0 2 28 0 21 4 80 75 3 33 89 20 103 120 449 40 1293 
0 0 1 0 2 13 0 11 5 37 59 2 80 125 17 153 56 228 31 656 
0 3 0 2 3 19 0 21 3 66 62 4 92 118 25 158 110 239 39 512 
0 4 0 1 0 18 0 27 2 85 86 5 95 123 79 183 161 190 32 751 
0 4 0 0 2 13 0 30 1 216 70 3 39 60 34 187 125 239 61 1189 
0 2 0 0 2 7 0 31 0 130 84 5 41 135 53 206 242 309 87 1528 
0 2 0 0 4 9 1 89 0 173 70 7 57 174 41 149 151 356 64 1379 
0 4 0 3 1 8 0 84 0 217 67 3 72 308 46 283 226 262 48 821 
0 8 0 0 3 10 0 85 6 182 111 6 112 634 25 371 225 484 50 1881 
1 8 0 1 4 19 0 142 2 273 107 16 115 436 62 497 389 283 61 1020 
0 13 0 4 2 8 0 123 1 192 160 16 113 449 55 328 164 268 49 917 
0 17 0 4 2 9 2 72 0 116 223 4 160 436 34 315 354 354 62 719 
0 12 0 10 3 9 0 75 0 82 128 10 86 807 26 229 236 330 42 508 
0 2 1 15 2 3 0 27 2 145 96 9 67 465 27 273 426 277 57 324 
1 4 0 35 11 7 0 40 1 136 157 13 68 581 46 173 239 365 70 575 
0 3 0 22 16 1 0 40 2 65 156 19 49 545 122 265 424 300 64 465 
0 1 1 44 7 5 0 13 0 95 207 17 92 327 81 194 560 305 208 394 
0 0 1 50 7 2 1 9 0 56 100 9 24 227 97 255 564 256 172 143 
0 1 0 37 9 0 0 5 2 75 192 16 53 219 73 130 635 112 158 297 
2 1 0 31 1 0 1 2 0 44 148 10 60 122 169 122 849 165 307 107 
0 4 1 19 9 1 0 0 0 49 153 4 46 62 176 171 659 138 156 168 
1 8 1 7 8 0 0 8 0 23 197 3 57 43 183 164 981 171 176 243 
0 5 1 6 11 0 0 2 1 41 204 19 46 69 85 202 632 172 101 238 
0 8 0 7 7 0 0 0 0 37 124 10 80 93 132 241 744 362 128 194 
1 6 0 4 8 0 0 1 2 23 80 22 35 47 127 254 751 92 235 260 
1 1 1 3 3 1 0 1 0 29 51 11 68 48 148 223 529 152 212 562 
0 0 1 0 1 2 0 3 3 26 60 40 92 13 223 230 426 184 316 165 
0 2 0 3 5 0 0 1 0 44 19 49 60 21 172 160 132 139 156 187 
0 0 1 1 6 0 0 0 1 40 34 13 74 13 123 68 120 148 382 124 
0 0 0 0 0 1 0 1 1 36 56 10 98 16 103 93 98 96 202 127 
1 0 0 0 2 18 1 1 0 13 57 5 38 30 178 72 63 140 217 193 
0 1 0 1 1 5 2 0 3 27 50 26 57 17 114 40 34 96 148 103 
2 2 0 0 1 0 0 0 3 17 51 12 35 20 117 65 29 124 488 166 
0 3 0 0 0 9 0 0 2 29 37 14 21 10 278 48 14 133 329 152 
2 0 1 0 0 2 0 0 1 10 25 10 41 16 138 37 13 56 215 144 
3 0 0 2 1 6 1 0 3 8 19 4 28 7 108 49 6 60 290 107 
1 1 3 2 0 4 0 0 0 8 31 5 24 8 116 26 17 180 349 44 
1 0 0 1 3 6 0 0 0 12 31 8 25 10 139 46 14 114 235 84 
4 1 0 0 1 2 2 1 0 7 16 15 39 7 86 25 11 98 352 92 
4 0 0 0 0 0 1 0 1 2 18 11 25 2 68 31 17 107 177 100 
0 0 2 0 6 3 2 0 0 8 13 10 15 5 27 34 16 125 226 85 
1 0 0 0 0 1 3 0 1 9 14 4 16 0 80 18 6 93 238 45 
0 0 0 0 0 1 0 1 0 9 4 9 8 0 29 8 13 88 162 26 
7 0 0 0 2 0 0 2 2 4 9 5 8 2 35 14 4 56 141 43 
4 0 0 1 1 2 1 0 1 5 6 9 1 2 22 4 9 42 73 13 
4 0 0 0 1 0 2 0 2 7 2 8 1 0 14 11 0 39 38 24 
5 0 0 1 2 0 1 0 0 2 1 16 2 0 20 11 3 34 46 24 
0 0 2 0 0 0 1 0 0 1 3 13 0 2 9 3 2 29 32 15 
0 1 1 0 1 0 1 1 0 0 1 18 0 0 17 3 5 28 48 11 
0 0 2 2 1 0 1 0 0 3 9 44 0 3 5 1 3 39 24 13 
0 1 0 0 2 0 0 0 0 0 6 36 0 3 15 4 4 62 56 13 
2 1 0 0 2 0 1 0 0 6 20 48 0 1 10 5 2 80 84 19 
0 0 1 2 1 0 1 0 1 0 27 79 0 2 25 9 6 56 150 33 
0 0 0 0 0 1 0 0 8 3 18 99 3 0 18 24 0 85 139 30 
0 0 0 1 0 0 0 0 13 1 19 66 3 2 42 28 3 118 190 39 
0 0 0 0 1 3 0 0 2 1 12 79 7 5 51 20 2 78 146 46 
1 1 1 0 0 0 2 2 4 2 12 119 0 3 46 38 6 112 125 47 
0 0 1 0 2 0 0 0 7 0 15 158 1 0 14 38 7 97 165 62 
0 0 0 0 1 2 0 0 11 4 13 236 2 4 49 95 11 109 189 46 
0 0 2 1 0 0 1 1 6 1 4 360 1 1 28 76 24 106 274 99 
0 0 4 1 1 0 7 1 8 2 11 196 4 5 62 75 10 113 294 193 
0 0 0 0 4 1 5 0 15 4 22 191 8 10 87 76 16 121 170 135 
2 2 0 0 1 0 5 1 11 0 16 224 11 9 81 49 22 142 272 169 
1 1 0 0 0 0 2 1 8 3 21 166 20 9 53 81 22 140 333 414 
0 0 1 2 0 0 4 2 9 6 27 149 21 6 54 69 17 80 273 220 
0 1 0 0 0 2 8 0 16 1 2 97 14 6 89 46 32 231 264 215 
0 1 0 0 0 0 12 0 36 0 15 113 27 10 35 41 50 207 178 173 
0 0 0 0 1 0 8 0 37 2 23 99 34 10 41 35 49 274 245 216 
0 0 1 0 0 1 9 0 46 4 20 86 35 24 102 48 58 186 95 271 
0 1 1 0 0 1 9 0 54 7 16 54 24 8 90 53 83 468 165 271 
1 0 1 1 1 0 31 0 48 13 12 66 38 22 133 42 81 373 101 306 
2 0 1 0 1 0 19 1 61 18 14 119 24 24 112 70 102 248 160 348 
0 0 0 1 0 1 12 0 67 29 28 150 20 27 63 76 26 282 137 620 
1 0 4 0 0 0 26 1 90 45 25 111 16 44 81 71 102 330 194 568 
0 0 2 3 0 0 39 0 82 94 14 81 34 44 104 68 65 162 162 647 
0 1 1 0 1 0 28 1 46 115 41 68 43 79 117 101 85 217 218 506 
0 0 3 0 0 0 43 0 35 130 60 67 34 77 87 178 79 308 324 353 
0 0 0 1 0 0 40 0 86 110 64 75 54 80 206 134 72 268 358 697 
0 1 1 2 1 1 30 2 53 190 35 60 84 60 195 103 152 100 221 937 
1 0 1 1 0 5 14 0 29 68 15 37 45 132 126 83 86 143 204 859 
1 1 0 0 0 0 11 1 29 157 30 28 34 66 90 65 80 66 102 1165 
1 0 1 1 0 3 7 1 35 164 48 25 20 57 102 77 73 112 119 1010 
2 1 2 2 0 1 5 1 26 150 87 39 55 75 127 107 94 99 116 1258 
0 0 0 0 0 0 3 0 24 96 58 33 49 97 136 103 69 99 153 842 
1 0 0 0 0 0 2 0 24 159 70 36 57 82 113 126 44 88 98 956 
1 0 1 0 0 1 1 8 22 183 48 34 109 127 139 195 58 52 260 1893 
0 1 1 1 1 0 0 2 20 216 151 74 89 111 124 176 78 63 161 4874 
0 2 1 1 0 0 1 5 13 245 49 64 178 118 85 170 89 104 203 3466 
2 0 3 1 0 2 0 12 12 222 128 55 185 164 258 247 67 94 283 2616 
0 0 0 3 0 0 1 9 13 212 180 94 176 157 322 227 128 117 272 2837 
0 0 0 1 0 1 2 11 17 130 188 44 219 54 219 186 150 137 402 1776 
0 0 0 1 0 1 0 16 12 105 145 50 156 213 204 151 190 89 452 1248 
0 1 1 0 1 2 4 14 5 194 131 56 263 114 300 117 114 101 312 1382 
0 0 0 2 0 0 0 16 2 123 145 46 145 107 104 162 176 91 231 1646 
2 1 0 1 0 0 2 15 1 69 95 42 173 75 110 90 95 61 210 1035 
0 0 0 0 0 0 0 10 1 51 69 46 98 56 138 90 107 97 230 1199 
0 0 1 2 0 0 0 5 2 82 62 6 176 22 140 62 140 47 102 1122 
0 0 1 4 0 2 0 5 0 124 43 16 92 41 92 53 127 66 65 454 
0 0 1 0 0 0 1 5 3 49 33 12 130 25 86 28 77 34 63 330 
2 0 0 0 1 0 0 2 2 39 38 3 82 45 59 43 72 53 83 130 
0 1 0 0 0 1 0 5 0 31 16 5 48 28 70 52 40 38 52 196 
0 0 2 1 0 0 1 2 0 21 17 8 61 17 117 22 89 67 120 134 
0 0 1 0 0 1 0 4 0 18 20 5 45 34 107 13 137 159 95 122 
0 0 0 0 1 0 1 4 1 22 30 7 50 45 251 26 73 57 86 257 
0 0 0 0 0 1 0 3 1 19 33 8 89 50 362 34 99 89 123 138 
2 2 1 0 0 0 1 4 0 16 37 12 74 77 272 38 88 92 80 193 
0 0 0 1 0 1 0 7 0 10 20 12 54 78 250 102 110 166 165 245 
0 3 0 0 1 2 1 19 0 17 17 19 72 65 216 83 100 106 138 170 
0 3 0 0 0 1 0 11 0 19 16 10 73 83 196 60 107 167 152 93 
1 3 0 0 0 0 0 9 2 16 56 26 47 101 165 89 187 238 83 173 
0 3 0 1 2 4 2 22 1 20 60 26 59 82 208 87 281 242 134 238 
0 0 1 3 2 2 2 19 4 26 67 9 47 121 142 123 193 214 337 142 
0 0 1 0 0 3 0 22 4 5 42 13 38 228 151 90 213 324 185 153 
0 2 0 3 0 0 1 26 4 31 55 25 117 244 136 248 406 443 305 334 
1 3 0 1 0 5 0 14 5 20 92 21 141 162 143 212 518 490 208 420 
0 8 0 2 2 3 2 15 7 36 87 24 72 218 164 183 581 303 283 203 
0 0 0 2 5 6 2 10 3 13 161 20 90 151 154 152 295 393 341 245 
0 2 0 0 0 1 3 24 1 16 295 26 74 88 96 169 284 299 284 266 
0 0 1 1 0 0 3 7 3 15 187 10 87 112 126 212 232 581 289 121 
1 2 0 3 0 1 0 12 5 36 208 26 93 57 160 108 273 901 336 163 
2 2 0 1 13 3 7 12 2 32 134 36 144 107 130 134 149 450 331 155 
0 2 0 7 5 4 1 6 6 41 124 44 123 81 121 84 161 412 246 320 
0 2 0 0 3 1 1 6 8 44 104 22 177 101 74 232 127 170 512 290 
1 1 0 1 13 3 5 5 4 41 78 52 87 86 117 213 200 236 937 268 
0 1 1 0 9 1 9 4 7 19 105 25 118 152 103 187 122 172 776 173 
0 0 0 2 9 2 7 3 7 46 111 53 134 113 114 306 137 181 455 127 
0 0 2 0 14 4 11 4 7 28 63 52 214 140 91 277 253 291 481 271 
1 0 0 3 15 2 5 3 13 33 79 76 277 86 147 274 157 210 477 211 
0 0 0 1 21 0 8 0 13 17 77 39 118 84 72 293 101 170 554 274 
0 2 1 1 18 4 6 2 9 11 31 87 146 106 95 330 157 106 752 319 
0 0 0 0 14 3 6 2 10 12 53 112 101 121 137 394 184 97 489 271 
0 1 1 0 17 6 10 5 5 14 28 64 173 75 61 308 135 72 441 280 
1 0 0 0 14 5 12 3 13 3 30 73 125 32 67 178 72 44 278 262 
2 1 0 0 10 0 13 6 3 12 35 42 108 26 60 163 103 75 196 187 
0 1 0 0 11 8 4 3 4 11 12 20 52 38 37 98 65 25 192 128 
0 0 1 1 2 2 4 17 10 14 18 26 65 43 49 50 49 18 168 214 
2 0 0 0 3 9 3 11 5 10 12 16 36 40 50 108 47 16 187 138 
2 0 0 0 0 12 1 21 0 10 10 19 81 40 33 63 41 26 95 258 
0 2 1 0 2 10 2 9 7 3 9 13 22 45 35 67 36 20 112 191 
0 0 0 0 1 16 3 9 4 5 8 14 44 86 18 39 55 17 46 193 
0 0 0 0 2 10 2 8 4 12 5 19 50 77 37 51 51 11 85 198 
0 0 0 1 1 6 0 11 3 9 11 12 31 57 40 40 80 26 40 195 
1 0 0 1 0 10 1 11 1 4 19 22 21 62 32 43 46 10 37 220 
0 0 1 0 0 4 1 1 1 7 18 43 14 65 24 46 40 21 48 325 
0 0 0 1 0 2 0 12 2 11 20 49 39 60 26 37 44 19 40 305 
0 0 0 0 1 3 0 4 0 10 19 49 21 126 16 44 19 9 53 287 
0 0 0 0 1 5 0 11 1 6 17 44 22 108 15 16 15 9 27 131 
0 0 1 0 0 6 3 3 0 4 11 31 15 74 8 15 12 9 15 170 
0 0 0 0 0 1 0 1 0 6 12 51 11 39 4 6 8 3 29 246 
3 2 0 1 1 3 0 2 0 7 8 22 6 34 10 18 12 6 21 180 
0 0 0 0 0 4 0 2 1 1 10 12 1 12 3 10 12 10 14 147 
0 1 1 1 0 2 0 2 0 2 5 47 2 13 0 5 4 10 14 86 
0 0 2 0 0 0 1 2 2 1 2 66 3 12 1 5 19 5 32 162 
1 0 0 0 1 2 1 4 0 4 0 51 0 15 2 3 5 1 13 147 
0 0 0 1 0 3 0 6 1 4 1 72 0 19 4 3 12 2 14 255 
0 0 0 0 0 1 1 2 0 2 9 91 1 24 6 2 11 5 24 205 
3 1 0 0 1 0 0 9 0 2 6 86 3 35 5 4 8 7 19 272 
1 0 0 0 0 1 1 12 0 2 6 122 1 33 21 4 13 7 50 286 
0 0 0 0 0 0 0 26 2 9 9 164 1 28 9 0 12 8 67 201 
0 0 1 0 0 1 0 10 0 7 5 108 0 34 4 4 6 11 92 288 
1 1 0 0 0 0 0 17 6 8 3 105 5 70 5 15 14 2 87 444 
0 0 0 1 1 2 2 15 1 8 15 101 2 65 8 8 9 18 159 397 
0 0 0 0 0 2 0 14 3 18 13 208 8 113 14 24 9 11 128 546 
1 0 0 2 0 0 4 15 0 12 12 198 8 89 16 9 15 40 203 667 
0 0 1 0 2 0 2 9 4 11 13 257 4 72 31 37 18 44 295 645 
1 1 0 0 1 1 0 22 8 8 19 267 10 84 20 18 12 33 151 779 
0 0 1 1 0 0 3 20 4 7 42 242 11 28 29 88 21 57 185 803 
0 1 0 0 0 4 0 10 5 6 40 288 24 76 17 54 62 55 172 1067 
1 0 1 0 0 14 1 23 7 9 42 179 14 50 10 73 105 39 144 995 
0 0 0 0 3 8 2 8 7 12 29 178 7 80 26 92 58 23 87 561 
0 0 0 0 0 4 1 9 13 26 18 145 17 65 45 92 118 49 179 977 
0 0 0 0 0 4 4 5 18 16 19 170 9 123 46 72 61 68 310 517 
0 0 0 0 2 3 11 6 51 55 30 156 25 167 49 130 75 86 277 597 
0 0 0 0 0 7 13 5 34 24 16 140 30 257 160 143 114 137 226 759 
0 0 0 0 0 17 15 9 70 42 43 102 36 214 129 121 83 130 200 518 
0 1 0 0 0 3 12 21 36 27 31 124 72 190 144 157 94 145 279 712 
0 0 2 0 1 0 7 6 36 67 61 72 84 159 92 211 151 266 360 565 
1 0 2 0 0 3 12 8 40 126 83 64 68 241 112 172 101 209 241 582 
0 1 0 1 2 8 16 0 44 155 70 35 44 312 107 231 237 519 669 612 
0 1 4 0 1 7 13 1 42 178 116 72 42 185 77 134 163 372 275 500 
0 0 1 0 0 8 15 1 81 144 129 32 35 153 106 156 158 258 438 725 
1 0 4 0 0 6 5 2 52 269 129 30 100 164 78 124 230 400 488 984 
0 0 4 0 1 9 5 2 80 355 95 37 104 150 48 158 143 311 419 1444 
2 1 4 0 0 13 0 3 81 309 99 54 102 109 68 127 216 305 325 692 
2 0 2 1 0 25 2 7 33 238 63 19 112 147 59 122 232 345 132 751 
0 2 0 0 3 20 1 4 31 360 92 12 46 61 44 83 282 265 224 560 
0 0 3 0 1 30 1 5 23 384 99 18 66 62 66 69 151 291 205 459 
0 0 2 1 0 27 1 7 16 220 131 20 102 135 33 80 213 346 110 461 
0 1 1 0 2 36 4 4 22 323 66 31 39 116 47 135 192 158 178 439 
0 0 6 2 0 15 4 7 27 218 114 18 95 94 39 55 224 160 108 906 
0 0 2 1 1 19 6 4 20 238 170 21 65 78 51 98 117 170 109 897 
3 3 0 0 0 14 4 0 10 202 162 16 55 108 42 98 141 220 179 669 
0 6 2 3 0 11 3 10 6 87 141 19 61 37 44 50 155 169 102 649 
0 5 0 1 3 4 1 7 4 132 140 31 62 55 61 65 235 218 117 838 
0 5 2 0 3 3 2 16 5 50 95 27 51 65 121 71 304 222 93 505 
3 9 4 0 2 3 1 15 4 63 108 23 24 71 108 133 146 281 70 216 
12 2 2 1 2 1 0 7 2 62 84 25 18 74 108 66 261 162 34 732 
3 11 1 0 0 0 2 5 2 34 76 14 36 76 81 32 199 147 60 487 
4 7 0 0 0 1 1 7 1 29 69 16 20 44 107 37 144 138 63 404 
2 6 1 0 0 0 0 6 1 20 45 22 24 34 87 30 146 177 54 337 
2 4 1 0 1 0 1 4 2 6 25 8 23 14 70 24 144 102 72 323 
1 8 0 1 0 2 0 0 0 7 11 11 12 9 34 32 76 58 26 320 
0 0 0 0 0 1 0 0 0 8 22 12 7 3 54 28 62 45 30 160 
3 1 0 0 0 0 1 3 0 2 20 7 2 10 18 28 42 33 15 186 
2 2 0 0 0 1 1 0 0 3 20 5 3 11 40 23 53 53 23 182 
2 1 0 0 2 1 0 6 0 0 24 15 3 4 27 36 91 95 22 142 
1 3 1 0 1 1 0 2 1 2 20 20 6 5 21 30 118 96 15 95 
0 3 0 1 0 0 1 4 0 7 12 39 3 11 28 26 82 104 39 134 
1 0 0 0 1 0 0 1 0 8 25 34 3 11 30 27 192 202 65 117 
0 1 1 0 0 0 0 6 2 4 45 48 4 13 25 18 119 204 72 66 
0 0 0 0 2 0 1 1 0 3 33 76 10 19 56 53 155 231 53 181 
1 0 1 1 0 0 1 3 1 2 30 107 15 33 77 27 184 190 60 107 
1 0 0 1 0 0 1 4 0 6 39 88 5 17 75 18 144 184 51 208 
0 0 0 0 1 2 0 3 0 3 37 88 8 27 59 34 154 226 34 128 
0 0 2 1 1 2 0 4 2 2 73 63 10 43 91 28 118 145 42 140 
0 0 0 0 0 0 0 7 4 0 44 125 11 24 52 46 115 298 89 218 
1 1 0 0 0 0 0 33 6 1 46 118 7 54 112 53 167 225 111 254 
1 0 0 0 0 1 0 13 8 5 39 95 11 29 176 58 266 315 101 283 
2 0 0 1 0 2 0 25 10 5 65 136 29 32 169 105 183 230 89 221 
0 0 0 0 0 1 2 33 1 0 90 149 13 18 136 51 141 142 100 288 
1 0 1 0 0 0 1 29 0 1 90 92 8 20 147 64 150 147 84 237 
2 0 1 0 0 0 0 19 4 0 142 89 17 25 107 89 107 178 126 245 
0 1 1 0 0 1 1 61 7 3 99 127 15 14 130 99 64 93 155 284 
1 2 0 0 2 0 0 62 5 14 96 114 30 11 216 171 106 66 100 623 
0 1 0 0 1 2 0 27 7 3 70 132 36 16 142 260 111 60 92 604 
0 0 0 0 1 0 0 25 8 7 58 58 21 28 247 334 65 70 213 985 
0 0 1 0 0 0 0 16 5 5 112 96 36 17 231 380 114 83 279 1167 
0 0 0 0 0 1 0 30 14 0 128 33 35 14 153 121 90 168 318 1263 
0 1 1 1 0 1 0 14 15 7 161 68 40 17 158 240 148 84 312 1709 
0 1 2 0 1 1 0 8 13 5 123 59 37 26 268 231 97 94 416 1257 
1 2 1 0 0 0 0 17 13 12 74 71 38 21 196 161 89 97 659 1438 
2 0 2 2 1 1 0 13 21 27 126 91 42 43 329 160 85 116 886 1882 
0 2 1 10 0 0 0 8 17 21 68 64 73 46 364 148 112 102 487 1231 
1 0 0 9 0 2 0 6 32 10 103 67 91 67 497 126 134 58 318 1501 
1 2 0 21 0 1 1 3 25 24 156 61 146 64 447 167 201 75 717 1211 
1 0 1 18 2 0 0 1 20 12 87 97 99 87 379 102 202 89 333 587 
0 0 0 33 0 0 0 0 39 11 49 90 105 56 240 135 150 116 461 685 
0 0 0 27 0 4 1 0 39 11 39 37 91 56 207 79 91 96 239 578 
0 1 0 26 0 0 0 0 30 8 23 53 123 117 152 95 134 84 272 351 
0 0 0 25 0 1 2 0 17 12 56 54 202 65 170 122 123 45 230 361 
2 0 0 12 0 0 0 0 8 18 58 58 232 133 84 78 116 76 163 525 
0 0 0 9 0 0 0 0 13 14 52 72 429 117 72 101 129 57 262 459 
0 2 0 11 2 0 0 0 2 37 41 120 384 82 69 31 119 30 256 421 
0 0 2 4 2 1 0 1 4 40 36 134 377 83 69 80 98 34 160 308 
2 0 1 3 0 0 5 0 10 25 12 158 318 131 132 53 99 27 143 145 
1 1 1 2 0 0 1 0 6 31 17 145 231 115 79 37 147 73 111 385 
0 0 1 0 0 0 1 0 8 15 36 100 392 194 76 65 231 40 88 207 
2 2 0 1 0 1 0 2 4 34 14 157 300 67 56 43 335 51 117 272 
0 1 0 2 0 0 1 1 5 29 19 78 136 148 69 28 99 63 101 239 
0 1 0 1 0 1 1 1 3 20 29 88 126 106 53 33 164 90 45 319 
0 1 0 0 0 1 3 1 0 27 30 34 98 111 52 18 178 73 60 159 
1 2 0 1 0 1 0 2 0 22 38 41 93 110 55 18 153 67 70 116 
1 0 0 0 0 0 3 3 0 18 20 40 29 97 16 4 88 88 57 112 
0 0 0 0 1 1 1 0 0 18 22 15 21 55 17 5 112 26 48 70 
0 2 1 0 1 0 0 1 0 11 17 5 23 52 17 6 101 38 19 78 
0 0 0 1 0 0 3 1 0 7 13 8 10 86 13 6 118 25 49 46 
1 0 1 2 0 0 1 0 0 1 12 2 9 53 13 3 86 21 18 62 
0 0 1 0 0 0 1 0 0 4 16 4 11 33 14 12 55 19 23 25 
0 0 0 1 0 0 1 1 0 7 7 7 11 62 8 12 33 19 22 17 
0 0 0 1 0 2 0 0 0 7 13 8 10 87 7 11 55 20 31 28 
0 0 1 1 1 0 2 0 0 4 24 11 11 47 15 9 137 38 50 45 
0 0 0 0 0 0 0 0 0 12 12 22 18 71 12 8 95 72 38 40 
1 1 0 0 0 0 1 0 2 7 7 17 9 91 18 15 135 114 64 40 
0 1 0 1 0 0 0 0 0 9 10 16 14 126 3 6 98 80 80 15 
0 0 0 0 0 0 1 0 0 11 5 28 20 40 9 11 136 111 68 40 
2 1 0 1 1 0 1 0 0 20 13 18 21 141 9 9 93 78 135 30 
1 0 0 0 1 0 2 0 2 5 13 14 20 151 4 19 179 90 209 37 
0 0 0 0 0 2 9 0 1 18 15 22 13 133 10 29 146 109 280 38 
2 1 0 0 0 1 8 0 0 10 18 16 18 154 10 25 114 174 321 43 
0 3 0 0 0 0 33 0 0 35 17 17 15 85 20 40 235 129 365 92 
0 0 0 0 1 0 58 1 1 32 10 16 15 138 21 68 210 264 183 120 
0 0 0 0 3 1 34 2 0 52 22 10 5 138 22 48 216 260 351 46 
0 1 0 0 0 0 19 0 1 45 27 5 9 54 33 58 142 267 398 45 
0 1 0 2 2 1 16 0 2 59 32 7 13 126 24 87 106 435 286 41 
0 0 0 0 0 1 7 1 0 48 48 13 4 136 58 62 125 248 421 74 
0 0 0 0 0 0 6 0 0 51 42 8 26 149 38 84 170 555 183 57 
1 0 0 2 0 0 8 1 0 75 31 19 36 118 59 63 298 594 199 75 
0 1 1 0 0 1 1 0 0 93 41 35 36 161 74 167 120 688 185 78 
0 0 0 1 0 1 4 1 0 98 34 19 52 129 45 174 186 646 209 67 
0 0 0 1 0 0 9 1 1 128 49 38 46 114 57 131 185 625 247 66 
1 0 0 0 0 0 2 2 2 210 44 22 36 133 37 156 243 524 127 125 
0 0 0 1 2 1 11 0 0 329 65 44 46 93 64 186 352 886 123 172 
0 0 0 0 0 1 6 1 0 350 45 47 35 178 56 140 201 374 208 111 
0 0 1 0 4 0 8 0 1 259 60 50 30 134 49 214 231 361 209 229 
0 1 0 0 4 2 1 0 0 437 50 56 27 118 31 175 187 364 289 366 
0 0 0 1 15 0 15 1 0 348 62 52 25 73 105 167 177 412 126 388 
0 0 0 0 6 0 5 0 1 288 59 34 49 177 92 276 167 374 186 230 
1 2 0 0 10 0 5 0 0 243 41 78 79 198 90 167 234 478 67 263 
0 0 2 0 12 0 6 1 0 130 24 36 64 121 82 158 211 312 37 256 
0 0 1 0 10 0 1 0 0 211 27 47 18 99 49 67 165 156 74 296 
0 0 0 0 22 3 4 1 1 110 26 109 10 165 37 186 127 114 109 197 
3 1 0 1 28 1 1 1 1 90 43 86 12 117 28 180 122 159 100 330 
2 0 0 1 61 0 0 0 1 93 46 114 15 92 24 128 75 151 59 305 
1 0 0 0 26 0 0 1 0 58 43 65 12 100 45 111 139 161 106 268 
1 0 0 0 35 1 0 0 1 51 63 113 11 91 35 125 129 106 96 377 
0 2 0 0 17 0 0 4 0 20 76 147 22 134 41 135 129 65 78 209 
1 2 2 0 22 0 1 2 1 20 51 80 10 75 32 96 80 67 74 312 
0 0 0 2 20 1 1 3 1 31 18 108 31 71 66 121 66 69 93 276 
3 1 0 0 13 1 1 5 1 24 37 80 26 137 61 115 75 32 66 333 
3 2 1 0 1 1 1 7 4 6 23 150 30 175 66 92 92 42 55 192 
2 0 2 0 5 4 0 20 3 9 29 154 19 68 107 98 90 27 106 376 
4 0 2 0 2 5 0 18 8 14 29 171 11 99 67 98 48 36 75 262 
5 2 0 0 0 8 2 10 7 8 14 193 19 69 46 87 88 13 54 366 
17 0 0 0 2 3 0 13 5 3 22 94 34 58 43 98 61 20 82 312 
10 0 0 2 1 2 0 13 6 3 17 57 18 33 43 98 51 4 23 221 
7 0 0 0 2 2 1 13 0 2 7 35 16 31 10 70 24 4 25 86 
7 0 0 0 0 1 0 20 0 1 6 44 8 19 13 41 18 8 27 116 
3 1 0 0 0 6 2 21 0 1 13 31 9 14 27 56 15 5 27 62 
8 0 2 1 0 0 1 16 2 0 12 6 7 9 12 74 12 5 22 76 
16 1 0 1 0 1 0 13 4 1 8 12 10 8 9 38 8 8 31 60 
7 0 0 0 0 0 0 18 5 0 12 10 9 4 17 75 26 7 51 72 
15 0 1 0 1 1 0 37 7 0 7 13 21 4 16 90 9 3 22 197 
6 1 0 0 0 0 0 70 9 0 5 8 0 9 56 60 9 6 22 348 
2 0 0 0 0 1 0 24 7 1 10 16 12 24 68 62 42 10 40 396 
3 0 0 1 0 0 1 41 10 0 14 17 1 33 98 86 40 11 41 437 
3 1 0 0 2 1 0 48 9 6 15 20 9 22 69 60 30 17 110 822 
1 0 1 1 2 0 0 51 7 5 10 14 12 33 96 85 70 18 142 490 
2 0 0 1 0 0 0 47 2 3 5 20 20 26 100 44 43 15 173 1167 
0 1 0 0 1 2 3 35 0 4 10 20 12 48 93 69 40 15 224 1157 
0 0 1 0 0 1 1 46 7 6 34 43 20 26 64 61 113 17 406 839 
0 0 2 1 2 1 2 23 7 6 22 33 17 29 46 103 44 30 308 1660 
0 0 0 0 0 0 2 40 7 5 79 58 30 51 62 82 117 9 405 1364 
0 1 1 2 0 0 0 35 24 7 59 31 62 41 66 54 76 39 510 1884 
2 0 0 0 0 2 2 30 35 17 112 46 83 47 135 119 89 38 508 1578 
0 1 0 0 3 1 2 30 28 9 60 78 91 40 154 38 84 35 498 791 
0 0 1 0 0 1 1 18 22 14 85 58 85 24 110 79 113 93 357 1179 
1 3 0 0 2 1 1 7 18 7 118 77 75 23 56 37 64 96 591 1727 
0 0 3 1 0 2 1 20 24 8 84 77 78 54 160 50 225 89 639 2789 
1 0 2 0 0 2 0 7 33 11 121 65 131 84 183 87 147 96 540 1849 
1 0 2 0 0 0 1 12 42 12 162 59 150 121 265 69 208 266 548 1461 
0 0 2 2 1 1 0 21 39 10 183 108 215 73 303 189 231 176 566 1539 
0 0 3 0 0 0 1 2 38 6 87 135 184 98 377 146 283 189 582 1735 
0 0 4 0 0 3 0 9 24 7 198 88 351 170 338 147 82 272 484 935 
1 0 3 0 2 0 2 2 18 17 206 98 254 236 449 166 181 286 598 453 
0 0 5 0 0 1 0 6 15 18 197 111 299 245 204 202 149 227 576 782 
0 1 5 0 1 5 0 6 15 14 175 78 261 465 326 114 191 501 713 1179 
1 0 4 0 1 3 2 3 12 34 110 69 311 240 350 215 190 241 452 1374 
0 1 1 0 0 6 1 5 27 10 127 72 409 166 407 200 177 519 413 806 
1 0 0 0 6 9 1 5 21 7 112 102 193 371 247 194 156 462 615 709 
0 1 1 0 0 5 1 4 19 16 97 93 369 356 350 285 251 360 337 1307 
1 1 2 0 1 5 0 2 17 4 122 53 184 344 269 118 273 217 297 555 
0 0 1 0 0 2 0 1 8 6 58 49 165 105 117 166 165 191 184 300 
1 0 0 3 2 6 1 2 28 3 38 50 122 59 124 181 245 134 202 411 
0 0 1 0 2 0 0 0 20 1 41 65 138 52 101 203 255 194 110 218 
1 1 2 0 2 2 0 0 23 2 44 78 78 46 119 195 237 102 180 327 
1 0 3 0 0 7 0 2 23 4 31 82 106 57 138 218 206 106 116 292 
0 0 0 0 0 7 1 0 27 5 27 56 95 61 94 168 246 159 102 250 
0 3 0 0 1 13 0 0 15 4 26 60 70 52 63 228 174 154 135 368 
1 3 1 1 1 15 0 1 15 9 41 59 66 24 157 183 101 121 86 353 
0 2 1 0 0 10 2 0 18 16 14 45 47 34 155 128 93 178 70 266 
0 1 0 1 0 8 0 1 16 35 34 38 29 27 198 99 102 132 94 361 
0 3 0 0 0 7 1 0 4 17 28 42 34 20 78 107 87 93 74 167 
0 0 0 0 0 7 0 1 12 16 23 17 17 38 120 110 83 119 32 120 
1 1 1 0 0 5 0 0 7 25 35 11 17 19 109 123 54 73 61 191 
0 3 0 0 2 9 2 2 2 9 31 10 14 17 81 59 107 68 58 93 
0 5 0 0 0 3 0 0 10 24 5 5 6 11 42 40 44 41 27 119 
0 4 1 0 1 2 0 0 5 18 14 7 5 5 35 29 28 44 45 77 
0 3 0 1 0 7 0 1 0 17 7 6 1 5 43 40 20 13 22 111 
1 4 0 0 0 1 0 2 4 6 10 10 5 0 43 37 44 20 16 52 
2 3 0 0 0 4 0 0 2 14 5 8 3 1 16 15 34 18 19 30 
2 4 1 2 0 3 1 0 1 9 9 3 1 3 24 16 15 6 7 46 
2 10 1 1 1 2 0 0 1 7 6 4 2 1 13 4 20 7 8 20 
0 7 0 1 1 6 2 1 0 19 1 2 1 3 12 11 21 13 17 24 
0 19 0 1 1 1 1 0 2 24 2 10 1 5 10 2 24 11 18 22 
0 5 2 0 0 3 0 3 1 29 7 23 4 6 33 8 35 25 39 27 
0 6 1 1 0 0 1 0 1 38 0 17 3 1 36 5 17 13 20 10 
0 0 0 0 1 0 1 0 0 22 3 54 0 5 22 2 21 6 25 12 
0 1 0 1 0 1 0 1 0 26 6 44 1 7 57 15 16 19 25 16 
1 0 0 0 0 0 1 0 2 20 1 30 0 7 42 9 19 34 24 14 
0 4 1 0 1 0 1 0 1 34 2 54 1 3 19 8 32 34 35 19 
0 0 0 1 1 2 2 0 1 35 4 33 0 4 29 10 34 46 32 6 
1 0 0 0 1 0 0 1 0 47 6 46 0 2 40 15 29 68 18 14 
1 0 0 0 0 1 1 0 1 33 7 76 3 5 48 25 40 57 39 38 
0 1 0 0 0 1 0 0 0 64 9 68 4 7 31 15 26 41 25 32 
0 0 1 2 2 4 1 0 0 53 5 135 3 4 26 13 25 56 15 34 
0 0 0 1 0 4 0 0 0 135 5 153 3 5 43 11 46 42 51 37 
0 1 0 0 1 3 0 0 0 175 11 130 0 0 37 22 49 49 67 44 
1 0 0 2 0 6 0 0 1 186 5 136 0 1 24 23 67 45 43 37 
0 0 2 0 0 1 3 1 0 123 7 181 0 16 31 27 78 52 43 60 
2 0 0 0 0 8 3 0 0 93 6 116 0 9 27 36 74 56 53 36 
0 0 1 1 0 9 2 0 1 109 8 122 2 16 11 22 75 38 26 83 
0 1 0 1 0 3 22 0 1 135 7 71 3 23 9 33 104 78 25 64 
0 1 0 0 0 2 18 0 1 122 7 224 1 36 1 36 130 163 40 135 
0 1 1 0 1 4 21 0 0 98 7 151 1 22 0 16 131 155 32 120 
1 0 0 1 0 7 22 0 0 175 9 140 2 30 0 36 182 164 85 113 
1 1 2 0 1 16 19 0 0 136 11 129 13 23 9 65 200 371 59 100 
0 0 1 0 0 6 20 0 0 139 8 131 7 61 6 19 287 202 79 113 
0 1 1 0 0 13 15 1 0 131 12 130 17 62 12 41 458 133 92 215 
0 0 0 1 0 6 25 0 0 99 9 91 18 149 7 63 255 216 89 217 
0 0 0 0 0 11 18 2 3 153 8 63 24 152 18 58 301 219 90 282 
2 0 0 0 0 9 18 1 6 112 13 35 32 218 33 61 197 396 70 263 
0 0 1 0 0 5 14 0 0 99 14 65 35 107 21 137 293 213 107 352 
0 2 1 0 0 3 4 0 0 96 33 56 48 63 25 61 189 153 72 448 
0 0 0 2 0 3 5 1 1 36 20 30 37 112 20 106 167 172 72 372 
0 0 0 1 1 3 10 0 2 57 19 12 78 104 23 99 144 219 57 272 
0 0 0 0 2 8 7 2 4 72 25 16 59 158 19 170 153 223 54 369 
0 1 0 0 1 17 11 3 10 41 16 39 24 97 18 183 83 681 87 441 
0 3 2 3 0 20 16 2 3 73 34 41 65 101 24 270 107 466 124 801 
1 0 0 0 0 17 10 0 24 62 17 49 47 102 47 282 97 340 119 674 
0 3 0 2 0 12 18 1 11 67 27 23 52 145 23 391 198 351 184 581 
2 0 0 1 0 9 1 1 17 67 24 17 56 141 35 213 194 265 460 539 
0 1 1 2 0 9 7 1 17 42 31 16 69 80 20 390 190 428 420 604 
0 0 0 0 0 5 3 0 24 40 66 42 87 346 75 126 176 118 491 792 
0 1 0 1 0 3 0 5 10 75 61 27 111 394 70 398 146 356 310 977 
2 1 0 0 1 6 0 12 16 48 79 22 65 147 73 476 87 163 618 547 
0 0 0 0 1 3 4 13 20 41 134 56 54 229 86 275 86 227 299 1159 
2 2 1 1 0 1 0 8 7 15 124 35 57 201 57 332 128 137 369 1061 
0 0 0 1 0 2 1 2 5 12 81 15 66 114 70 217 92 123 250 1019 
1 2 0 1 0 5 2 3 7 23 138 15 65 93 75 225 45 177 339 1005 
2 1 0 1 0 1 0 7 1 6 66 24 39 102 53 66 61 81 240 983 
0 0 0 0 0 2 0 5 6 4 79 7 40 46 33 96 30 35 351 922 
0 0 1 1 1 1 1 2 3 6 68 8 17 55 31 153 18 104 168 526 
0 0 0 3 0 3 3 0 4 4 70 9 23 36 38 110 33 70 292 387 
1 0 1 5 2 1 1 1 1 3 34 7 16 24 42 94 43 26 136 944 
0 0 0 9 4 2 2 0 2 4 81 2 12 8 38 62 18 62 280 806 
1 1 2 13 8 9 1 3 6 4 134 4 28 46 30 83 44 98 470 477 
1 0 0 22 5 25 0 2 4 5 116 3 37 13 31 61 25 122 574 457 
0 0 1 17 2 21 1 6 13 7 116 6 35 31 51 117 52 164 467 413 
0 0 0 15 17 16 3 5 17 9 146 9 64 42 77 128 80 131 812 894 
0 0 1 37 31 14 1 9 31 12 190 10 86 29 84 145 52 202 735 560 
0 0 0 29 19 16 0 15 15 12 206 10 69 25 42 91 64 188 829 564 
0 0 0 19 10 20 3 29 15 8 162 19 78 51 53 146 91 185 368 709 
1 0 0 20 17 23 0 42 16 6 219 14 197 31 62 133 83 164 370 653 
0 0 1 6 11 32 0 42 37 6 168 37 146 43 57 101 164 227 409 881 
2 1 2 7 7 23 1 84 41 8 265 22 87 37 159 106 86 218 572 596 
0 0 0 13 7 2 0 94 34 17 187 66 147 48 167 178 210 365 591 910 
2 0 0 3 5 3 0 99 36 14 253 84 235 45 71 157 153 534 425 893 
0 0 0 13 5 0 4 123 31 22 285 63 263 46 100 164 201 342 605 1088 
0 0 1 7 6 1 2 83 41 47 231 82 458 53 79 69 119 561 310 804 
1 0 3 0 4 0 2 40 46 16 169 124 336 64 96 118 103 396 732 880 
2 0 0 5 10 0 1 62 43 19 95 81 177 59 123 142 91 228 582 777 
0 0 1 1 7 0 3 53 24 20 105 110 213 19 239 212 112 224 414 1545 
1 0 1 3 6 2 6 43 44 9 118 117 523 36 301 166 97 143 417 1215 
1 0 2 2 3 1 0 27 18 30 101 97 278 44 332 151 101 176 540 841 
3 0 0 2 1 0 4 16 27 13 138 77 325 35 418 196 155 314 457 998 
0 0 0 0 1 2 3 4 39 20 198 83 216 29 325 185 148 268 291 957 
0 1 0 0 0 0 1 3 18 21 84 33 178 25 408 198 97 180 202 1388 
0 0 0 3 0 1 2 4 20 38 202 44 109 27 157 162 135 138 243 973 
1 0 0 0 0 0 0 0 16 48 89 64 124 67 210 149 109 153 340 978 
0 0 0 0 2 2 2 1 22 44 79 70 62 56 316 96 123 103 241 648 
1 1 0 0 1 0 3 0 19 94 143 111 90 63 239 194 101 67 194 860 
1 0 0 0 2 3 1 0 8 45 60 82 45 42 235 136 121 148 225 652 
0 1 2 0 0 1 0 0 2 70 65 103 17 130 291 102 188 102 218 744 
2 0 2 0 0 2 3 0 5 87 41 126 30 114 378 71 223 141 190 552 
0 3 2 0 0 1 2 0 2 101 30 111 15 99 211 59 173 81 146 622 
1 0 1 1 1 1 0 0 7 45 28 76 5 79 143 36 189 64 81 408 
1 1 2 2 0 4 1 0 5 85 12 67 8 57 52 40 138 61 60 205 
2 0 0 0 1 2 1 0 3 60 14 98 6 87 70 63 213 61 39 302 
1 1 0 0 0 2 0 0 5 66 9 53 2 66 45 50 131 49 64 414 
2 2 0 0 2 6 0 1 4 39 13 93 5 69 128 34 97 39 48 453 
0 0 0 1 0 2 2 2 0 29 7 34 1 51 64 21 160 49 42 196 
6 0 0 1 0 2 2 1 0 54 2 36 1 68 67 10 207 46 45 250 
9 1 1 1 0 0 1 1 0 47 2 29 3 62 108 12 204 37 43 392 
7 1 1 1 1 3 2 0 2 35 4 33 3 51 45 16 161 64 31 301 
6 0 0 0 0 2 2 1 2 57 6 56 1 71 71 19 229 42 26 447 
7 1 0 0 0 3 0 1 0 54 6 42 2 52 38 12 341 46 19 345 
5 0 1 0 1 1 0 0 1 45 5 33 1 62 44 17 109 66 22 271 
6 0 1 0 0 0 3 1 1 52 2 26 2 24 33 19 256 68 34 258 
8 0 0 1 0 3 2 0 1 29 3 25 0 20 37 14 219 47 22 461 
6 0 1 0 1 0 1 0 0 56 0 45 0 30 13 12 242 25 22 194 
2 0 1 0 1 0 0 1 2 15 0 27 0 25 15 11 152 28 6 241 
0 1 0 0 0 2 1 0 1 19 1 14 0 30 14 6 105 30 6 88 
0 3 0 0 0 0 0 0 2 22 6 20 1 22 3 4 164 28 6 145 
1 0 1 1 0 2 1 0 1 12 1 12 0 16 7 5 69 26 2 90 
0 0 2 0 0 0 0 2 0 8 1 14 2 15 4 3 39 23 7 65 
1 1 1 0 1 0 1 0 1 6 3 10 0 17 8 3 70 31 5 23 
0 0 0 1 0 0 0 0 1 16 1 6 0 15 1 3 82 18 3 104 
0 2 1 2 1 0 1 0 0 38 3 24 1 13 4 1 94 17 3 145 
0 1 0 1 0 0 1 0 0 120 2 28 1 21 5 3 107 19 10 105 
0 1 2 0 0 1 0 0 1 74 2 36 1 9 10 4 63 28 20 117 
2 1 0 0 0 2 0 0 0 177 6 39 1 26 23 10 78 29 19 145 
1 0 0 0 0 1 1 0 0 107 15 74 6 15 32 9 59 34 16 140 
0 0 1 0 1 0 0 0 0 107 8 87 2 30 29 3 115 24 33 183 
0 1 1 0 0 0 0 0 0 88 11 44 0 38 12 14 62 29 15 155 
1 0 0 0 0 0 2 2 0 70 9 81 0 20 5 9 94 29 8 161 
3 0 0 2 2 0 0 2 1 82 15 22 2 23 20 18 40 18 12 150 
0 0 0 2 0 0 0 0 0 90 28 77 1 22 32 6 52 39 25 153 
0 0 1 0 1 0 0 1 0 85 23 70 4 42 14 14 52 45 16 145 
0 0 0 2 0 0 0 2 0 112 29 93 2 38 17 12 35 49 34 269 
1 0 0 0 0 0 0 0 0 149 32 129 4 20 18 26 50 29 26 317 
1 0 0 0 1 2 0 0 0 134 41 89 1 101 37 26 46 72 41 242 
0 0 0 0 0 0 0 0 0 139 17 89 3 41 19 10 41 52 26 156 
0 0 0 0 0 0 0 0 0 126 21 92 18 85 25 26 31 62 17 311 
2 0 0 2 0 0 0 1 2 185 11 82 10 56 48 24 41 98 27 304 
0 0 0 0 0 0 0 3 0 170 6 136 12 52 50 44 53 76 51 266 
0 0 0 2 0 0 1 0 1 160 15 129 25 39 48 33 75 106 24 415 
1 1 0 1 0 0 0 0 2 116 15 130 26 84 64 72 79 216 65 411 
1 0 1 0 0 1 0 0 2 54 12 67 20 87 50 71 56 243 50 483 
0 0 0 1 0 1 0 0 0 74 29 81 36 100 44 71 88 173 84 401 
1 0 0 0 0 0 1 0 1 35 26 97 31 168 112 42 82 272 101 711 
0 0 1 1 0 0 0 2 0 35 36 74 14 160 138 110 118 292 117 694 
2 0 0 1 0 1 2 0 0 36 19 121 31 134 98 135 114 376 208 785 
1 0 0 0 1 1 2 0 4 41 19 258 43 164 86 240 299 316 240 580 
1 1 0 1 0 1 1 0 2 50 26 161 45 176 86 266 184 250 372 634 
0 1 0 0 0 1 4 0 5 18 48 97 32 138 126 267 304 317 411 750 
0 0 0 0 0 3 3 0 8 39 67 215 69 146 91 322 166 378 307 826 
0 0 0 3 2 0 0 0 6 32 60 115 58 203 124 227 288 389 588 919 
0 0 0 2 2 1 6 1 9 16 32 98 44 236 182 115 219 266 269 496 
0 0 0 0 0 3 3 0 7 17 30 108 36 204 228 98 237 296 387 553 
0 0 0 1 2 0 7 0 6 28 41 102 38 207 67 144 177 236 222 825 
2 0 1 2 2 2 13 1 4 8 57 125 126 141 71 158 143 240 318 1049 
1 0 1 2 1 2 8 3 4 18 60 102 53 151 130 304 355 192 328 635 
0 0 1 1 1 0 8 8 3 28 54 69 43 169 82 419 207 222 408 650 
0 0 0 1 7 0 17 0 4 19 81 26 46 175 151 304 274 213 283 1006 
0 3 1 0 3 0 24 1 3 13 55 32 43 105 122 353 193 331 262 768 
0 0 0 0 7 1 15 3 2 19 69 25 55 248 122 398 226 185 242 581 
1 1 1 0 4 3 11 8 0 9 67 54 47 186 272 200 274 204 232 456 
3 1 1 0 2 7 29 9 1 4 96 15 51 388 209 322 209 174 166 469 
0 0 0 1 3 2 14 9 1 3 85 14 44 353 165 381 215 302 210 600 
1 0 1 0 2 0 7 12 5 4 112 17 109 398 162 286 210 269 223 603 
0 0 2 0 2 2 14 5 8 9 96 15 56 207 260 200 298 335 244 467 
0 1 1 1 4 0 5 10 11 9 83 9 34 100 150 105 174 271 223 324 
0 2 0 0 1 0 1 1 4 8 24 6 28 95 63 85 129 94 305 345 
0 0 1 2 2 0 3 3 4 11 41 6 22 107 84 40 65 47 160 199 
0 0 1 0 1 2 2 2 5 1 37 2 43 48 54 29 83 108 180 192 
0 0 3 0 1 0 1 6 7 8 25 1 21 36 32 23 68 72 112 102 
0 0 2 1 0 0 1 1 3 4 12 4 21 34 48 24 70 77 176 117 
0 0 0 0 0 3 3 3 2 6 12 2 15 23 43 29 54 69 55 99 
1 1 2 0 0 0 4 3 1 2 15 3 21 16 25 43 116 132 103 95 
0 1 2 0 0 0 2 1 4 10 20 9 17 38 38 32 105 126 116 144 
0 1 0 0 0 2 1 4 3 4 36 4 32 36 39 35 78 132 109 64 
2 3 2 0 0 1 0 3 2 6 75 2 20 42 35 79 78 65 151 79 
3 1 4 0 1 0 6 7 5 6 30 5 37 36 32 39 61 107 181 57 
1 0 4 1 0 1 3 18 3 7 78 2 27 43 52 66 178 129 137 150 
0 2 2 0 0 1 2 15 2 22 68 0 46 38 60 8 205 119 163 204 
2 0 4 0 0 0 3 17 4 22 89 6 41 31 71 50 114 153 100 303 
0 0 2 0 0 0 0 22 2 38 81 9 28 51 52 86 87 93 211 194 
0 5 0 1 1 0 3 29 1 64 116 35 49 78 74 85 141 163 262 314 
0 2 5 0 0 2 4 24 3 72 130 20 21 125 85 115 93 154 234 525 
2 3 0 0 0 5 4 38 3 78 329 25 70 74 68 98 52 308 261 831 
0 2 4 0 1 0 5 67 3 56 189 53 58 77 93 63 83 230 344 776 
0 0 1 2 2 6 2 27 0 116 214 54 69 145 94 94 121 227 221 889 
0 1 0 0 7 4 4 35 0 154 230 49 72 155 68 133 191 458 293 648 
0 0 0 0 9 5 2 32 2 51 153 37 72 107 120 121 137 206 274 964 
0 1 0 0 7 2 1 20 2 41 108 34 93 108 98 92 109 241 189 595 
0 0 1 2 7 6 11 21 3 64 47 28 64 101 48 78 152 245 301 749 
1 0 0 1 5 13 11 31 1 44 74 18 113 78 134 58 158 392 302 898 
0 1 0 1 14 15 3 14 5 32 89 27 116 72 148 67 242 70 131 938 
0 0 0 1 5 7 9 13 20 75 76 50 107 38 110 45 219 232 210 798 
0 0 0 0 7 8 5 19 4 113 184 32 68 79 82 49 145 299 150 955 
0 0 0 1 4 5 3 16 7 93 112 18 78 41 120 80 257 226 240 1066 
1 2 1 0 8 8 3 8 7 105 84 35 133 72 151 64 328 259 120 1290 
0 1 0 0 4 11 6 10 3 80 75 81 115 33 114 97 185 204 127 1827 
0 2 0 0 3 9 3 2 17 107 58 78 116 39 192 106 212 182 139 1043 
1 0 0 1 5 9 2 6 22 131 80 85 105 33 196 91 122 217 147 986 
1 0 0 2 5 1 1 5 26 75 69 74 84 23 287 49 238 246 204 917 
0 3 0 1 7 2 0 12 40 88 68 103 97 30 198 62 193 132 242 607 
0 0 0 0 2 11 1 5 28 88 83 64 92 40 137 44 168 131 255 817 
2 0 2 0 6 12 3 6 22 127 55 60 109 15 246 24 210 102 112 975 
1 0 1 1 3 8 1 5 15 36 46 61 130 28 262 36 104 72 149 607 
0 1 0 1 5 4 1 3 27 51 76 48 57 51 219 83 192 48 94 525 
0 0 1 0 0 5 1 4 43 60 41 65 64 38 231 74 152 43 104 482 
0 0 0 2 3 3 4 2 73 75 26 77 150 41 152 102 150 46 119 312 
0 2 2 0 1 4 2 3 48 96 18 72 127 46 231 39 57 53 144 398 
0 0 0 0 0 1 0 0 36 38 18 140 163 30 185 74 63 58 159 449 
0 0 0 0 2 2 1 3 54 47 10 100 89 32 95 50 43 24 118 349 
0 0 1 2 3 1 2 1 39 66 8 71 182 49 181 46 80 34 145 542 
0 0 0 1 2 4 1 1 64 42 6 50 108 87 168 98 93 26 109 329 
0 0 0 0 0 3 0 0 46 32 10 95 127 116 214 31 77 37 137 574 
0 0 1 1 0 0 1 2 29 30 10 32 178 119 215 60 74 59 150 372 
0 0 0 0 0 4 1 0 28 25 25 62 215 78 227 83 59 40 273 281 
0 1 0 0 1 4 0 1 21 13 9 77 114 61 102 117 63 55 189 420 
1 1 1 1 0 3 7 1 19 13 4 62 94 55 121 137 64 57 66 308 
0 1 0 1 0 0 4 1 22 14 5 31 56 30 79 48 58 72 139 166 
0 0 1 0 0 3 2 1 9 6 3 48 43 45 94 46 42 34 129 264 
0 0 1 0 1 0 3 0 24 5 3 59 51 17 52 66 43 46 95 148 
0 0 0 1 0 1 2 0 8 3 3 37 19 21 31 53 39 18 76 111 
0 0 0 0 3 0 0 1 5 2 3 13 33 17 15 35 20 21 57 107 
1 0 0 1 0 1 0 1 5 1 3 11 26 11 6 22 13 33 47 74 
1 2 0 2 0 1 0 1 2 1 0 15 11 9 5 15 13 14 61 62 
0 0 0 1 0 1 1 0 2 2 0 15 17 11 9 32 43 6 113 79 
0 1 2 1 0 0 1 0 3 2 0 18 19 14 12 24 54 16 60 53 
1 1 2 2 2 0 1 0 0 3 0 8 17 13 17 32 42 17 82 76 
0 0 1 0 1 0 0 0 5 4 1 4 26 15 17 59 50 24 61 98 
0 0 0 0 0 0 0 0 11 0 4 5 38 8 22 70 74 34 107 96 
0 0 1 0 1 0 0 1 6 0 6 7 42 22 26 183 71 55 79 63 
0 0 0 0 0 1 3 0 3 3 8 7 57 33 37 200 43 64 58 86 
0 0 1 0 0 0 0 0 4 1 11 6 37 31 49 175 41 47 79 78 
0 1 1 0 0 0 0 2 5 3 13 16 37 34 57 192 62 73 81 106 
2 0 0 0 1 0 3 0 9 2 3 24 53 35 30 235 143 68 135 132 
0 0 0 0 2 0 1 0 21 3 19 27 31 71 29 301 105 116 125 109 
0 0 0 0 0 0 6 1 5 4 13 43 53 72 62 311 118 150 169 180 
0 1 0 0 0 0 5 2 10 8 9 52 79 56 50 331 103 260 328 188 
1 8 0 0 0 0 5 0 7 21 24 27 46 54 61 356 234 241 283 230 
0 2 1 2 0 1 5 0 10 11 32 76 67 75 44 182 208 247 240 229 
1 0 1 1 0 0 2 0 11 13 30 66 55 85 65 142 90 356 355 258 
0 0 0 0 1 0 2 1 4 29 35 57 46 141 72 160 105 355 186 304 
2 0 1 0 0 2 2 0 7 18 31 93 77 135 79 134 120 315 322 231 
0 1 0 0 0 0 0 0 17 28 28 145 73 172 55 128 168 457 313 192 
0 0 0 0 0 1 0 1 5 51 28 53 61 95 125 175 299 475 390 238 
1 0 0 0 0 1 0 1 5 42 50 221 48 92 120 185 228 534 806 182 
2 0 0 0 0 0 0 5 4 26 50 234 101 299 145 247 219 320 690 219 
1 1 0 0 0 1 4 5 6 41 50 212 49 408 74 314 238 205 949 166 
0 0 0 0 0 0 3 5 12 69 27 286 83 189 148 394 192 448 275 157 
0 0 0 0 2 1 1 1 4 55 59 216 102 280 132 146 127 255 543 279 
0 0 1 0 0 0 2 4 16 26 59 229 74 501 170 287 102 346 652 266 
0 0 0 0 1 1 0 0 4 21 78 170 78 212 159 209 163 460 513 149 
0 0 0 1 1 0 1 4 15 31 51 232 44 257 246 242 129 376 641 370 
0 0 1 1 0 0 0 3 9 33 60 166 138 206 251 283 198 377 504 278 
1 0 1 3 1 0 3 4 6 63 54 180 122 230 193 166 260 321 367 409 
2 2 0 9 0 1 0 4 6 52 76 141 74 134 250 131 236 98 184 601 
1 0 0 3 1 2 2 1 2 37 69 64 113 128 183 102 137 279 327 562 
1 0 1 2 1 0 1 3 3 37 81 42 94 86 130 70 182 252 316 496 
0 2 0 7 7 0 0 4 2 58 70 45 69 71 114 74 424 143 236 434 
0 2 0 16 2 0 0 16 0 61 71 70 60 62 226 35 553 200 133 665 
1 0 0 22 2 0 0 6 1 50 95 126 76 95 141 47 371 131 104 1058 
1 1 0 17 4 1 1 30 2 56 41 157 47 125 229 49 360 116 144 1046 
1 3 0 18 6 2 0 28 1 28 91 137 51 73 115 64 132 134 222 1337 
1 1 0 21 2 4 2 25 4 44 77 89 33 67 180 57 326 84 302 1544 
0 1 1 1 3 3 0 22 6 81 132 96 41 49 99 79 268 79 218 695 
0 0 0 25 4 0 2 27 3 80 130 147 39 93 98 36 207 73 177 971 
2 0 1 16 7 3 0 6 2 54 130 114 33 24 121 52 281 91 151 1739 
3 0 1 5 7 7 0 10 0 72 180 32 39 39 76 57 326 33 125 1074 
1 0 0 8 2 3 0 12 7 70 197 60 66 26 104 49 180 51 164 1345 
1 2 0 1 4 0 1 7 5 48 89 85 44 50 65 30 344 35 185 857 
0 0 0 3 4 4 0 11 22 37 75 51 56 43 61 35 112 27 201 850 
1 0 1 0 5 1 0 2 2 25 53 43 37 36 52 44 80 39 90 1089 
0 0 2 0 4 5 0 5 6 18 29 44 31 16 35 16 63 35 70 519 
0 1 0 1 0 1 1 5 21 13 32 46 14 8 34 24 62 42 53 579 
0 0 1 0 1 4 2 3 15 13 15 42 14 11 29 21 44 26 82 287 
2 0 1 0 1 1 0 0 7 22 24 7 9 8 19 11 23 22 73 317 
2 0 1 2 0 1 1 4 4 10 22 10 12 8 28 4 16 13 41 184 
1 0 2 0 0 1 2 4 1 33 15 6 16 11 24 4 9 27 37 343 
0 0 0 0 0 0 0 2 7 32 20 3 9 6 17 6 11 18 35 367 
0 0 2 0 1 0 4 0 2 57 9 1 18 9 10 10 13 34 41 596 
2 0 0 0 2 0 8 1 4 107 8 1 21 11 29 14 7 52 55 964 
0 0 1 0 0 0 12 11 3 167 31 4 29 11 42 20 10 34 62 369 
0 0 0 0 0 2 8 6 12 81 24 3 18 10 54 14 6 35 32 828 
0 2 0 0 0 0 7 3 18 177 38 3 23 13 56 38 3 31 42 988 
0 0 0 0 0 1 6 5 3 272 46 5 22 12 52 41 13 46 75 538 
0 0 0 0 0 1 1 7 2 92 31 5 28 25 83 61 13 29 82 844 
0 1 0 1 4 0 3 5 5 234 48 4 81 17 29 38 4 32 82 846 
1 0 1 0 5 0 1 10 5 172 36 11 51 36 57 89 7 44 127 797 
0 0 0 0 5 1 5 5 9 196 65 5 75 36 53 39 22 63 102 1020 
0 0 0 0 8 0 7 10 6 183 42 9 75 42 103 81 26 49 143 1115 
