1 0 0 0 68 
0 0 0 0 62 
0 1 2 0 60 
0 1 0 0 62 
0 1 1 2 30 
0 0 0 0 11 
0 0 0 3 32 
0 0 0 0 12 
0 2 0 1 57 
0 0 1 2 50 
1 0 0 0 32 
0 1 1 0 33 
0 0 0 2 19 
2 1 0 0 22 
0 1 0 0 34 
0 0 0 0 44 
0 1 1 0 28 
1 1 2 0 25 
1 0 0 0 12 
0 0 0 2 22 
0 0 0 0 28 
0 1 0 1 27 
1 0 4 2 17 
1 0 3 0 13 
0 0 1 0 33 
0 0 0 0 44 
0 1 2 0 13 
0 0 0 2 39 
0 0 2 0 9 
2 1 2 0 25 
0 0 0 1 12 
0 0 1 0 13 
0 0 0 0 0 
0 0 0 0 15 
0 2 1 0 2 
1 1 0 2 4 
1 0 0 0 10 
0 0 1 0 5 
1 0 0 2 12 
0 1 0 0 10 
0 0 1 0 3 
0 0 0 0 7 
0 1 0 3 15 
0 0 1 1 8 
0 0 0 0 3 
0 0 0 3 2 
1 0 0 7 6 
0 2 0 4 9 
1 0 1 8 21 
1 0 0 9 23 
0 1 0 2 8 
0 0 0 9 33 
0 0 0 15 24 
0 0 0 17 10 
0 0 0 5 6 
0 0 0 7 3 
1 0 0 15 11 
1 0 1 19 13 
0 0 0 19 18 
0 1 0 15 19 
0 0 0 14 19 
0 0 3 22 23 
2 0 1 15 17 
0 1 0 8 33 
0 0 1 18 67 
0 0 1 48 60 
0 0 0 33 149 
0 0 4 46 99 
0 0 1 10 98 
0 1 0 24 69 
1 2 2 47 141 
0 1 4 39 99 
1 0 2 30 106 
0 0 7 28 197 
0 3 4 18 284 
0 0 7 43 936 
0 0 7 28 207 
0 2 0 66 757 
1 0 7 64 98 
0 0 15 53 687 
0 2 18 83 623 
0 1 2 122 516 
0 0 9 97 1169 
0 2 10 96 1639 
0 1 10 72 1419 
1 2 18 81 1172 
0 0 19 138 941 
1 0 11 94 523 
0 0 10 44 555 
1 0 6 114 892 
0 0 14 91 660 
1 3 17 133 1019 
0 0 13 125 1738 
0 1 29 72 1564 
0 0 15 67 2560 
0 2 41 134 1412 
0 0 12 182 1362 
0 3 17 175 944 
0 1 10 131 1097 
0 10 12 220 1259 
0 2 32 259 3794 
1 12 40 172 2972 
0 11 64 451 3117 
1 13 21 201 1927 
0 9 64 445 2249 
1 5 67 376 1989 
0 1 22 265 2002 
0 7 22 1189 1540 
0 12 25 617 3674 
1 12 16 331 1302 
1 12 27 585 2004 
2 12 13 907 2703 
1 8 25 634 2058 
1 7 9 648 850 
6 5 6 351 528 
7 10 17 203 896 
6 6 16 144 1273 
4 2 15 302 890 
3 5 14 189 1094 
0 8 8 54 1053 
1 2 0 93 684 
9 3 3 119 423 
5 3 14 68 242 
1 3 8 28 609 
1 1 10 50 307 
2 0 21 54 339 
2 1 15 16 217 
0 1 8 9 158 
0 1 8 16 151 
0 1 4 30 154 
0 1 2 18 100 
1 0 2 5 129 
0 1 1 7 150 
0 0 5 5 193 
0 0 2 3 162 
0 0 2 0 108 
1 0 1 1 71 
1 1 1 2 56 
1 1 0 0 25 
1 0 1 3 43 
0 0 1 1 71 
0 0 2 0 32 
1 0 2 0 49 
0 0 2 0 31 
2 0 4 2 40 
1 1 0 0 42 
0 0 0 1 60 
0 0 0 1 79 
0 2 0 1 34 
0 0 1 3 14 
0 0 0 1 22 
0 1 1 0 27 
0 0 0 7 14 
1 0 0 6 26 
0 0 0 7 70 
0 0 1 7 17 
0 0 0 4 25 
0 1 0 6 27 
0 0 0 7 28 
0 0 0 2 16 
1 0 1 0 8 
0 0 2 0 26 
0 1 1 0 22 
0 1 0 0 13 
1 0 1 0 32 
0 0 0 1 30 
0 0 0 1 22 
1 0 1 3 47 
2 0 0 3 39 
1 0 0 10 39 
0 0 0 1 45 
0 1 1 0 36 
0 0 0 6 50 
0 0 0 6 41 
2 0 0 3 49 
1 1 3 3 106 
2 1 1 7 79 
0 1 4 2 59 
1 0 2 7 72 
1 0 1 7 211 
0 0 4 5 136 
1 0 2 7 160 
1 0 5 12 91 
0 0 5 10 133 
0 3 3 14 124 
0 0 4 21 99 
1 1 15 31 136 
0 0 7 15 148 
0 0 6 13 103 
0 1 0 23 172 
0 1 10 8 131 
0 0 0 9 159 
0 0 6 21 66 
0 1 2 28 94 
1 0 3 29 79 
1 0 2 38 147 
0 1 5 29 114 
0 0 7 36 69 
0 1 8 20 257 
0 2 3 35 151 
0 6 5 14 214 
0 3 14 59 487 
1 5 2 77 956 
0 1 11 132 963 
0 3 9 126 338 
0 3 12 48 1476 
0 8 9 59 569 
2 3 36 130 492 
1 3 8 156 2387 
1 2 19 119 882 
0 5 19 103 390 
2 0 20 135 363 
0 1 22 198 2014 
0 2 20 180 2058 
0 2 44 315 1122 
0 10 10 279 1726 
1 12 35 406 2764 
0 8 32 413 1222 
1 15 38 207 2435 
0 13 77 256 1581 
0 20 54 699 2306 
0 9 46 252 2864 
0 18 30 270 1729 
0 12 70 439 2495 
0 13 69 132 2481 
0 12 31 105 2285 
0 3 42 181 1476 
1 6 44 150 904 
0 7 16 296 989 
0 1 30 157 1920 
0 6 35 178 666 
0 2 27 158 1501 
0 0 28 110 1216 
0 4 12 117 837 
1 2 24 176 587 
0 2 24 79 1521 
0 0 8 115 748 
2 0 6 213 958 
0 1 9 192 1054 
0 0 10 136 714 
1 0 17 55 75 
0 0 5 84 399 
0 0 0 61 456 
0 0 3 26 321 
0 0 0 39 113 
0 0 1 11 257 
0 0 0 30 26 
0 0 2 41 104 
0 1 8 16 82 
0 2 3 17 155 
2 1 4 27 114 
0 2 5 24 77 
0 0 1 13 101 
0 0 1 16 87 
0 1 1 18 74 
0 0 1 26 52 
1 0 4 20 147 
0 1 3 15 154 
0 1 0 18 139 
0 0 2 23 73 
0 0 0 32 136 
0 0 4 48 73 
1 1 0 40 166 
1 0 0 28 28 
1 0 4 27 135 
0 1 2 18 52 
0 0 3 56 176 
0 0 3 33 74 
0 1 2 41 327 
0 0 1 17 157 
0 0 3 35 206 
2 0 1 46 234 
1 5 6 45 230 
0 2 8 27 477 
1 4 8 53 465 
1 2 6 19 237 
0 2 10 20 239 
0 0 2 48 467 
0 1 3 35 196 
1 0 7 37 384 
0 0 8 75 541 
0 2 12 53 631 
0 2 6 76 240 
1 0 10 36 426 
0 0 1 107 547 
2 4 3 51 472 
0 0 1 72 200 
0 2 4 95 540 
0 1 9 46 439 
0 3 5 44 557 
0 1 3 34 287 
0 3 2 29 336 
0 4 0 52 209 
0 7 6 51 164 
0 0 3 30 148 
0 2 2 14 156 
1 2 1 33 90 
1 0 2 4 112 
0 1 3 13 107 
0 0 1 13 71 
0 1 2 32 403 
0 0 2 12 107 
0 1 5 12 233 
0 0 2 27 276 
0 1 7 6 381 
0 0 7 33 114 
0 0 0 41 254 
0 0 6 56 238 
1 1 6 52 252 
1 0 4 39 148 
1 0 6 72 129 
1 0 2 115 139 
1 0 5 107 205 
0 1 3 116 141 
2 1 0 54 127 
0 1 2 99 133 
0 0 0 153 215 
0 2 1 63 101 
0 0 1 62 117 
1 0 0 118 93 
3 0 0 117 200 
0 0 0 113 293 
1 0 4 164 440 
0 0 6 142 228 
0 0 2 87 212 
0 1 1 67 478 
0 0 4 60 531 
0 0 3 42 129 
0 0 0 49 743 
1 0 3 126 701 
0 1 1 80 442 
0 2 0 114 812 
0 1 3 91 408 
0 1 5 162 889 
0 0 5 70 639 
0 2 10 85 524 
0 0 10 86 678 
0 0 16 54 824 
0 0 4 101 670 
2 1 26 129 667 
0 0 20 130 698 
0 1 17 98 673 
0 0 15 123 789 
0 1 4 70 1140 
0 0 33 67 832 
2 1 17 75 1764 
0 3 30 68 1590 
0 0 10 54 1399 
0 1 14 27 745 
0 1 10 34 625 
0 2 14 43 477 
2 3 15 27 906 
0 2 6 31 562 
0 4 41 26 1133 
3 2 12 30 770 
0 3 6 86 1146 
0 11 13 144 796 
4 13 15 42 726 
1 5 12 50 925 
0 4 16 77 1286 
2 4 6 47 503 
3 7 13 51 821 
11 3 10 61 2589 
4 3 31 63 2115 
2 1 31 66 2924 
2 9 30 70 2703 
1 2 27 89 3257 
8 9 14 54 2096 
1 3 13 171 3408 
4 2 49 63 3031 
2 9 28 57 2098 
3 2 41 191 353 
1 2 29 247 681 
0 3 17 189 1383 
1 2 30 85 528 
1 2 27 93 714 
2 0 14 142 255 
0 5 4 156 846 
0 4 22 107 605 
0 6 11 95 563 
1 4 5 143 352 
0 1 6 152 453 
1 0 6 79 103 
0 0 7 86 96 
0 1 0 57 232 
0 1 2 55 106 
0 3 0 87 146 
1 1 1 83 137 
0 1 3 79 124 
1 0 1 90 95 
1 1 0 34 93 
1 0 4 70 69 
0 0 2 61 68 
0 0 2 47 60 
1 0 2 32 22 
0 0 1 18 14 
0 1 0 19 18 
0 3 1 10 28 
0 0 1 10 19 
1 0 0 9 23 
0 0 1 14 12 
1 0 0 9 14 
4 0 0 7 8 
0 0 2 6 25 
3 0 0 4 12 
2 0 0 6 19 
0 0 0 3 17 
0 0 0 4 9 
1 0 0 5 13 
0 1 1 4 5 
0 0 1 2 10 
0 0 2 0 16 
1 0 2 0 16 
1 0 3 8 37 
0 0 0 5 29 
1 0 5 6 24 
0 0 3 2 59 
0 1 2 1 43 
0 0 1 0 71 
0 0 1 3 69 
1 0 0 4 34 
0 0 0 5 36 
1 0 1 18 50 
0 0 2 11 26 
0 2 3 8 48 
1 0 1 16 61 
0 1 0 31 29 
0 1 3 13 18 
0 1 4 51 24 
0 0 4 15 30 
0 0 1 27 22 
1 0 0 18 11 
1 1 0 22 50 
0 1 3 25 13 
0 2 0 36 13 
1 0 0 14 29 
0 2 2 24 61 
0 0 0 26 56 
0 2 0 22 34 
0 0 0 23 130 
0 2 0 27 19 
0 2 1 22 78 
0 2 3 9 89 
0 0 0 33 171 
0 1 0 28 79 
1 0 0 59 210 
0 0 1 27 147 
0 1 1 49 178 
0 2 3 27 166 
0 0 0 27 45 
2 1 2 33 110 
0 0 0 21 42 
0 0 2 6 43 
1 2 2 13 18 
2 1 1 21 33 
0 0 0 32 28 
1 0 5 19 61 
0 0 2 19 98 
0 4 0 33 72 
0 3 0 38 124 
0 4 0 24 122 
1 2 1 61 164 
0 0 1 21 239 
1 7 3 81 148 
0 2 2 71 360 
1 4 6 77 298 
1 8 3 135 438 
0 6 2 205 554 
0 13 6 115 459 
0 4 6 133 265 
0 17 0 88 168 
0 1 2 112 564 
0 4 6 70 849 
2 7 1 146 248 
0 6 1 172 683 
0 2 17 197 1360 
2 3 10 169 1702 
0 6 10 219 572 
0 0 11 207 1292 
0 1 16 197 1424 
0 0 24 210 796 
0 2 21 83 1804 
0 5 15 118 1821 
0 0 23 204 1457 
0 2 23 245 1400 
0 7 36 349 1794 
0 2 34 126 2306 
1 3 18 128 1443 
0 4 11 221 1345 
0 3 31 70 1600 
0 3 36 324 823 
2 3 34 135 1268 
2 0 24 370 1554 
1 5 30 158 701 
0 1 30 219 815 
0 0 28 208 798 
0 0 16 104 852 
2 0 17 303 598 
3 0 6 72 144 
0 0 3 90 508 
0 0 5 81 187 
0 0 4 32 323 
0 0 5 48 165 
0 0 2 77 291 
0 1 1 11 264 
1 0 5 53 202 
0 0 0 24 239 
0 3 8 20 255 
0 0 8 20 160 
0 0 0 38 425 
0 1 4 13 160 
1 2 5 32 237 
0 1 5 54 176 
0 2 2 18 76 
0 0 1 18 145 
0 1 2 19 140 
1 1 11 17 117 
0 2 10 15 166 
1 0 5 6 149 
0 0 2 13 150 
0 0 6 10 80 
0 2 5 1 209 
0 1 7 3 46 
1 2 6 5 55 
1 2 0 2 157 
0 1 9 1 103 
2 4 2 10 182 
0 9 6 3 127 
1 10 2 7 106 
1 3 0 2 129 
0 11 2 1 118 
1 10 1 3 168 
0 18 3 7 309 
2 22 2 22 173 
0 5 2 15 57 
0 7 3 9 67 
1 7 1 9 97 
0 4 8 19 139 
0 3 3 9 113 
0 2 0 2 207 
0 3 1 6 105 
0 4 2 16 119 
0 0 1 13 94 
0 1 0 7 112 
0 1 0 9 160 
0 0 0 10 155 
0 0 2 34 272 
0 0 0 37 221 
1 0 2 22 134 
0 0 1 17 256 
0 0 3 32 430 
0 0 7 30 408 
0 0 2 25 410 
0 0 5 18 283 
0 1 0 6 184 
0 2 2 20 312 
1 0 4 6 338 
0 1 2 38 231 
2 1 1 9 229 
0 1 0 33 137 
0 2 0 45 304 
0 0 0 55 484 
1 0 5 85 291 
0 0 3 44 390 
1 2 5 94 620 
3 0 6 27 373 
2 0 8 75 424 
1 0 4 105 405 
3 0 4 108 348 
7 1 8 45 478 
6 0 4 100 572 
6 0 13 125 622 
5 0 13 91 629 
7 0 27 142 540 
1 0 10 89 319 
6 1 9 53 1132 
4 0 7 38 858 
5 0 8 32 1427 
3 1 7 70 1626 
7 1 6 59 727 
2 0 8 106 1362 
2 1 3 163 1322 
0 3 3 158 564 
2 0 3 156 981 
1 0 7 117 1194 
2 3 7 72 993 
1 2 9 144 991 
0 0 3 80 1225 
0 3 14 178 1230 
0 0 7 163 1065 
0 1 9 174 640 
1 1 15 100 1122 
0 0 6 108 923 
0 2 11 39 434 
1 4 17 27 551 
0 5 15 85 756 
0 3 5 75 581 
1 0 12 21 425 
0 0 14 38 674 
0 3 5 85 427 
0 8 9 86 775 
0 9 7 55 319 
0 2 6 52 472 
0 10 6 48 499 
2 12 12 34 240 
0 2 2 45 390 
1 2 2 61 402 
0 1 1 35 202 
0 0 5 23 124 
1 0 2 9 120 
0 2 0 25 98 
0 2 3 11 149 
0 0 2 15 126 
0 0 3 18 335 
0 1 2 7 309 
0 1 0 10 632 
1 0 4 40 434 
1 3 1 31 910 
1 0 4 62 638 
2 0 5 38 883 
0 2 7 36 456 
0 3 10 34 302 
1 3 5 32 753 
0 1 2 83 639 
1 0 10 35 355 
1 0 8 32 536 
0 1 10 30 1446 
0 1 8 40 410 
0 6 6 33 773 
0 1 4 52 838 
0 0 34 37 825 
0 1 8 59 344 
1 5 12 43 176 
0 5 8 64 448 
0 1 8 63 243 
2 0 8 64 696 
0 5 8 95 268 
1 3 8 133 500 
0 3 6 47 425 
0 0 5 157 399 
0 1 7 101 548 
0 2 14 139 379 
0 3 3 145 450 
1 0 6 204 250 
1 1 11 147 172 
0 0 12 73 229 
0 2 11 84 355 
0 0 4 121 230 
1 0 15 65 161 
0 2 11 81 105 
0 1 7 77 154 
2 1 9 89 299 
0 2 1 83 146 
1 2 4 123 214 
1 0 1 346 246 
0 0 0 78 154 
0 3 4 90 186 
0 2 1 79 98 
0 0 0 95 223 
1 1 1 127 93 
0 0 2 84 85 
2 0 3 116 160 
0 0 1 65 127 
0 1 3 37 70 
0 1 2 64 145 
0 1 0 85 113 
0 2 1 115 69 
0 0 1 130 197 
0 1 8 68 129 
1 1 1 80 321 
0 2 11 49 75 
0 2 8 78 231 
0 0 9 102 188 
0 7 12 74 660 
1 2 15 72 543 
1 4 8 51 466 
0 0 4 70 361 
0 4 4 117 459 
0 0 22 48 920 
0 2 7 95 496 
0 4 2 33 298 
0 0 9 42 412 
0 0 7 47 1530 
0 3 3 32 630 
0 4 2 46 889 
0 1 1 52 1138 
0 7 5 25 1561 
1 3 3 46 919 
1 6 7 33 551 
0 4 8 62 988 
0 3 2 49 1118 
0 6 9 36 639 
0 6 13 46 531 
1 3 12 31 420 
0 3 14 47 386 
0 5 10 34 322 
1 6 9 40 126 
2 0 10 45 124 
0 1 11 68 287 
0 1 2 68 314 
0 2 13 42 503 
1 3 3 115 556 
0 0 7 38 507 
0 5 6 130 346 
0 0 5 109 226 
1 0 4 126 578 
1 0 6 72 307 
0 0 3 67 426 
0 0 4 54 380 
1 1 8 81 151 
1 1 2 40 406 
0 2 4 49 183 
1 0 2 42 445 
1 1 1 57 335 
1 0 0 31 423 
1 0 2 44 344 
0 0 4 27 124 
0 1 0 29 893 
1 0 4 27 628 
1 3 5 71 830 
0 1 7 84 496 
0 0 6 112 330 
0 2 5 131 1424 
0 0 11 40 1193 
0 0 7 89 946 
2 0 15 175 1071 
0 2 5 151 828 
1 3 15 94 844 
0 1 32 103 1692 
0 2 17 85 1934 
0 2 40 134 2968 
0 2 10 175 936 
0 0 13 398 611 
1 2 15 89 1092 
1 2 22 57 985 
0 0 6 83 1427 
1 2 22 268 982 
2 1 19 72 1330 
0 1 22 169 763 
0 2 17 125 589 
0 4 23 168 980 
0 2 12 158 837 
0 1 5 52 1441 
1 2 14 114 614 
0 3 10 113 558 
0 1 9 76 264 
1 5 10 82 559 
0 4 10 108 120 
0 3 10 75 416 
0 1 14 39 351 
0 0 17 58 481 
0 0 3 69 423 
1 0 4 83 399 
2 1 2 154 264 
1 0 2 120 114 
3 0 3 83 173 
1 5 3 38 394 
1 0 3 91 239 
1 1 1 66 134 
0 2 3 29 204 
0 3 0 38 306 
1 3 4 29 142 
0 4 0 6 228 
0 2 3 14 147 
0 2 6 16 137 
0 6 0 19 67 
1 3 0 11 90 
0 1 4 17 72 
1 2 3 9 91 
0 2 5 11 97 
1 4 9 18 213 
0 0 0 19 187 
0 3 0 25 113 
0 1 0 43 47 
0 1 4 11 137 
2 0 0 40 173 
1 1 4 21 143 
0 2 5 15 327 
0 1 4 25 212 
1 1 3 26 121 
1 2 1 30 203 
0 0 5 43 220 
0 0 4 53 175 
0 1 4 36 238 
0 0 0 31 272 
0 2 0 77 123 
1 5 3 114 214 
0 1 2 25 485 
2 1 1 111 565 
2 2 3 137 878 
0 3 6 152 660 
0 8 6 166 838 
1 0 2 151 805 
0 0 5 43 650 
0 3 6 61 1817 
0 4 7 109 1030 
0 4 7 127 1719 
0 2 9 113 1465 
0 5 6 47 1276 
0 3 10 33 2245 
0 3 13 59 1928 
1 6 28 97 1171 
0 0 15 38 3055 
1 5 35 96 3929 
0 5 26 65 1854 
0 8 17 70 1576 
2 4 39 56 1257 
0 5 6 132 1098 
1 3 43 146 1220 
3 4 32 184 647 
2 8 48 233 753 
4 0 20 232 735 
1 0 11 96 340 
1 4 29 265 325 
5 0 17 134 150 
2 0 6 63 38 
11 0 16 70 46 
2 3 8 62 77 
3 0 0 49 63 
8 0 2 45 20 
0 3 3 28 41 
4 0 0 23 48 
2 0 1 21 38 
5 2 0 32 58 
6 3 1 58 35 
4 0 2 36 32 
3 1 0 42 40 
1 0 0 30 31 
0 4 0 20 47 
1 1 0 22 24 
0 1 0 13 9 
0 1 2 24 16 
