0 1 0 2 2 5 4 4 12 23 34 42 35 73 75 105 112 187 237 562 
2 1 0 2 1 1 1 6 13 30 26 45 43 75 47 62 56 88 156 534 
0 0 7 1 2 2 3 4 6 46 47 38 20 100 68 74 175 79 104 530 
0 3 5 2 0 2 5 16 27 85 68 48 65 56 60 69 131 141 69 254 
0 0 2 4 1 0 5 5 26 44 63 102 86 114 62 57 227 149 463 627 
1 8 7 4 1 0 1 4 43 75 62 169 188 158 60 49 458 137 211 288 
0 0 3 5 1 3 3 8 66 82 61 157 131 286 66 138 171 393 323 1862 
0 0 2 6 5 0 3 4 69 75 100 155 160 125 100 218 145 207 429 739 
0 5 0 6 0 5 16 14 131 46 102 83 104 151 206 181 299 289 486 1379 
0 4 2 6 4 0 15 16 25 39 114 142 106 40 217 71 345 311 206 1773 
0 2 2 10 4 8 28 9 51 74 106 208 72 228 484 190 257 214 678 4088 
1 2 4 15 3 2 11 7 74 90 161 118 144 164 307 208 230 477 343 2802 
2 0 1 8 7 11 32 23 72 182 173 70 289 243 652 163 213 250 332 5160 
1 0 1 7 8 12 24 29 66 130 200 64 113 215 391 105 545 238 244 1474 
5 3 3 3 9 9 26 27 59 337 178 94 259 315 801 79 221 767 233 4664 
0 0 2 4 12 12 18 33 43 225 217 82 94 527 551 155 197 517 476 4248 
1 2 5 5 1 8 23 49 14 249 126 45 139 138 410 73 252 305 304 2101 
2 0 1 3 19 8 9 26 20 134 197 104 79 215 238 128 160 204 350 3586 
0 0 0 7 1 9 12 4 30 114 136 26 52 296 248 178 159 277 2 1809 
3 3 3 6 16 6 3 19 27 153 72 94 71 190 172 69 173 115 185 1526 
0 0 4 2 2 10 3 28 26 78 108 46 134 88 157 123 420 279 609 1456 
0 1 1 3 5 3 7 20 41 172 135 66 93 181 194 331 295 238 351 359 
0 0 3 6 4 7 4 34 15 115 127 92 39 105 107 490 353 251 336 685 
0 1 4 2 2 10 10 17 13 131 107 98 96 97 287 200 142 233 231 318 
0 0 2 2 6 5 5 22 7 69 53 84 106 82 125 319 247 154 302 421 
1 0 2 5 2 1 7 15 7 90 58 70 121 110 424 301 324 248 441 341 
0 1 2 3 0 13 6 20 4 39 143 130 235 30 159 428 275 183 455 164 
0 2 0 0 6 9 7 11 6 36 88 66 93 144 76 268 295 153 317 108 
0 2 0 0 1 16 16 5 3 32 50 83 74 80 121 144 114 156 244 93 
0 0 0 3 0 2 9 4 4 43 98 49 115 37 48 84 199 178 168 104 
0 2 0 1 1 5 9 4 2 51 31 48 74 143 46 171 370 167 362 147 
1 2 0 0 0 4 5 3 1 45 30 27 56 41 52 101 204 169 233 47 
1 0 0 1 0 1 5 10 2 59 17 30 81 82 38 68 137 113 294 23 
0 1 0 0 0 2 7 3 1 28 21 34 29 68 33 70 132 211 300 50 
1 1 1 2 0 0 7 7 1 17 22 40 19 37 40 44 60 158 134 78 
1 2 0 3 0 1 9 4 1 12 11 67 44 44 28 35 76 69 259 16 
0 1 0 0 0 0 8 0 0 17 14 21 4 24 6 21 61 120 261 14 
0 1 0 0 0 0 14 3 2 16 14 36 47 39 10 17 50 158 260 13 
0 0 0 0 1 1 21 0 1 9 14 41 57 24 8 18 26 170 157 27 
1 0 0 0 0 1 9 3 3 18 12 27 42 26 8 11 55 252 315 20 
0 0 0 0 0 1 7 0 3 7 13 26 38 30 6 19 38 286 218 47 
0 0 3 0 0 1 6 8 0 33 14 28 6 59 13 11 71 187 208 66 
0 1 1 1 1 0 17 1 1 21 13 56 16 42 12 22 35 330 168 26 
3 0 1 0 0 0 0 2 0 16 14 19 30 15 13 30 28 157 93 29 
0 0 3 0 0 0 0 3 0 23 8 29 11 53 21 8 18 106 267 21 
1 0 0 0 0 0 3 0 0 12 15 43 15 21 27 10 15 195 85 14 
0 1 1 1 0 1 0 1 1 6 9 78 38 64 21 21 9 102 169 41 
0 0 0 0 0 2 1 1 0 4 20 26 24 15 19 25 20 228 305 16 
0 1 0 0 0 0 2 0 0 6 9 46 38 29 32 50 11 114 123 46 
0 0 1 1 0 1 6 1 0 13 5 135 14 31 21 41 20 108 272 24 
0 1 2 0 1 1 1 3 1 5 8 56 13 28 14 29 35 185 348 24 
1 0 0 1 0 0 3 0 0 22 6 138 43 50 32 24 33 113 127 40 
0 3 0 2 0 0 1 2 0 14 5 100 41 32 15 44 50 93 251 19 
0 1 1 1 0 1 4 0 0 5 4 46 52 12 43 26 69 116 204 23 
0 0 0 0 0 1 5 5 0 12 9 45 51 47 25 11 61 58 215 15 
1 4 0 0 1 2 1 3 1 15 9 76 58 38 23 31 41 72 109 41 
0 1 1 1 2 0 4 4 0 18 2 51 82 16 38 37 62 136 387 56 
0 2 0 2 1 1 4 5 0 11 7 76 51 27 16 70 88 125 292 33 
0 2 0 2 2 0 2 2 2 11 2 69 66 30 40 25 125 81 412 26 
0 1 1 0 1 1 2 2 2 4 11 41 27 41 13 36 71 64 153 41 
1 6 0 0 2 0 1 3 0 3 12 64 55 46 8 43 84 105 333 30 
0 5 0 0 2 0 2 3 1 32 8 104 37 28 17 79 120 66 119 55 
0 2 1 0 1 0 1 4 2 33 11 45 77 54 13 41 66 188 268 60 
0 2 0 0 0 0 2 3 0 10 31 73 20 34 9 62 150 184 469 46 
0 5 2 0 0 0 5 3 0 15 29 53 39 37 23 40 116 55 146 64 
1 1 2 0 0 2 1 5 0 6 18 58 37 26 42 61 135 207 195 97 
0 4 0 0 0 0 0 6 1 8 38 117 24 30 63 44 190 83 396 57 
0 1 0 1 0 1 4 2 1 19 33 127 28 43 30 25 83 91 144 49 
1 0 0 2 0 0 4 5 0 2 20 70 24 33 47 27 65 190 318 40 
0 0 1 1 0 1 5 1 1 7 27 29 31 23 12 70 97 98 164 25 
0 2 1 0 0 0 4 3 0 2 10 17 15 46 20 33 135 59 312 38 
0 1 0 0 0 3 3 0 0 6 30 33 20 111 13 4 131 67 105 92 
0 0 0 0 0 5 2 3 0 1 4 15 16 44 29 51 235 119 156 86 
0 0 0 1 0 3 0 2 0 9 29 26 10 93 9 58 87 56 163 67 
2 1 0 0 0 1 4 1 0 5 16 41 14 42 18 86 142 72 154 63 
0 0 1 0 0 4 12 0 0 7 52 46 5 44 38 62 177 65 75 64 
0 1 2 0 1 3 2 1 0 11 9 63 6 118 84 78 90 37 119 49 
0 1 2 0 0 2 0 1 0 11 32 43 3 44 88 153 62 47 47 66 
1 0 0 0 0 1 2 0 0 19 38 47 14 65 110 31 66 89 73 104 
1 0 0 0 0 6 2 0 1 12 11 51 10 113 63 115 77 198 86 72 
0 0 1 1 3 9 11 2 1 6 21 46 5 44 113 14 47 74 58 56 
0 1 1 0 2 12 1 0 0 9 17 72 8 108 45 138 71 178 92 111 
0 1 4 2 0 6 4 0 0 3 17 21 12 52 65 87 109 169 90 78 
0 0 0 0 0 15 7 0 0 3 25 79 12 52 64 49 62 115 45 96 
0 0 0 2 1 6 4 2 1 14 8 32 6 12 124 32 54 72 91 132 
0 0 1 0 0 4 6 0 1 3 20 58 5 46 82 42 62 103 67 47 
1 0 0 0 0 7 10 0 0 1 25 30 2 18 33 25 30 96 29 173 
0 0 1 0 0 9 6 0 1 5 10 31 4 15 61 30 21 109 24 123 
3 0 0 1 0 10 8 0 3 2 16 9 5 24 33 24 12 90 24 125 
1 1 1 0 0 2 19 0 1 2 14 18 7 14 66 33 6 206 22 221 
1 0 2 0 0 7 14 0 0 7 20 29 6 24 13 8 16 270 65 235 
1 1 0 0 0 3 7 1 0 7 8 25 17 32 50 24 21 214 30 391 
0 2 0 1 0 39 11 1 0 8 17 32 17 44 84 28 24 644 56 664 
1 0 1 0 0 16 18 1 8 15 30 30 24 45 95 31 54 474 43 533 
0 0 1 0 2 17 8 1 3 27 32 61 23 33 92 28 25 571 55 1622 
1 0 2 0 4 21 9 0 1 9 61 19 29 191 40 46 60 731 114 1248 
0 0 2 0 2 31 23 0 0 22 70 23 13 33 95 75 45 363 94 1554 
4 2 1 1 2 13 20 1 6 24 54 54 27 50 105 152 63 304 132 1202 
18 0 1 5 4 23 0 1 4 19 60 45 19 43 110 176 119 403 175 2202 
8 0 3 6 6 12 22 0 9 36 50 113 34 85 95 148 130 315 214 2220 
9 0 4 5 13 13 11 0 4 64 66 113 29 51 65 322 118 482 203 3064 
9 1 5 9 2 5 28 1 3 55 130 101 36 91 143 184 177 523 284 2545 
8 1 1 4 7 3 36 0 10 69 170 91 55 26 146 230 169 349 399 1457 
16 1 1 13 5 2 8 4 4 175 31 31 62 46 258 208 208 296 380 2621 
0 0 1 2 8 7 18 0 7 92 109 89 20 45 175 304 195 438 217 2464 
1 0 4 2 7 2 32 0 2 91 93 26 51 53 121 268 106 552 388 2460 
4 1 0 6 7 5 37 1 10 168 156 38 41 56 119 335 211 258 295 1347 
1 0 1 7 12 3 47 3 3 137 125 81 67 49 46 215 202 302 473 867 
2 1 4 3 5 2 9 2 15 150 90 116 140 27 243 180 140 691 727 851 
0 0 4 11 7 2 11 1 7 179 132 125 79 130 182 386 97 164 162 1192 
0 1 5 3 12 2 12 7 16 319 227 38 71 78 136 179 162 348 376 1151 
1 2 5 4 5 1 15 13 5 74 306 39 39 125 266 123 211 283 641 1678 
0 0 9 13 3 0 11 26 22 142 318 44 17 182 464 119 190 298 463 570 
0 2 16 9 8 1 12 27 11 72 136 70 58 129 267 242 466 254 326 747 
0 5 5 9 5 0 7 27 25 37 34 30 105 78 168 99 696 209 148 344 
0 0 10 5 9 1 6 151 39 49 362 147 106 203 173 132 734 238 338 459 
0 2 9 3 3 2 1 50 18 76 94 74 90 112 104 55 453 91 42 584 
0 1 9 8 3 0 3 61 23 15 81 78 61 101 393 96 371 120 75 516 
0 3 13 11 1 0 4 65 74 71 91 163 32 113 260 91 182 121 212 444 
0 0 6 2 2 4 3 49 44 47 85 131 86 203 374 63 460 111 101 309 
0 0 0 4 0 3 0 14 48 38 129 136 53 111 72 114 194 91 116 101 
0 0 1 1 1 0 11 42 11 97 78 124 44 150 61 85 133 65 54 178 
0 0 2 1 1 1 1 14 35 29 67 85 37 152 71 39 219 40 129 186 
0 0 4 1 2 0 5 8 30 108 57 81 35 146 96 97 59 52 124 151 
0 0 0 6 1 0 10 12 19 46 52 116 54 91 102 90 78 43 81 157 
0 1 0 0 0 0 3 10 15 63 22 112 36 158 25 50 108 117 125 154 
0 1 0 0 0 5 6 1 7 37 24 74 13 219 85 113 52 46 140 161 
0 0 1 0 1 4 11 6 19 38 34 58 41 152 30 112 146 45 134 101 
2 0 1 0 4 1 7 6 17 38 18 93 36 200 83 69 47 84 154 91 
0 1 0 1 1 3 4 2 7 25 22 76 52 175 44 34 82 28 179 97 
0 2 1 1 0 0 3 2 5 22 15 38 56 77 36 58 53 46 98 78 
1 1 0 5 1 8 3 2 16 10 20 42 47 117 39 110 50 30 100 82 
0 1 1 2 6 6 1 2 13 17 7 39 111 52 23 67 82 29 184 60 
0 0 0 2 4 7 2 1 6 69 12 17 73 112 23 57 59 52 65 72 
0 0 0 0 2 3 4 1 3 29 0 29 28 64 30 32 72 26 133 99 
0 1 0 2 1 4 1 1 14 19 32 24 106 84 19 87 28 65 110 108 
2 1 3 2 0 0 2 1 11 18 17 20 111 66 46 41 26 31 90 42 
0 0 0 1 0 0 2 4 2 8 8 15 61 48 19 40 46 46 48 89 
0 0 1 1 0 0 0 0 2 10 9 18 47 30 18 56 52 22 108 29 
1 0 0 0 2 2 0 0 0 7 5 8 55 23 16 38 43 15 45 27 
0 0 2 0 4 0 1 1 2 0 3 17 29 18 18 25 21 20 51 26 
1 0 0 0 0 1 0 2 0 9 6 10 43 8 13 18 11 6 98 27 
1 3 0 0 0 0 0 0 2 21 13 7 48 10 20 9 23 35 96 33 
1 1 2 0 0 0 0 2 5 11 11 8 46 16 41 39 113 13 257 29 
0 3 1 0 2 0 1 0 7 0 11 14 51 26 11 22 52 26 185 48 
0 2 0 1 0 0 2 0 2 32 18 12 40 19 55 24 97 24 77 38 
1 0 0 0 0 1 0 1 1 24 7 18 74 25 26 41 117 51 169 70 
0 0 0 0 0 2 3 1 0 44 12 27 82 35 66 49 235 62 244 95 
0 2 0 0 1 2 5 0 2 78 2 18 77 26 138 52 205 51 252 260 
0 1 3 0 0 0 0 0 4 70 6 17 55 37 20 83 273 56 364 373 
3 2 0 0 1 0 3 0 2 106 1 36 71 42 43 111 248 86 476 187 
0 0 0 0 0 1 6 2 6 45 23 38 61 61 34 183 156 132 512 382 
1 1 3 0 0 2 2 0 5 75 27 117 68 65 75 81 431 97 437 116 
1 3 1 0 0 0 4 0 1 75 38 61 100 50 81 229 680 175 524 229 
0 2 0 2 0 2 0 0 5 97 36 92 101 120 59 235 397 259 252 311 
1 0 0 0 0 2 6 1 4 318 30 143 89 87 137 172 304 234 459 471 
2 0 2 0 0 3 6 0 5 88 43 120 51 95 145 247 367 123 123 253 
0 0 0 5 0 3 0 0 17 162 53 118 50 51 126 144 819 244 400 450 
0 0 1 3 1 3 5 0 7 127 73 125 54 103 230 106 715 216 276 487 
0 0 0 0 0 2 6 1 12 263 46 44 51 32 248 90 674 230 658 224 
3 0 2 3 0 1 8 1 12 113 53 143 64 88 111 98 673 153 526 504 
0 0 5 2 0 0 6 0 12 78 106 193 114 185 298 115 314 169 974 725 
0 2 3 1 0 2 5 0 23 69 31 147 88 156 309 86 367 194 143 670 
0 0 0 0 1 3 14 0 20 192 69 199 208 135 243 120 140 160 455 1058 
0 3 2 1 2 4 4 1 16 122 45 172 365 79 260 70 182 363 714 2067 
0 4 6 5 3 8 9 1 34 70 81 68 47 122 132 88 146 185 579 2082 
0 3 3 2 1 6 18 0 43 95 95 160 147 156 110 146 185 125 447 2735 
0 1 4 6 0 4 28 7 19 85 40 106 113 95 105 255 67 301 433 2720 
0 0 2 1 1 9 10 4 13 112 100 91 74 190 149 234 108 354 357 3014 
0 0 0 4 0 6 32 2 46 51 90 116 257 305 89 186 121 572 466 3509 
0 0 5 9 2 5 27 3 17 73 102 95 387 294 253 100 120 458 494 3353 
0 1 2 4 0 5 14 0 18 68 73 72 169 361 173 120 86 772 610 3455 
0 0 4 8 3 3 25 6 17 14 125 50 386 401 68 146 39 331 404 2600 
0 0 0 7 1 8 25 1 27 26 163 115 131 351 93 46 72 299 336 2566 
0 0 2 6 0 7 1 2 19 10 150 50 266 570 108 103 64 725 219 1570 
1 0 0 5 1 1 3 8 19 20 81 81 121 494 70 109 61 312 163 401 
1 1 0 2 1 2 3 13 19 10 141 154 127 71 91 112 53 371 152 723 
1 0 1 3 3 1 6 4 4 12 111 71 58 460 206 47 43 688 124 1137 
0 0 0 2 0 2 2 14 30 6 100 77 77 274 84 113 48 266 262 1208 
0 0 1 0 2 3 6 32 11 4 124 42 95 181 110 198 32 453 132 989 
0 2 1 4 0 1 2 19 15 7 149 81 58 128 57 93 91 280 253 530 
2 0 0 0 5 3 1 7 8 6 101 91 19 90 161 181 25 200 65 412 
1 0 1 0 1 6 0 15 15 15 105 45 31 33 57 60 18 251 119 177 
0 0 1 3 0 1 1 5 9 0 51 53 15 48 97 235 9 98 128 166 
0 0 0 1 4 0 0 15 9 3 69 110 7 38 41 115 16 151 73 179 
1 0 1 0 6 1 0 11 12 8 185 44 7 39 63 168 27 158 42 299 
0 0 0 0 5 1 0 20 9 3 64 35 10 22 68 133 89 111 83 223 
0 0 0 0 10 0 0 6 9 7 17 89 27 22 51 154 105 74 42 214 
1 0 0 1 4 3 0 16 3 1 24 15 8 13 21 55 63 94 24 233 
0 1 0 0 8 0 2 7 6 2 7 22 9 12 31 104 24 96 32 122 
0 0 0 1 6 0 1 1 3 3 18 28 12 7 39 87 12 124 44 107 
0 0 0 0 8 1 0 17 8 0 27 7 7 6 40 89 15 31 24 87 
0 1 0 0 2 0 0 9 5 2 8 12 6 6 49 29 21 35 28 180 
1 0 3 0 4 0 1 4 5 1 14 6 8 5 20 74 33 57 16 160 
1 1 0 0 7 0 0 8 4 1 12 14 9 11 52 25 30 41 38 79 
0 0 0 0 4 0 3 5 0 0 6 32 7 4 28 50 30 85 25 99 
2 0 2 0 10 2 3 15 4 3 13 56 6 2 44 41 29 161 19 299 
1 0 0 0 9 2 3 15 9 4 6 38 11 1 30 41 51 67 14 201 
0 0 0 1 9 2 1 11 8 2 9 10 9 3 45 42 60 57 26 181 
0 0 0 0 6 0 2 3 1 1 19 38 21 3 69 78 145 119 14 264 
0 0 3 1 11 1 1 9 11 1 13 51 27 1 73 51 58 90 33 190 
0 0 0 0 1 0 1 2 10 6 13 30 12 4 28 47 80 57 7 143 
1 0 10 0 5 2 1 2 17 2 13 21 14 9 36 52 83 100 27 157 
0 0 1 0 0 0 3 5 3 5 12 36 49 14 27 60 62 76 43 202 
0 1 2 0 4 0 1 0 20 5 12 43 22 10 34 36 81 47 34 240 
0 1 5 2 5 0 0 4 10 2 15 28 42 9 95 15 22 50 92 105 
1 0 0 3 2 0 2 5 26 1 18 58 26 6 62 43 97 24 93 131 
2 0 2 2 1 0 2 1 17 0 8 31 23 7 125 30 91 71 67 73 
0 2 3 5 2 1 0 2 3 7 13 22 32 17 33 34 88 34 51 110 
0 0 3 3 0 1 1 0 4 0 10 44 14 19 29 50 52 54 36 104 
2 1 1 1 0 0 0 1 13 7 9 33 15 11 60 44 75 65 22 77 
0 0 0 3 0 2 2 1 6 1 5 26 21 9 26 30 70 49 64 277 
0 0 1 1 0 0 0 0 4 4 1 41 26 13 36 40 53 51 53 331 
0 1 1 5 0 0 2 1 8 4 15 68 26 12 60 41 58 54 46 221 
0 1 4 4 1 0 1 0 6 3 23 61 38 17 69 29 48 130 40 319 
1 0 1 4 1 3 6 0 4 4 14 54 35 8 63 76 38 57 65 318 
1 0 0 6 1 2 3 3 6 1 2 77 75 8 33 28 32 205 75 314 
2 1 1 6 0 2 2 0 3 7 11 84 39 10 78 189 46 149 76 220 
0 0 3 2 0 2 7 2 4 5 18 104 49 15 45 120 46 41 60 300 
0 1 3 1 0 8 2 0 5 8 38 49 33 6 79 96 38 87 92 152 
0 1 1 1 0 1 11 2 5 22 9 168 42 9 111 119 55 223 104 175 
1 0 0 4 0 3 10 0 2 23 12 308 52 40 192 128 87 75 100 252 
0 1 1 2 0 10 22 1 2 20 12 133 38 12 80 144 71 121 119 200 
0 2 2 1 0 2 18 0 1 11 23 265 39 34 93 91 149 77 133 186 
0 0 0 9 0 2 19 0 2 12 21 337 49 55 92 56 70 139 103 393 
0 0 0 1 1 4 43 0 5 18 15 187 86 24 37 176 73 46 108 275 
0 1 2 2 1 3 38 1 4 12 6 117 45 33 35 136 94 88 79 221 
1 1 1 1 0 2 41 2 1 30 11 121 102 39 53 271 78 69 105 274 
0 0 1 2 2 3 32 1 2 18 21 121 34 57 54 174 65 82 205 215 
2 0 0 4 0 2 39 2 2 21 36 124 48 57 74 239 82 64 219 229 
1 0 2 6 0 10 23 0 2 38 27 97 70 37 39 104 121 31 279 162 
0 1 0 3 0 16 10 1 2 20 38 59 49 61 79 123 49 60 569 256 
0 1 1 4 1 6 23 0 2 64 36 37 95 77 35 121 87 68 114 141 
0 1 0 4 1 5 30 2 2 41 19 44 134 110 56 109 69 52 196 332 
0 0 0 1 1 9 10 0 1 77 31 47 57 133 105 80 102 39 167 375 
0 1 1 3 1 3 9 4 2 61 46 23 55 40 74 77 94 53 272 127 
0 1 0 5 1 14 17 1 0 89 47 31 64 59 104 71 68 30 52 276 
0 1 0 1 0 2 4 1 3 49 18 71 49 49 30 81 84 49 179 418 
1 2 0 2 1 8 4 1 0 126 21 64 38 25 71 111 84 86 171 471 
0 0 1 1 1 4 4 5 5 71 47 21 50 40 91 73 48 70 210 626 
0 1 2 4 0 4 4 1 2 85 18 19 24 54 49 109 33 59 211 304 
2 2 0 0 0 1 0 2 2 112 15 9 34 39 13 12 16 16 137 186 
0 0 0 2 1 3 1 13 3 77 26 26 10 35 30 15 20 154 103 68 
1 1 0 0 0 1 2 11 2 37 8 14 22 59 15 22 55 65 174 178 
0 3 0 0 0 0 2 11 1 43 14 12 17 37 15 10 45 50 88 149 
1 0 1 0 0 2 0 4 0 52 8 11 4 35 15 7 103 46 61 143 
0 7 0 3 0 0 0 6 1 61 19 13 13 38 21 4 48 55 111 198 
2 4 1 1 0 2 0 2 2 20 6 11 26 57 35 14 22 100 79 211 
0 1 0 0 1 5 0 1 0 62 7 43 32 68 26 8 93 177 142 296 
0 0 1 0 0 4 0 6 3 119 16 9 43 104 24 4 28 97 135 284 
0 5 0 1 1 4 0 0 0 134 28 61 22 82 21 4 208 149 87 258 
0 6 0 2 0 7 1 0 1 45 14 26 11 84 14 9 139 117 87 485 
0 8 3 2 1 7 1 1 2 127 51 45 13 78 20 0 226 186 114 701 
0 9 0 3 0 16 0 0 0 129 16 39 23 31 24 24 144 213 85 998 
0 5 0 0 0 20 1 3 3 65 58 5 26 25 33 11 752 162 146 451 
1 5 0 0 0 39 1 6 4 103 75 9 52 72 49 17 535 279 228 2992 
0 5 1 0 2 26 0 3 2 115 51 27 40 64 90 24 180 224 208 1290 
1 2 1 2 0 11 2 2 1 40 73 18 58 62 57 45 622 57 423 923 
1 4 0 0 1 44 0 7 2 109 44 28 39 80 90 25 471 186 630 579 
1 2 2 2 1 15 2 1 4 57 58 20 71 116 24 93 203 216 397 0 
0 4 2 1 1 13 2 2 7 74 85 16 50 35 45 27 514 195 513 1465 
1 7 0 2 1 12 1 12 4 56 86 12 93 94 43 25 182 373 833 1647 
0 6 1 0 1 8 3 8 4 117 91 29 96 51 72 62 230 286 433 1471 
1 4 1 0 4 4 2 17 5 35 144 35 157 59 44 70 89 164 389 1367 
1 2 0 0 4 4 0 14 1 43 198 50 77 69 66 21 194 157 421 1874 
0 1 2 0 2 1 0 37 2 49 150 35 115 64 115 45 183 79 699 2157 
0 0 0 0 0 3 0 31 4 28 229 29 178 101 93 32 142 98 472 1354 
0 1 0 0 1 3 1 46 3 50 322 58 94 107 71 103 274 141 401 977 
1 0 0 0 0 4 4 32 4 45 401 26 59 87 45 62 313 122 1179 1858 
0 0 4 0 11 6 1 27 8 24 295 17 77 167 114 163 343 179 986 1579 
1 0 3 0 4 5 1 50 11 109 215 48 98 106 146 131 394 188 776 1975 
0 1 1 0 4 6 2 79 4 104 218 52 121 226 55 127 456 253 618 1919 
0 0 3 0 7 2 3 22 13 189 206 49 104 117 128 175 379 191 306 3471 
1 3 2 3 14 1 2 77 6 125 94 35 36 136 231 106 367 135 470 1236 
0 1 2 0 3 1 3 50 16 178 262 132 87 107 211 159 297 277 364 625 
0 3 2 2 14 2 2 31 4 72 95 56 75 86 134 149 238 301 484 965 
2 1 9 0 10 2 2 22 9 125 87 45 104 92 102 85 438 607 527 1488 
0 1 3 4 2 1 2 12 13 38 79 39 37 76 84 72 252 221 233 386 
1 0 0 1 3 0 6 6 31 92 69 30 39 71 83 111 397 141 80 471 
1 1 4 1 8 1 1 9 26 12 45 118 68 73 57 112 248 264 133 506 
0 1 2 0 10 1 2 3 27 43 34 63 20 63 48 57 239 384 210 281 
0 0 9 1 4 2 0 1 27 69 36 79 39 41 83 118 179 377 180 496 
0 0 5 0 3 0 1 5 32 17 61 37 47 62 100 139 134 452 77 341 
0 0 4 1 1 0 3 1 34 24 46 46 38 85 61 83 115 505 309 312 
0 0 4 0 10 0 4 4 36 32 53 97 90 69 64 162 38 583 109 122 
0 2 0 0 6 1 3 3 42 56 14 130 41 92 72 55 36 158 138 217 
0 1 1 0 2 1 4 0 35 24 47 170 38 101 31 87 104 363 242 100 
2 0 2 3 6 0 2 2 48 15 65 95 22 78 144 78 51 411 121 179 
1 0 4 0 1 2 0 3 49 34 55 111 18 111 94 54 54 363 200 256 
0 0 1 4 2 0 2 2 25 20 17 214 35 77 29 31 83 216 139 35 
0 0 1 4 1 1 2 0 27 26 8 96 33 123 77 61 38 162 84 236 
0 0 2 4 0 0 2 0 21 9 33 59 5 88 70 70 36 123 39 122 
0 1 1 9 1 0 3 1 8 7 18 107 23 66 36 36 33 129 56 247 
0 0 6 0 2 0 2 0 5 12 15 84 29 48 27 10 17 205 53 157 
0 1 0 2 0 0 1 0 11 5 20 75 17 27 39 39 29 54 40 74 
0 0 1 4 1 0 0 0 4 0 15 28 21 22 34 30 28 145 30 26 
0 0 1 5 0 0 0 2 6 3 14 25 14 12 46 20 9 60 16 63 
0 1 1 3 0 0 0 0 6 5 12 30 8 26 52 26 8 36 27 61 
0 1 2 2 0 1 5 1 6 5 23 21 15 10 33 82 7 61 13 12 
0 0 0 1 0 0 0 0 8 1 10 68 27 12 54 32 20 64 12 45 
0 1 0 1 0 0 0 0 2 0 7 23 28 8 93 38 26 40 35 47 
0 1 0 2 0 1 0 2 10 1 13 34 31 11 35 61 25 61 30 83 
0 0 1 0 1 0 8 2 2 0 7 106 31 22 37 49 21 89 11 62 
1 0 0 1 0 1 4 2 10 3 7 15 72 7 58 54 61 51 47 148 
0 1 0 2 0 0 3 2 11 4 5 34 33 10 51 76 35 26 34 86 
0 1 0 3 2 0 6 1 2 3 5 117 23 8 46 61 52 62 24 26 
0 0 1 3 1 1 9 2 1 11 3 93 33 5 96 129 36 190 22 95 
0 0 0 2 0 0 7 0 0 2 5 52 46 6 137 54 47 51 24 47 
0 1 1 1 0 0 7 0 0 4 5 35 31 4 52 33 51 180 26 69 
2 0 0 1 0 0 15 0 0 1 8 31 22 7 122 73 33 91 24 54 
2 0 0 1 0 0 11 1 0 7 14 99 40 21 144 43 25 49 22 86 
1 1 0 1 0 1 0 0 0 3 10 31 28 10 275 92 41 67 23 59 
0 0 0 0 1 0 10 0 1 5 14 81 14 18 193 64 36 116 46 100 
0 0 0 0 2 0 20 0 0 7 14 34 17 12 82 123 54 97 38 80 
0 0 0 1 0 0 25 0 0 8 11 20 30 11 66 78 24 79 13 270 
0 0 0 1 1 2 30 1 1 14 11 63 33 22 214 177 43 11 14 235 
0 2 0 0 0 0 31 4 1 5 12 27 10 29 122 74 39 42 13 154 
1 0 0 0 0 0 49 2 1 10 15 27 26 15 147 153 46 42 11 95 
0 2 0 0 1 2 28 6 1 15 38 26 16 77 182 84 21 65 32 204 
2 0 0 0 1 0 45 8 2 9 19 19 14 67 355 113 27 46 28 162 
0 1 0 1 0 3 25 15 0 10 37 33 20 53 138 138 27 51 32 423 
0 0 0 0 2 0 7 3 0 13 19 48 32 106 243 143 29 78 58 233 
0 1 0 0 1 0 14 3 0 8 40 22 41 52 216 77 34 62 26 961 
1 0 3 1 1 0 11 3 0 9 24 24 44 115 203 261 24 95 90 602 
0 0 0 0 2 0 15 8 2 13 44 33 37 84 160 371 57 60 62 1236 
0 2 1 0 0 0 5 4 3 13 58 81 18 85 112 167 81 132 71 946 
0 0 0 0 2 0 6 2 1 20 18 54 26 83 142 186 102 183 251 733 
0 1 0 2 0 0 23 3 2 22 75 46 45 190 129 186 60 180 281 1659 
0 1 0 1 0 0 7 3 0 18 50 94 23 83 171 169 49 196 116 1857 
1 2 0 0 0 1 13 0 3 19 41 51 41 26 69 328 84 136 142 3005 
0 1 1 0 1 0 5 3 4 16 77 97 18 71 51 205 94 48 238 951 
1 0 0 1 2 4 8 1 2 32 68 72 29 60 90 231 88 164 125 1074 
2 0 2 0 1 0 0 13 4 40 58 64 51 59 191 64 76 407 213 1730 
1 0 0 0 1 1 2 7 7 51 53 35 115 84 90 119 107 196 102 690 
0 0 1 1 1 0 2 7 0 116 55 73 55 107 71 82 137 171 170 1616 
0 0 5 0 0 0 4 2 13 59 113 46 59 94 148 74 101 212 165 711 
1 0 0 3 3 2 0 12 3 126 22 41 35 200 42 66 119 399 75 1684 
0 1 1 0 1 1 0 9 7 123 60 51 129 83 73 45 113 180 172 1602 
0 0 4 0 2 0 0 9 8 75 47 18 148 87 54 47 76 207 264 1368 
0 1 4 0 2 0 2 16 7 125 32 47 164 144 58 71 92 111 532 1478 
0 0 4 1 0 0 2 9 8 94 57 52 126 173 69 28 160 222 112 655 
1 1 5 0 0 0 1 5 5 73 24 47 113 137 59 48 119 159 341 419 
0 0 4 1 0 0 1 6 12 49 63 62 258 95 34 54 136 167 274 441 
2 0 7 0 0 0 1 2 7 99 36 21 62 77 136 61 60 199 145 254 
0 0 4 1 1 0 1 0 5 59 47 45 65 57 17 19 52 304 85 174 
2 0 2 0 5 1 2 0 4 28 61 22 39 65 8 44 90 423 133 189 
2 0 3 0 2 0 1 2 3 47 15 27 61 116 9 38 29 205 44 115 
4 1 2 2 0 2 0 1 3 28 23 23 31 80 12 16 35 178 39 71 
4 1 2 0 3 0 1 0 3 16 36 17 44 43 9 11 31 162 31 81 
0 0 3 2 1 0 2 0 8 22 12 20 50 55 9 6 37 122 23 49 
0 0 13 0 0 0 0 0 5 30 14 25 24 76 7 10 12 44 91 21 
0 0 6 1 1 0 0 0 9 27 1 65 32 52 4 15 34 113 69 33 
0 1 2 1 0 0 1 0 1 10 14 40 40 29 7 10 42 141 35 49 
0 0 1 2 0 0 0 1 3 13 12 77 26 53 18 17 20 59 82 30 
0 1 8 1 2 2 0 0 7 28 10 66 60 22 14 12 57 142 124 67 
1 0 0 0 0 1 3 1 2 33 11 39 36 21 16 7 42 345 28 105 
0 1 4 1 10 0 0 0 1 42 20 53 127 50 20 8 42 202 103 29 
1 0 0 3 1 0 1 1 1 44 17 69 35 44 13 19 26 143 105 33 
0 1 1 0 2 1 1 2 4 65 16 85 72 50 11 39 43 260 82 17 
0 1 0 4 3 1 0 1 2 117 11 30 71 29 19 44 47 205 293 34 
1 0 2 4 0 0 0 2 9 38 18 42 126 28 18 31 45 144 358 39 
0 0 0 3 1 1 1 0 1 45 15 34 125 37 16 87 99 79 415 67 
0 1 0 4 1 0 0 0 2 37 21 71 108 28 5 121 157 265 178 33 
1 2 0 1 1 0 1 0 1 17 35 41 108 14 11 89 180 207 329 65 
0 0 0 4 2 0 3 2 6 104 54 35 211 33 9 43 145 158 293 39 
1 3 2 3 4 3 0 3 1 33 38 63 110 15 31 34 123 239 445 25 
1 1 2 5 5 0 0 2 4 78 28 39 52 13 24 82 133 185 541 37 
0 0 1 0 11 1 0 7 1 175 33 100 163 43 20 62 213 210 506 37 
0 0 1 2 6 0 1 7 1 92 43 48 270 53 21 59 476 187 378 30 
0 2 1 1 8 3 2 0 4 90 67 100 110 46 31 73 235 294 290 60 
0 4 0 2 11 6 6 3 1 64 52 63 49 46 86 105 318 137 307 94 
0 1 0 4 5 5 4 4 2 103 59 113 23 77 45 26 195 83 694 139 
0 0 2 0 5 9 3 0 1 76 41 92 80 60 35 74 294 121 449 54 
0 7 1 3 4 9 2 4 2 119 94 153 84 49 49 53 358 144 473 107 
1 1 1 12 5 11 3 6 2 101 110 54 76 75 53 49 216 108 390 129 
0 1 4 3 4 10 4 5 1 68 137 69 65 87 53 133 215 237 768 159 
0 1 0 14 9 6 2 4 5 31 111 40 43 106 49 64 283 111 524 262 
0 3 3 6 1 9 7 3 5 89 164 73 34 171 49 171 508 196 351 433 
0 2 0 4 5 10 5 10 8 69 199 47 29 83 89 45 402 112 428 277 
1 1 1 3 9 12 3 15 15 83 124 35 50 190 132 65 378 322 302 169 
0 0 0 1 4 3 0 7 7 25 37 29 40 108 54 103 345 175 452 106 
2 2 0 1 3 2 1 20 4 34 47 84 44 225 55 87 360 81 126 197 
0 0 1 1 0 1 1 2 2 12 39 36 38 136 45 43 333 68 125 127 
0 0 0 0 2 2 0 9 5 25 83 21 16 33 56 70 134 163 211 222 
0 0 0 1 4 6 2 20 16 17 29 26 41 27 61 100 220 127 107 78 
0 1 0 0 3 8 3 16 10 8 17 64 37 53 43 142 122 225 86 147 
0 0 0 0 3 11 2 16 12 16 30 67 20 27 46 104 163 97 298 140 
0 0 0 0 0 3 5 32 4 12 11 19 17 51 42 94 135 207 219 229 
1 0 1 0 1 2 5 10 2 24 43 27 6 162 37 66 104 183 205 364 
1 1 0 0 1 3 1 7 7 9 16 19 16 41 25 92 64 187 225 683 
0 0 2 0 0 6 6 9 5 17 33 31 16 104 49 39 64 138 200 392 
0 1 1 1 1 1 3 8 15 32 20 10 12 88 33 39 52 138 186 507 
0 0 0 2 0 2 7 9 7 24 25 12 17 57 108 44 38 126 272 395 
2 0 0 0 2 5 5 15 23 10 9 30 8 92 12 98 61 169 135 357 
0 0 0 1 1 6 15 3 17 7 17 21 7 112 35 143 43 101 181 616 
0 0 0 0 2 1 31 14 4 3 26 26 2 52 47 71 31 224 76 576 
0 0 0 0 0 0 20 15 8 5 16 40 3 23 26 79 41 203 70 639 
0 0 0 0 2 1 15 1 24 5 5 10 14 48 29 29 10 87 62 580 
2 1 0 0 0 1 30 3 32 13 9 20 3 81 25 62 23 161 70 617 
0 0 0 0 1 0 13 2 7 6 6 18 4 63 9 39 6 107 33 290 
0 0 0 0 0 3 13 2 14 10 9 7 4 30 14 28 16 68 40 306 
0 1 1 1 2 1 10 4 9 1 6 12 5 17 23 18 21 74 20 215 
0 0 0 1 1 0 4 0 20 9 13 18 6 19 39 9 8 105 29 451 
0 0 0 0 1 1 6 0 27 0 9 13 4 23 30 16 9 72 39 373 
0 0 0 0 1 1 3 8 33 27 7 12 5 27 39 33 9 84 18 379 
0 0 0 0 0 3 6 2 16 13 12 22 3 2 73 19 8 63 17 669 
1 0 1 0 0 0 5 8 33 17 8 9 3 28 53 9 20 139 21 473 
1 0 0 0 0 0 2 1 25 33 11 16 4 9 28 14 16 158 21 417 
0 0 0 1 0 1 2 8 26 26 0 13 6 11 65 28 31 213 35 680 
1 0 1 0 0 0 4 4 18 9 7 28 6 29 192 21 16 145 30 979 
1 0 1 0 1 2 4 2 31 3 9 28 9 21 122 16 16 215 79 743 
0 1 2 0 0 1 1 9 27 6 10 42 12 21 291 42 20 232 31 1588 
1 0 5 1 0 0 8 3 7 19 11 50 11 25 160 46 26 205 32 1686 
0 0 6 0 2 0 2 5 22 21 12 67 6 23 203 17 47 230 13 3409 
0 2 2 0 2 2 5 4 19 18 22 40 26 19 222 47 88 313 24 1561 
0 1 3 0 0 2 12 9 18 28 26 39 49 54 221 76 58 142 56 1775 
0 0 12 0 0 0 14 4 4 17 35 84 47 36 439 44 118 434 62 6055 
1 0 16 1 0 0 7 16 10 48 49 138 43 20 299 70 41 440 58 1762 
1 1 3 0 3 2 8 4 11 8 66 102 34 48 249 27 72 255 43 3802 
1 0 8 3 2 5 7 7 7 49 57 18 24 67 106 27 123 343 52 1777 
0 0 9 5 2 1 6 9 8 66 60 64 45 81 91 37 158 402 82 1368 
1 0 4 5 4 4 14 5 15 107 181 50 16 49 63 58 156 410 63 1511 
0 0 3 0 1 3 7 7 6 140 75 72 29 53 86 85 177 204 162 723 
0 0 2 1 5 5 9 8 13 72 82 63 24 25 19 82 161 396 52 1030 
0 3 2 7 3 0 23 9 7 112 88 101 60 51 29 108 139 258 90 1446 
0 0 1 3 2 7 12 23 7 78 58 44 23 44 62 60 311 306 95 1408 
1 2 1 1 3 1 9 9 22 135 38 62 63 96 56 109 133 676 141 1645 
0 1 4 6 2 7 31 9 14 76 98 180 83 88 29 114 357 615 233 622 
0 0 2 3 4 5 37 7 10 168 84 29 33 98 47 255 610 678 234 269 
0 1 0 1 4 2 12 5 3 109 24 73 30 65 50 74 359 421 161 798 
0 1 1 2 3 2 32 7 8 64 38 164 56 73 69 105 258 321 121 646 
1 1 1 0 2 2 10 7 2 206 57 239 52 66 33 301 290 183 166 257 
0 4 0 9 1 1 29 5 3 62 14 91 106 75 41 326 409 129 115 245 
1 0 0 2 0 0 28 5 1 31 48 111 76 117 37 212 52 160 167 210 
0 0 2 3 2 2 14 1 3 33 15 97 41 80 42 52 226 77 201 88 
0 0 0 0 1 2 1 1 3 21 26 141 84 172 54 299 142 86 122 43 
1 0 0 0 1 2 4 3 1 51 9 138 43 82 26 174 116 61 118 98 
1 0 0 0 2 4 5 1 2 26 28 68 14 115 24 162 92 22 122 69 
1 0 0 0 0 4 1 0 3 25 42 61 31 72 70 310 173 22 57 52 
2 0 0 0 2 4 5 6 0 52 19 30 24 106 18 125 105 43 100 28 
1 0 0 0 3 0 2 2 1 57 33 60 60 121 32 77 124 25 71 32 
1 1 0 0 0 0 5 5 6 103 60 109 28 48 9 70 23 19 49 39 
0 2 0 1 0 2 5 0 4 38 52 82 58 60 46 41 65 49 72 24 
0 2 0 2 1 0 8 4 0 75 40 55 38 58 44 166 81 41 41 23 
0 2 0 0 1 0 1 4 3 36 59 62 48 30 17 123 26 30 189 10 
0 0 0 0 2 1 0 1 8 83 43 82 64 55 30 98 31 29 85 14 
0 0 0 0 0 0 1 6 3 66 63 43 32 109 44 128 28 16 114 16 
2 0 1 0 0 0 3 0 0 65 34 43 15 44 28 138 25 21 135 12 
0 0 0 0 1 0 2 0 5 104 23 49 85 44 33 50 19 38 75 8 
0 0 0 1 0 3 0 2 1 28 30 34 8 37 24 46 38 33 63 13 
1 1 0 1 0 0 3 2 1 13 21 42 41 24 13 47 52 9 104 8 
2 1 0 0 2 1 1 3 1 21 27 25 17 47 16 22 9 11 44 3 
2 3 1 0 0 0 0 3 0 16 11 9 6 24 22 37 20 24 57 9 
0 4 0 0 1 1 0 1 0 10 5 17 15 14 4 16 37 16 16 3 
1 0 1 2 1 0 2 0 0 8 5 17 24 12 12 9 7 3 20 4 
0 2 2 0 0 1 3 5 3 2 5 14 15 23 10 24 15 7 41 7 
0 2 0 0 1 0 2 4 1 3 1 47 37 7 9 15 23 41 33 2 
0 0 1 0 0 0 3 6 0 4 8 48 26 9 10 12 14 37 68 1 
0 1 0 0 0 0 3 3 1 4 10 39 28 14 9 12 24 34 57 5 
0 1 1 0 0 0 0 4 0 3 8 78 20 8 11 48 35 20 181 8 
2 0 1 0 0 0 1 4 0 19 9 33 49 19 10 27 28 46 94 7 
0 0 0 0 1 0 2 4 1 3 2 51 31 36 18 20 21 33 79 1 
1 0 0 0 0 1 0 5 0 5 6 57 46 57 9 30 33 69 69 8 
0 1 0 0 0 0 2 0 1 3 5 32 49 58 7 25 21 101 60 6 
0 0 0 2 1 0 1 4 0 12 2 130 34 33 19 28 23 75 69 16 
1 1 0 0 1 0 1 4 2 19 5 57 72 44 5 22 16 33 121 24 
0 1 0 0 0 3 1 7 0 10 12 75 56 89 3 32 20 40 197 24 
1 0 0 0 1 1 1 1 0 14 16 93 46 211 14 46 7 79 102 22 
3 1 1 0 0 2 0 4 1 23 29 48 85 100 7 44 21 76 71 60 
0 2 1 0 0 1 0 4 3 6 23 69 89 82 12 19 8 115 118 47 
0 1 0 0 1 0 0 4 4 9 15 100 120 119 12 25 29 115 102 35 
0 0 0 0 0 0 0 13 0 12 21 82 94 129 10 44 29 168 89 0 
2 0 1 1 0 0 0 8 3 5 47 72 86 56 16 45 20 177 79 27 
0 0 2 2 1 1 1 6 0 10 30 54 120 184 18 57 51 183 57 20 
0 0 0 0 2 0 0 5 4 9 49 54 86 213 16 51 57 108 119 40 
0 0 0 0 2 1 0 5 2 21 44 64 78 154 31 31 76 78 104 58 
1 0 1 0 0 0 0 11 5 21 39 33 92 245 31 37 50 244 115 38 
0 0 0 1 2 0 0 17 5 18 95 47 69 192 40 103 71 130 190 47 
0 0 0 0 0 2 2 20 4 24 80 54 65 129 54 152 97 127 90 84 
0 2 1 2 2 1 1 37 6 21 47 73 144 134 21 148 95 128 123 84 
0 0 2 0 1 0 0 18 4 3 159 86 50 258 59 63 191 126 143 124 
1 0 1 0 0 0 2 9 5 32 157 29 51 159 34 195 160 118 251 189 
2 3 1 3 2 1 0 9 9 18 195 115 60 114 29 119 126 182 174 113 
0 2 1 0 0 0 2 8 7 12 160 69 133 141 45 104 189 154 263 166 
4 1 2 2 1 0 0 12 6 18 267 78 49 73 35 68 209 161 337 81 
5 0 1 5 4 2 2 23 9 28 262 40 81 97 39 101 69 114 258 28 
6 0 0 2 4 0 3 11 11 14 357 27 32 61 42 60 113 148 227 160 
7 5 0 1 1 0 1 14 20 18 129 50 21 45 39 86 70 126 122 96 
11 2 1 2 1 0 4 20 13 37 134 27 60 70 106 54 74 144 196 207 
5 0 0 2 0 1 2 14 21 29 101 36 76 57 37 45 101 145 172 226 
1 1 1 0 1 1 5 21 11 33 162 15 37 32 52 40 145 288 458 196 
12 3 0 2 0 2 1 24 21 29 104 30 56 41 39 71 132 75 284 203 
6 2 0 3 2 5 10 23 18 18 88 42 44 17 92 66 91 82 383 188 
3 3 0 8 0 4 8 17 17 26 89 34 13 31 38 69 313 91 587 229 
7 0 0 0 1 4 2 35 16 17 89 45 32 41 61 96 262 75 520 161 
3 1 0 3 0 4 1 21 12 7 64 26 14 24 105 50 97 91 286 115 
1 3 1 9 0 4 5 18 17 8 29 19 14 36 70 23 31 35 314 237 
2 0 1 9 1 3 0 16 11 36 37 38 9 26 65 14 107 129 310 91 
0 3 0 5 2 2 0 10 1 19 45 25 25 38 52 8 95 77 433 173 
0 0 0 6 0 4 1 5 19 30 31 27 7 33 97 25 155 55 452 57 
1 2 1 3 1 3 0 3 10 26 17 41 16 24 12 5 256 120 542 177 
2 0 0 4 1 2 0 6 11 26 21 35 11 12 83 24 223 94 262 107 
0 1 1 5 0 3 1 5 7 9 0 24 16 11 75 4 40 78 245 127 
0 2 1 3 0 5 1 6 4 10 5 33 13 13 78 16 122 99 74 192 
0 1 0 0 0 1 0 0 6 18 0 34 13 16 43 12 58 82 74 52 
0 0 1 0 1 2 0 0 2 6 1 20 8 16 59 12 43 45 82 65 
0 1 1 1 1 0 0 1 3 8 3 18 3 13 72 13 21 62 106 34 
1 1 1 1 2 3 0 2 9 0 7 30 2 16 28 17 119 23 122 124 
0 0 1 0 0 2 3 0 7 6 8 15 9 6 99 16 103 55 279 132 
1 1 0 1 0 4 3 0 6 18 2 17 9 26 84 20 185 138 359 116 
0 2 1 0 0 0 1 3 6 13 3 38 24 15 108 34 254 138 342 200 
0 0 0 3 0 1 1 2 5 40 7 25 16 21 156 18 128 127 148 216 
0 2 0 1 0 3 1 0 6 72 16 27 3 21 116 65 237 180 389 366 
0 1 2 0 0 3 2 0 6 87 15 17 38 16 46 50 105 228 742 275 
0 1 3 0 0 3 6 1 6 82 7 14 20 45 128 71 199 345 577 306 
1 1 1 0 0 0 0 0 12 105 21 37 37 28 77 36 151 181 317 254 
0 3 3 0 0 4 8 1 7 142 9 11 82 75 149 82 332 207 0 693 
0 1 2 1 3 3 10 2 9 49 9 31 38 69 105 49 214 287 320 1458 
2 0 2 0 7 10 18 1 5 92 12 33 40 47 163 47 315 107 155 750 
0 0 2 0 6 8 15 1 15 86 8 37 46 110 266 85 360 504 371 732 
1 0 8 0 9 2 13 0 14 175 27 56 52 120 341 58 208 268 409 1780 
0 0 0 0 13 6 13 2 10 90 19 17 106 152 207 108 388 547 478 408 
3 1 1 0 12 6 10 3 14 114 11 32 110 271 328 74 216 305 194 1765 
0 0 2 1 12 8 23 5 2 107 19 34 15 119 373 49 484 216 198 955 
0 1 2 0 12 8 17 0 5 117 22 57 39 109 135 74 498 327 216 975 
0 0 7 0 19 5 13 4 55 89 17 7 55 240 222 96 315 187 145 1707 
0 0 2 1 10 4 12 3 13 59 13 58 21 72 124 67 417 221 229 1503 
0 2 3 0 8 1 11 2 30 68 17 56 52 202 197 87 415 128 78 1405 
0 0 2 1 8 16 17 6 11 23 9 53 37 115 59 171 212 257 171 1259 
1 1 0 1 3 8 13 9 10 88 15 8 43 166 90 137 213 285 88 1588 
0 3 0 4 3 9 7 3 15 36 12 42 27 45 45 138 186 112 59 1799 
2 1 0 3 5 4 18 8 7 143 18 30 42 125 71 178 157 251 122 1112 
0 0 0 7 0 3 25 1 6 66 15 81 31 140 98 81 71 101 121 1136 
2 2 1 2 1 6 25 11 5 115 24 65 61 152 70 67 145 261 67 1259 
2 0 2 6 3 6 28 8 25 63 17 47 41 112 94 103 146 148 61 1574 
0 1 1 0 4 2 28 0 18 186 50 43 38 90 83 87 179 80 85 1232 
0 0 1 4 0 6 20 3 10 157 54 61 47 63 71 147 89 311 108 1122 
0 3 1 6 2 7 13 3 2 9 44 50 80 96 61 126 87 140 30 1083 
0 0 3 6 4 4 13 2 12 58 18 43 40 63 97 57 35 224 60 861 
0 1 4 14 0 1 18 0 9 96 4 40 72 35 25 109 48 105 18 377 
0 0 0 8 2 0 20 2 15 91 18 37 86 46 48 66 62 167 84 512 
0 0 1 4 1 3 8 3 9 139 7 20 269 58 50 125 24 191 45 1006 
0 0 5 4 0 3 13 4 13 82 13 34 154 53 36 92 33 201 74 149 
1 0 5 5 0 2 8 1 9 55 26 26 132 56 19 58 61 94 56 220 
0 0 0 1 0 1 10 2 4 81 13 33 100 80 56 49 76 100 54 477 
0 0 5 1 0 2 1 2 1 37 11 22 167 54 44 38 37 250 60 470 
0 1 3 2 1 2 4 1 2 80 14 18 79 36 56 51 31 163 54 480 
0 0 3 5 0 1 2 2 2 50 18 21 115 31 63 38 23 143 61 463 
1 0 7 3 0 0 3 3 0 27 21 63 123 26 42 63 25 514 67 591 
0 0 5 2 0 0 0 9 2 25 11 37 76 51 44 38 40 295 70 659 
0 0 4 0 1 3 1 5 8 62 31 22 51 31 27 188 21 76 50 784 
0 0 3 0 0 3 1 4 5 26 20 33 76 25 114 47 29 283 61 535 
1 1 1 0 0 0 2 9 1 25 19 58 40 21 74 21 6 310 60 624 
0 0 1 0 1 0 3 7 0 13 13 34 32 23 30 69 14 106 59 597 
1 0 0 2 0 1 2 0 4 13 33 26 21 30 38 16 9 56 13 277 
1 0 0 0 0 2 0 2 0 23 7 24 28 15 10 35 23 65 12 196 
0 1 0 0 0 0 3 0 0 13 8 14 15 8 40 16 9 69 43 79 
0 0 0 0 0 0 3 7 1 5 2 10 15 8 33 24 13 42 10 172 
0 0 2 1 0 2 0 7 1 7 7 35 30 20 30 18 6 45 9 85 
0 1 0 0 0 3 0 0 3 3 7 36 51 12 13 13 14 37 21 109 
0 0 1 0 0 0 0 2 13 6 15 20 12 2 14 36 17 25 17 257 
0 0 0 0 2 0 0 1 8 3 19 37 38 10 7 14 13 40 19 179 
0 0 0 0 0 0 1 6 14 5 44 39 26 3 50 11 26 53 12 105 
0 1 0 0 0 0 0 0 12 5 32 21 47 0 12 8 23 39 9 132 
0 1 1 0 0 1 0 2 17 5 41 46 10 1 20 13 11 34 24 187 
0 0 0 0 0 1 0 1 20 3 41 68 9 3 17 20 18 74 39 198 
0 0 1 0 1 1 0 2 11 3 48 27 10 3 5 23 30 66 24 179 
1 1 0 1 2 0 0 3 12 8 16 53 5 12 10 17 12 172 16 223 
0 0 1 0 0 0 0 6 14 0 48 38 14 11 15 16 25 170 14 192 
0 0 0 0 1 1 1 2 18 5 32 90 16 3 26 14 30 51 38 173 
0 0 0 0 2 1 3 1 4 8 63 67 6 10 14 7 23 193 26 233 
0 0 0 1 0 0 1 15 5 3 21 111 13 8 31 22 9 79 23 197 
0 0 0 1 0 0 2 10 3 6 85 99 18 1 41 17 30 91 53 364 
1 0 0 0 0 2 0 6 14 2 18 81 15 5 17 26 13 90 45 344 
2 0 1 0 0 1 0 7 25 1 103 96 3 5 20 19 12 73 93 250 
0 0 0 0 2 2 0 4 3 0 39 78 32 5 23 17 31 54 70 324 
0 0 0 0 0 1 0 14 2 1 54 131 14 5 6 13 13 49 40 148 
0 0 0 0 1 1 0 15 3 0 66 148 6 12 11 27 45 99 52 185 
0 1 0 1 0 0 1 8 7 3 26 111 11 7 21 31 18 90 53 482 
0 0 0 1 0 0 0 12 1 4 34 168 20 5 17 44 34 87 65 498 
1 0 1 1 0 0 0 12 4 2 91 299 23 7 3 48 20 46 87 201 
0 0 0 0 1 0 1 11 0 5 55 206 26 7 10 55 28 118 62 234 
0 0 0 1 2 0 1 25 0 2 69 176 11 18 42 40 56 91 80 129 
2 0 0 0 0 1 1 15 0 2 30 254 27 16 36 22 45 81 40 155 
0 0 0 0 0 1 0 32 2 3 17 325 24 12 44 52 77 127 52 300 
0 0 0 0 0 2 3 32 1 2 57 214 39 35 27 48 90 82 99 206 
0 2 1 1 5 0 0 30 1 0 65 107 30 11 38 62 80 171 77 125 
1 0 0 0 2 1 2 23 2 9 112 177 17 18 63 153 130 177 85 178 
0 0 0 0 0 0 2 22 3 5 48 120 46 15 53 393 85 169 164 318 
0 0 1 0 0 3 0 13 0 12 98 145 19 8 89 144 144 175 243 321 
1 0 2 0 1 0 1 7 1 5 173 48 21 39 69 181 109 105 98 200 
0 0 0 1 2 0 0 27 2 5 32 127 33 43 36 170 120 89 96 229 
0 0 0 0 4 0 0 34 1 8 64 142 21 26 76 115 84 90 122 249 
0 0 0 0 2 0 1 16 1 13 132 148 16 37 58 90 221 122 41 241 
0 1 0 0 2 0 1 11 0 6 59 64 24 41 56 125 270 44 124 419 
1 0 0 1 3 0 2 10 0 19 39 115 15 25 94 89 100 143 74 217 
0 0 2 1 3 3 0 9 0 9 99 127 34 45 94 152 270 174 107 238 
1 2 0 1 4 6 0 3 0 24 85 92 9 64 137 106 257 55 83 99 
0 2 1 0 5 0 1 8 4 5 199 59 20 103 91 98 94 127 101 258 
1 1 0 0 4 1 0 5 1 26 71 78 17 87 63 100 199 291 132 166 
0 0 1 0 0 0 1 0 1 17 85 33 40 56 103 78 224 190 111 87 
3 0 0 0 6 2 2 9 2 23 49 22 46 30 95 141 185 233 89 178 
3 1 1 1 3 2 1 5 2 22 66 15 75 47 107 137 124 132 87 308 
1 2 2 3 9 1 0 10 1 23 21 34 23 39 104 61 256 109 184 520 
0 1 5 0 7 4 0 3 0 28 69 13 28 17 68 67 145 148 87 355 
0 0 0 0 1 1 0 1 1 32 49 11 29 17 73 44 75 94 86 305 
0 2 2 0 1 1 0 1 2 24 30 13 39 19 44 74 30 102 238 330 
3 0 2 0 0 0 0 0 0 24 35 4 25 44 25 48 68 80 207 237 
2 0 2 1 2 0 0 1 2 11 30 2 30 13 34 44 37 92 110 299 
0 1 0 0 2 0 0 0 2 18 17 7 30 32 34 39 50 57 172 108 
1 0 0 1 2 1 0 3 3 9 16 1 25 44 19 23 36 31 86 421 
0 0 0 0 0 2 0 2 3 5 14 6 26 37 20 15 26 23 144 146 
0 1 0 0 5 4 1 1 1 3 59 4 33 33 4 24 41 106 128 346 
1 0 0 1 3 3 1 1 0 14 75 3 40 27 5 58 176 78 228 600 
1 1 0 0 1 1 4 1 2 22 25 0 21 65 17 50 105 97 228 892 
1 0 0 0 0 1 2 3 3 19 28 1 8 39 31 53 188 72 143 720 
0 0 0 0 0 0 1 0 5 38 17 4 62 51 52 39 97 315 303 2712 
0 1 0 0 3 0 1 0 3 25 25 2 39 68 48 19 153 123 364 1431 
0 0 0 0 0 3 1 2 5 57 30 7 29 85 79 20 81 215 248 850 
0 0 0 1 2 4 7 2 1 66 16 6 17 139 83 64 153 154 211 1971 
1 0 0 0 1 2 3 0 1 33 27 16 24 86 56 37 77 201 220 1705 
0 1 1 1 1 1 6 4 1 53 26 18 7 146 66 46 296 323 94 1414 
0 0 0 5 0 0 9 0 3 70 21 6 29 115 97 24 269 574 163 2145 
0 0 0 8 1 3 12 0 5 47 51 10 29 153 16 24 71 131 692 2745 
0 0 0 8 0 1 20 0 0 125 33 9 65 217 60 41 232 284 413 552 
0 0 0 5 2 2 12 0 6 108 41 13 6 210 79 44 152 310 745 1236 
1 1 0 4 2 2 15 0 2 77 21 18 58 276 71 25 179 499 479 934 
0 0 1 8 3 1 18 0 2 75 42 15 28 221 68 40 146 511 341 263 
0 1 0 6 0 0 18 0 4 72 17 6 40 139 67 26 157 224 508 420 
1 1 0 1 2 0 15 0 1 36 17 15 51 219 110 48 77 315 697 1151 
1 0 0 2 0 2 15 0 10 153 37 44 71 201 225 56 95 1334 609 1045 
0 0 1 0 0 2 14 3 9 125 59 51 62 183 141 97 106 530 750 924 
0 0 0 1 1 0 18 2 9 88 48 20 108 116 88 99 184 354 672 658 
1 2 0 4 1 2 11 4 16 107 74 23 108 164 313 108 58 445 701 551 
1 4 1 1 0 2 22 1 11 98 53 22 189 210 203 93 143 245 613 383 
2 1 1 3 0 0 16 2 20 140 29 46 108 162 117 32 103 126 603 251 
0 0 0 0 2 5 14 1 11 58 23 20 98 145 640 82 106 154 1271 169 
0 3 0 2 2 1 9 2 10 72 40 50 230 160 201 120 53 82 1048 338 
0 7 1 0 0 0 23 4 17 91 19 86 104 193 172 272 274 144 557 287 
0 2 2 1 2 7 7 2 14 43 25 51 157 82 155 174 137 143 345 339 
1 4 2 2 2 1 4 5 5 135 24 39 249 79 114 300 147 136 1052 243 
0 3 4 0 3 4 9 6 14 138 9 36 78 87 145 300 179 141 510 345 
0 3 2 3 2 6 8 0 14 70 19 41 64 55 260 282 199 64 320 214 
0 0 8 0 1 3 14 4 11 105 24 28 56 71 194 397 61 52 185 107 
1 0 4 0 0 8 6 13 7 105 22 15 123 74 125 363 102 60 179 99 
1 0 4 0 0 10 0 14 9 33 23 19 101 58 119 167 119 42 142 263 
1 3 2 1 1 5 2 10 5 144 23 20 72 60 118 221 143 52 134 141 
0 1 2 1 0 6 7 7 2 213 61 1 71 29 108 205 220 38 175 256 
0 2 3 0 0 1 4 17 0 103 56 10 112 45 73 151 60 21 125 136 
2 2 8 0 1 9 5 7 3 94 27 14 56 88 90 135 115 33 87 127 
0 5 8 1 1 1 1 3 2 46 45 24 58 54 33 105 130 45 36 113 
0 0 8 0 1 7 1 11 11 78 16 22 72 12 49 124 197 12 59 107 
0 1 10 1 2 6 0 18 8 61 22 6 134 33 35 99 143 26 73 242 
2 0 2 3 1 2 1 6 8 84 23 13 95 80 67 150 94 28 53 195 
0 0 4 0 1 4 1 13 5 52 12 12 88 64 28 78 118 27 8 90 
1 0 3 1 0 0 0 4 0 27 5 22 27 22 22 148 89 16 37 178 
0 1 5 2 1 0 1 3 3 16 16 9 46 50 15 101 67 4 25 67 
0 3 0 1 0 2 0 5 1 36 7 9 24 38 16 28 16 23 12 35 
1 0 1 1 0 1 1 3 0 13 3 10 28 46 17 10 28 12 13 71 
0 1 0 0 1 0 0 2 2 4 3 9 32 23 5 17 15 14 8 16 
0 0 0 0 0 1 0 0 0 32 2 16 27 35 10 15 15 17 6 92 
1 0 0 2 0 0 0 0 1 5 5 30 12 25 15 20 9 17 14 24 
0 0 1 0 1 0 2 0 2 4 4 27 10 15 6 8 9 16 5 35 
1 0 0 0 1 1 1 0 3 7 4 31 10 33 3 28 0 16 7 66 
0 1 0 0 0 0 0 0 2 13 3 87 17 34 10 1 7 17 1 27 
0 0 0 0 1 0 1 0 0 5 4 49 30 7 6 17 4 24 3 113 
0 0 0 1 0 0 5 0 0 6 2 32 35 16 12 2 12 16 0 69 
0 0 0 0 0 0 5 2 0 10 4 74 9 15 6 15 7 28 9 105 
0 1 0 1 0 0 2 0 1 9 0 68 13 11 12 2 1 36 5 201 
0 2 1 0 0 0 4 0 3 7 9 60 14 13 5 12 18 27 5 144 
0 0 2 0 1 0 3 0 0 8 2 63 45 12 5 11 10 13 6 97 
0 0 2 2 0 0 5 1 3 11 0 63 25 7 24 8 9 47 1 181 
0 0 2 0 0 0 5 1 3 23 2 48 27 18 7 6 29 97 1 172 
0 0 0 1 2 0 3 1 7 8 4 34 39 8 20 4 15 33 6 167 
2 1 0 0 0 1 2 0 10 18 2 219 33 18 17 18 22 88 9 289 
0 0 0 0 0 1 7 0 2 11 2 218 23 42 18 12 18 69 5 227 
0 0 0 0 0 0 14 0 2 12 3 68 30 21 15 14 21 23 20 169 
0 2 0 1 0 0 3 1 1 9 1 104 37 26 31 18 13 76 19 151 
0 1 0 0 0 0 4 1 2 28 8 68 19 37 20 16 29 125 10 352 
1 0 0 1 0 1 7 1 2 13 5 63 16 41 24 12 13 124 13 356 
0 0 0 0 0 0 6 0 1 11 10 132 21 27 75 22 18 126 40 381 
0 0 0 1 0 0 4 0 2 16 6 178 34 13 48 36 61 75 31 383 
1 0 2 0 0 0 3 0 1 8 16 154 22 20 56 5 42 65 22 560 
0 0 1 0 0 0 5 0 6 9 8 152 16 26 71 39 36 144 31 675 
0 2 1 0 1 0 11 0 4 20 20 93 49 37 40 27 95 123 21 745 
0 1 0 0 1 1 19 0 2 12 34 99 57 38 32 28 45 64 41 257 
0 0 0 1 2 0 4 0 7 22 31 86 18 33 65 66 51 85 42 863 
0 2 1 0 2 0 5 3 9 5 34 183 22 53 89 19 91 71 12 613 
0 0 0 0 1 2 7 1 10 17 51 77 79 59 68 56 111 312 41 713 
2 0 0 2 1 1 14 1 21 12 25 165 29 51 69 17 213 128 30 836 
1 2 0 0 3 3 8 0 25 20 129 108 46 80 28 66 113 306 28 1047 
2 3 0 0 1 0 18 0 49 5 31 179 27 35 86 115 166 202 13 883 
1 2 0 1 3 0 21 1 69 33 169 282 38 73 63 59 197 207 46 504 
1 2 1 0 0 0 15 2 68 19 72 211 80 90 56 37 99 175 55 1298 
6 0 0 1 1 0 17 1 30 16 113 111 40 45 34 27 247 244 69 599 
1 2 0 0 0 0 4 0 35 17 94 62 21 65 60 49 215 475 61 1089 
0 1 0 1 3 1 5 2 15 5 108 49 70 53 83 33 104 159 36 501 
4 0 4 2 1 0 4 2 13 3 69 136 30 63 71 34 254 158 78 628 
1 3 0 0 3 0 6 2 19 17 63 122 62 66 100 86 103 206 129 862 
5 0 0 5 0 1 4 1 9 13 66 58 75 76 68 68 160 139 137 652 
2 1 10 4 2 1 6 1 11 18 73 52 69 88 85 75 361 374 72 1406 
7 1 2 18 0 0 12 2 14 29 15 117 32 214 133 76 224 210 63 993 
9 1 1 13 3 0 7 0 11 18 109 94 55 241 87 71 309 214 106 1353 
3 1 7 22 0 3 14 2 9 26 113 124 53 76 108 49 238 311 76 568 
0 1 3 14 0 5 11 3 11 42 133 55 41 142 136 49 457 345 83 878 
2 0 3 38 0 2 10 7 18 17 66 30 21 95 107 54 169 348 103 1810 
1 0 3 18 0 2 3 4 16 49 114 109 30 145 72 37 235 112 107 1063 
0 1 1 45 0 2 8 14 9 44 24 49 53 89 53 23 109 235 139 1334 
0 0 1 21 1 3 1 10 15 28 158 31 77 62 136 32 168 156 92 858 
3 0 0 5 0 0 2 0 7 36 117 23 62 52 55 32 151 96 94 1123 
2 1 3 4 2 0 2 5 5 39 159 14 52 31 143 40 196 227 81 738 
0 0 0 3 0 0 0 7 5 31 120 8 53 37 44 51 148 50 52 567 
0 1 5 2 1 1 3 3 7 42 41 5 54 62 81 27 104 94 82 596 
0 0 0 0 2 0 6 7 11 16 51 4 40 17 46 21 138 158 190 393 
2 0 1 3 6 0 3 9 5 11 51 5 21 34 74 14 119 55 53 535 
1 1 0 0 6 0 5 2 4 31 37 6 59 34 19 4 85 70 146 432 
1 0 1 1 3 2 3 14 3 14 158 6 31 42 27 15 161 43 188 430 
2 0 0 1 9 1 4 14 8 37 87 6 45 74 17 30 256 56 118 292 
4 0 0 0 9 1 4 19 16 46 70 6 69 105 8 14 148 94 173 191 
5 0 0 0 15 0 2 9 4 27 70 19 58 42 12 58 130 99 472 408 
0 2 1 0 10 1 0 43 7 127 90 17 46 89 53 31 361 118 414 594 
0 4 0 0 6 1 4 49 7 81 89 19 70 134 40 80 282 132 423 1063 
0 1 0 0 7 1 5 22 2 185 46 10 38 157 32 58 359 45 447 299 
1 1 1 0 11 2 2 13 3 215 79 9 36 105 36 144 178 158 490 458 
1 0 0 2 9 6 4 43 4 137 124 20 20 135 28 92 388 111 409 255 
1 0 0 4 5 3 1 18 3 347 83 14 55 82 18 155 311 202 703 593 
2 3 0 1 12 7 3 77 1 102 139 24 74 118 24 202 279 192 1136 406 
0 1 0 5 11 3 2 25 2 58 60 26 141 86 41 427 647 219 390 818 
0 7 2 1 1 12 2 26 4 244 46 12 121 186 20 241 336 181 438 1000 
0 2 1 1 7 7 1 30 5 71 114 16 18 195 25 185 159 266 658 1625 
0 3 2 2 6 29 0 37 10 197 56 18 146 166 30 228 289 510 757 1765 
1 1 1 0 3 15 0 23 0 94 141 9 102 74 59 177 493 167 723 1044 
0 2 3 0 3 18 2 15 9 257 115 15 79 154 67 110 356 280 461 608 
0 0 0 0 1 11 2 7 3 54 71 22 112 76 67 161 223 300 536 638 
1 0 3 0 0 9 1 7 0 31 51 5 55 117 3 57 143 447 462 774 
1 2 1 0 6 18 2 3 1 29 91 11 58 75 164 109 100 553 159 862 
1 3 0 1 2 11 2 13 2 51 52 20 136 190 93 223 65 306 201 657 
0 1 1 0 0 6 4 2 6 31 72 30 113 143 38 108 167 830 234 803 
0 2 2 1 4 6 0 3 1 15 73 64 112 125 126 144 58 647 187 500 
0 1 3 2 1 8 3 7 3 26 36 54 136 80 106 165 49 187 194 300 
2 0 1 0 2 5 4 1 1 23 68 66 72 156 146 145 31 403 168 212 
0 0 5 1 3 3 1 3 2 19 8 35 106 95 117 181 17 460 345 210 
2 0 4 1 1 1 6 0 4 7 38 46 73 390 182 64 41 495 55 226 
0 1 0 0 0 2 2 5 6 9 30 75 67 102 186 103 28 366 132 172 
0 1 2 0 1 1 2 4 5 7 41 57 85 251 102 110 22 315 110 179 
0 0 4 0 4 4 3 5 1 20 45 96 55 88 217 136 23 383 210 321 
0 0 4 2 1 4 0 2 1 10 29 27 87 54 56 61 4 423 76 137 
0 0 1 2 1 6 0 1 5 4 26 22 130 44 58 114 25 239 75 249 
0 0 4 1 4 4 2 4 0 5 17 33 29 25 99 80 72 378 128 121 
1 0 4 0 1 2 1 5 1 3 23 36 46 17 95 76 44 182 131 177 
1 0 1 0 2 3 1 2 4 7 18 83 77 19 94 68 61 254 151 176 
0 0 1 0 5 0 0 4 1 9 30 26 56 15 37 118 44 156 330 59 
1 0 0 0 7 3 2 1 0 3 28 60 29 73 116 213 17 158 115 59 
1 0 0 0 0 4 2 4 1 10 42 49 99 35 45 160 27 69 88 90 
0 0 0 0 0 1 0 1 2 1 18 60 29 84 82 241 39 47 144 96 
1 1 0 0 5 0 4 2 0 17 19 35 84 60 96 113 36 29 88 146 
0 0 1 0 4 1 3 1 2 5 47 67 110 78 61 234 14 53 155 166 
0 0 1 2 3 1 0 0 2 7 27 30 70 59 73 167 16 65 69 97 
2 0 0 1 2 1 1 0 2 7 20 53 43 62 53 327 31 44 157 175 
0 0 1 0 1 0 0 0 3 6 45 84 35 65 95 102 18 18 130 73 
2 0 2 0 0 0 4 1 1 7 53 38 63 55 110 125 15 9 62 97 
0 0 1 0 0 1 0 2 0 11 23 15 60 64 77 100 6 20 72 79 
0 0 0 0 0 1 2 0 2 5 19 47 15 36 57 64 9 21 76 41 
1 0 0 0 1 0 0 0 2 1 25 28 44 46 47 56 14 15 42 112 
0 0 0 0 0 1 3 0 0 1 15 30 41 66 35 40 8 23 25 123 
2 1 1 0 0 0 0 1 2 0 37 22 8 30 62 40 5 15 32 143 
0 0 1 0 0 1 0 0 2 2 8 17 12 34 14 13 2 4 35 138 
0 0 2 1 0 0 1 0 0 0 14 14 8 33 22 29 13 3 22 110 
0 1 0 0 2 0 1 1 1 4 5 16 6 21 20 37 18 5 17 109 
1 0 1 0 1 0 0 1 0 0 13 11 2 6 29 38 6 10 16 121 
1 0 1 0 0 0 0 0 1 1 21 10 9 38 28 45 29 7 40 169 
1 0 0 0 0 1 0 2 0 0 30 17 2 37 47 6 15 2 17 151 
0 0 0 1 1 1 0 3 2 3 12 25 5 13 20 35 75 5 68 92 
0 0 0 0 0 2 0 3 1 3 3 26 7 31 57 46 34 19 45 202 
0 1 1 0 0 0 0 2 0 3 9 34 6 59 24 23 19 6 113 204 
1 0 0 0 0 0 0 6 0 0 33 53 5 61 35 31 29 15 53 172 
0 0 0 1 0 1 0 1 0 6 19 20 10 25 69 22 17 14 124 168 
0 0 1 0 1 1 0 3 0 2 33 46 2 39 42 48 41 19 116 98 
1 2 0 0 2 1 2 3 4 3 28 52 6 53 84 14 40 10 112 272 
0 0 0 0 0 0 0 2 2 3 38 59 7 18 46 27 27 20 148 156 
0 0 0 0 1 2 4 2 2 6 41 56 13 58 31 12 39 21 204 143 
0 0 0 4 1 0 5 3 1 2 50 46 10 24 53 35 22 21 118 177 
0 0 0 0 0 6 6 2 0 10 67 20 2 34 93 66 51 42 193 78 
0 2 0 0 2 2 0 0 0 3 47 63 9 24 99 42 14 44 94 149 
0 2 2 1 2 0 11 3 1 8 40 32 8 11 48 48 40 22 254 81 
0 0 2 1 0 2 2 1 0 1 46 54 13 24 33 18 141 25 191 189 
0 0 0 1 0 3 4 1 2 6 47 60 17 40 79 38 177 29 211 102 
0 0 1 1 0 4 1 5 2 5 28 55 12 17 48 24 185 46 534 221 
0 0 0 2 0 1 4 2 1 3 64 52 18 26 40 42 425 62 213 331 
0 2 1 0 1 5 2 6 0 17 63 69 12 41 65 54 340 57 162 281 
0 2 2 0 0 5 9 10 1 11 48 67 15 36 213 63 174 65 260 437 
0 0 0 0 3 5 0 9 3 3 61 98 28 51 77 38 409 77 318 963 
2 0 0 0 0 15 10 8 1 0 88 61 19 41 112 81 725 35 126 935 
1 1 1 1 0 5 7 17 4 9 90 79 13 103 65 80 445 102 437 516 
0 0 0 1 0 7 4 9 0 12 115 128 37 32 385 110 691 181 264 2718 
0 1 0 0 0 2 8 5 3 44 144 197 31 68 264 172 343 119 169 2638 
0 0 3 2 1 3 9 1 5 19 89 141 33 70 184 148 791 98 423 2688 
0 0 0 1 1 10 9 6 3 26 171 142 64 96 69 168 643 110 131 1377 
0 0 6 2 1 3 14 5 5 36 137 98 23 55 224 229 251 156 121 1144 
0 0 0 7 1 2 22 8 18 41 69 146 40 24 100 94 505 250 220 1059 
2 0 0 2 0 4 17 6 15 22 36 68 29 23 69 138 261 112 154 1045 
0 0 3 2 0 4 3 4 7 54 125 156 34 38 78 148 138 169 232 1041 
1 0 4 4 1 4 14 1 17 23 44 140 83 61 132 112 137 200 188 1695 
0 0 2 7 0 2 11 0 34 37 60 287 32 96 178 99 63 162 217 796 
3 2 8 9 0 4 8 2 27 22 66 203 68 78 85 67 122 82 214 4201 
0 0 7 11 0 3 20 3 16 47 81 108 82 274 105 80 162 70 12 1592 
0 0 10 4 0 0 8 1 29 47 50 109 14 89 114 69 106 133 100 1654 
0 0 2 3 2 2 25 0 13 45 64 130 35 116 259 78 95 105 434 1342 
0 1 3 7 0 0 31 0 27 46 47 65 147 54 129 97 91 86 342 1591 
0 0 1 1 3 0 3 0 35 104 134 68 48 66 118 85 196 84 205 1392 
0 1 5 11 2 0 6 0 36 161 36 65 11 206 214 67 55 208 253 1423 
1 0 2 5 6 2 9 1 30 170 98 27 52 74 114 152 42 210 289 1198 
0 0 1 11 9 0 12 0 8 32 59 30 30 150 60 31 101 216 207 357 
0 0 0 9 0 0 10 1 21 175 56 41 61 113 51 86 47 148 234 873 
0 0 0 7 11 0 5 0 17 123 36 2 34 73 37 39 74 147 117 701 
2 0 2 1 6 1 7 0 10 83 33 20 19 33 25 21 19 92 84 571 
1 2 0 4 3 0 3 0 9 74 17 8 14 63 14 20 19 235 85 168 
0 0 2 1 6 1 2 1 15 34 10 6 25 30 17 9 37 175 54 78 
0 0 0 3 7 2 4 0 3 55 17 1 19 39 10 8 12 149 86 37 
2 1 0 3 0 0 2 1 8 70 13 6 18 41 20 16 26 198 122 70 
0 1 1 3 0 0 3 0 4 54 11 18 45 32 27 14 8 182 105 81 
0 0 1 3 6 0 4 0 9 51 8 16 23 34 14 12 10 323 129 67 
0 1 1 0 5 0 0 1 8 134 12 20 59 34 34 3 22 296 189 48 
1 2 3 0 9 0 1 0 9 76 14 23 66 48 38 12 7 433 180 87 
0 0 3 0 6 1 0 0 3 50 13 23 55 46 15 29 18 306 104 60 
0 2 2 0 0 0 1 0 10 114 26 25 76 39 24 25 17 465 120 59 
0 0 1 0 7 0 1 0 13 49 19 30 73 58 15 36 20 392 119 79 
2 0 3 0 10 0 0 3 10 55 8 25 48 43 41 57 14 282 201 76 
0 0 1 1 6 0 2 2 11 111 6 31 120 51 34 26 25 396 198 77 
0 0 0 0 4 1 1 1 0 127 10 33 126 55 26 30 37 334 178 63 
0 0 0 0 5 3 1 5 11 101 9 35 80 29 32 73 37 334 486 64 
0 0 1 1 7 0 1 2 16 71 23 38 97 43 19 41 40 650 278 125 
