0 69 
0 79 
0 85 
1 72 
0 53 
1 26 
0 18 
0 25 
0 17 
2 12 
0 7 
0 8 
1 10 
1 0 
1 6 
0 8 
0 5 
0 18 
1 14 
1 21 
0 13 
0 8 
0 10 
0 12 
0 8 
0 15 
0 1 
0 11 
0 5 
0 4 
0 2 
0 1 
0 8 
1 2 
1 0 
0 0 
0 0 
0 3 
0 0 
0 3 
0 5 
2 3 
1 1 
1 5 
0 8 
0 14 
0 3 
0 14 
2 13 
0 12 
1 12 
0 3 
0 6 
2 23 
0 9 
0 16 
0 24 
1 25 
0 10 
0 30 
0 37 
0 27 
0 26 
0 51 
0 99 
0 32 
0 74 
0 87 
0 71 
2 136 
1 125 
1 96 
0 95 
1 208 
1 233 
0 314 
0 573 
0 493 
0 553 
0 382 
1 437 
0 799 
0 566 
1 469 
0 259 
0 486 
0 214 
0 303 
2 262 
0 376 
0 521 
0 538 
0 539 
0 1131 
1 1147 
0 929 
1 972 
0 998 
0 526 
1 1049 
0 1202 
0 1288 
0 2712 
0 871 
1 1927 
0 1468 
0 1659 
1 2966 
2 2378 
1 3533 
1 2099 
1 5193 
0 1161 
0 1201 
2 1947 
0 4535 
0 1918 
0 3513 
0 3088 
0 391 
1 1093 
0 1111 
0 675 
0 521 
1 515 
0 293 
2 613 
0 194 
1 297 
0 308 
5 262 
2 311 
4 208 
4 153 
0 134 
4 70 
1 126 
2 22 
3 16 
0 33 
3 21 
1 11 
0 22 
0 26 
0 19 
0 5 
2 22 
0 16 
1 21 
1 5 
0 10 
1 9 
0 32 
0 24 
1 9 
0 12 
1 11 
1 15 
0 11 
1 21 
0 19 
0 21 
2 33 
0 39 
0 8 
2 17 
0 19 
0 41 
1 25 
1 67 
1 92 
0 100 
0 47 
0 56 
1 97 
0 55 
2 151 
0 89 
0 266 
1 207 
0 372 
0 206 
0 331 
0 283 
0 685 
1 269 
0 367 
1 358 
1 358 
0 333 
0 186 
1 455 
0 247 
1 742 
1 429 
0 461 
0 860 
0 247 
0 745 
0 519 
0 369 
0 985 
0 1234 
0 1067 
2 803 
1 1136 
0 1348 
0 1674 
0 1682 
1 1282 
1 1252 
0 1611 
0 2025 
1 2294 
9 2582 
5 1778 
1 2830 
6 2916 
2 1072 
10 2056 
3 1715 
3 1665 
1 1691 
1 1014 
0 1606 
0 1608 
2 873 
0 1043 
2 654 
1 608 
2 818 
0 341 
0 666 
0 736 
1 720 
1 295 
0 348 
0 762 
0 287 
0 191 
0 208 
1 90 
0 87 
0 53 
0 24 
0 25 
1 34 
0 20 
0 43 
1 17 
0 27 
0 25 
0 22 
0 30 
0 20 
1 12 
0 10 
0 25 
0 48 
1 34 
0 41 
0 22 
0 29 
1 20 
0 27 
0 58 
0 45 
0 57 
0 101 
1 80 
0 96 
2 47 
0 113 
0 105 
0 104 
2 77 
0 88 
1 144 
0 92 
0 55 
0 90 
0 39 
0 99 
1 52 
0 50 
0 61 
0 140 
0 208 
0 56 
0 92 
0 75 
0 111 
1 80 
0 29 
0 40 
1 30 
0 7 
2 31 
0 77 
0 47 
0 59 
0 81 
1 39 
0 33 
1 107 
1 87 
0 83 
0 173 
0 187 
0 225 
0 314 
0 173 
0 244 
0 188 
0 213 
0 196 
1 312 
0 568 
0 835 
0 531 
0 2162 
2 3521 
0 2034 
1 1204 
1 3270 
1 3247 
5 3671 
0 5865 
0 2440 
0 702 
0 916 
1 730 
0 1117 
0 1455 
1 1282 
0 1552 
0 674 
0 1458 
1 1682 
0 485 
0 1056 
2 397 
1 1268 
1 789 
0 354 
1 410 
0 310 
0 221 
0 201 
0 316 
1 214 
1 298 
1 168 
0 171 
0 229 
0 392 
0 347 
1 209 
0 196 
0 123 
1 183 
0 262 
0 306 
2 164 
4 128 
1 128 
0 109 
1 147 
0 205 
1 57 
2 146 
2 342 
0 131 
4 232 
1 139 
1 138 
1 150 
1 169 
0 157 
0 236 
3 264 
0 354 
0 204 
1 367 
0 186 
0 163 
1 81 
0 119 
3 111 
0 130 
0 130 
0 138 
1 154 
0 145 
0 97 
0 142 
0 195 
0 178 
0 265 
0 155 
0 167 
1 205 
0 183 
0 143 
1 322 
0 194 
0 329 
0 337 
0 360 
0 637 
0 202 
0 255 
0 397 
0 529 
0 441 
1 700 
0 649 
1 1240 
0 747 
0 1089 
1 1696 
0 1107 
0 1128 
0 893 
0 743 
2 773 
2 1187 
2 1047 
1 1940 
2 1163 
0 844 
0 1144 
0 927 
0 1058 
0 596 
0 1374 
0 426 
0 706 
0 1881 
0 503 
2 840 
1 314 
1 332 
1 290 
4 433 
2 797 
1 367 
1 583 
3 148 
7 215 
3 212 
1 119 
4 119 
1 49 
1 77 
0 44 
0 87 
0 35 
0 104 
0 26 
0 30 
0 39 
0 31 
0 63 
0 29 
0 83 
0 113 
0 42 
0 97 
0 72 
1 35 
0 157 
0 163 
0 130 
0 76 
0 472 
2 155 
0 122 
0 105 
0 279 
0 201 
0 155 
0 147 
0 297 
0 316 
0 177 
0 458 
1 251 
0 294 
0 633 
0 448 
1 353 
1 576 
0 809 
0 464 
0 756 
0 761 
0 494 
0 331 
0 329 
1 302 
1 254 
0 351 
0 345 
0 433 
0 582 
0 107 
1 157 
0 307 
0 270 
2 308 
0 452 
0 290 
0 281 
0 437 
0 284 
0 791 
1 844 
0 891 
0 1269 
1 1479 
0 983 
1 1612 
0 864 
2 921 
0 1270 
1 1717 
0 1700 
0 867 
0 538 
0 1362 
0 799 
1 815 
0 870 
1 899 
0 2127 
0 1196 
0 415 
0 791 
1 704 
2 1703 
0 894 
0 624 
1 264 
0 712 
0 375 
0 493 
1 395 
0 262 
0 181 
0 371 
1 447 
0 253 
0 263 
0 213 
1 120 
0 115 
0 127 
0 257 
0 85 
0 67 
0 53 
1 193 
0 184 
0 69 
0 235 
1 186 
0 136 
0 194 
0 86 
0 77 
0 71 
0 163 
0 179 
0 205 
0 227 
0 134 
0 145 
0 153 
0 192 
0 294 
1 113 
0 226 
0 310 
0 285 
0 364 
1 496 
2 605 
2 530 
1 372 
0 520 
2 592 
0 413 
1 1857 
0 1317 
0 840 
2 641 
0 1650 
0 1596 
3 1353 
0 341 
1 1259 
1 2022 
0 912 
0 840 
0 585 
0 654 
1 502 
0 444 
2 370 
0 522 
0 275 
0 465 
1 605 
0 538 
0 869 
0 1611 
1 515 
0 1090 
0 710 
1 780 
0 878 
2 670 
2 727 
0 408 
0 563 
0 271 
1 234 
1 402 
0 362 
0 211 
0 294 
0 325 
0 334 
1 220 
0 189 
2 234 
1 551 
0 460 
0 522 
0 383 
0 221 
1 211 
1 1046 
0 504 
0 1726 
1 638 
1 444 
0 503 
0 564 
0 481 
0 216 
0 690 
0 856 
0 1015 
0 538 
0 486 
0 787 
1 320 
0 205 
0 309 
0 196 
2 141 
0 89 
0 100 
0 218 
1 187 
0 309 
1 493 
0 177 
0 248 
0 288 
0 300 
0 260 
0 103 
0 181 
0 262 
0 196 
0 446 
0 151 
0 182 
0 298 
1 265 
1 367 
6 79 
8 121 
13 356 
14 549 
21 211 
6 469 
7 677 
1 560 
3 703 
5 310 
5 277 
4 416 
0 539 
0 590 
0 580 
2 531 
3 366 
1 135 
1 343 
0 210 
0 376 
0 441 
0 230 
0 159 
1 192 
0 215 
0 194 
0 128 
0 210 
1 200 
0 93 
0 77 
0 42 
0 65 
1 62 
0 57 
0 87 
2 129 
1 159 
1 129 
0 220 
0 326 
1 375 
2 230 
0 230 
0 259 
0 429 
0 238 
0 276 
0 362 
0 342 
2 488 
1 362 
1 211 
2 1615 
0 689 
1 693 
0 820 
0 845 
0 765 
1 523 
0 1107 
1 371 
0 347 
0 463 
2 420 
0 570 
1 1410 
0 1023 
1 1505 
0 3298 
1 2427 
1 1323 
0 1972 
1 2158 
0 3073 
2 805 
0 599 
0 908 
0 650 
0 314 
0 201 
0 190 
0 171 
0 56 
2 84 
0 109 
1 131 
1 125 
3 134 
0 64 
0 138 
0 153 
0 94 
2 92 
1 59 
0 168 
0 83 
0 178 
1 142 
0 161 
0 338 
0 169 
1 286 
0 329 
1 375 
0 137 
0 344 
1 217 
0 435 
0 145 
0 203 
2 158 
1 285 
0 122 
0 220 
0 163 
0 267 
0 200 
0 90 
1 205 
0 247 
2 116 
1 529 
0 492 
0 606 
0 537 
1 476 
0 862 
0 648 
0 501 
1 955 
0 302 
0 618 
1 552 
0 408 
1 339 
0 532 
0 447 
2 240 
2 638 
0 1048 
1 768 
0 1164 
0 1378 
0 1413 
1 1266 
1 1225 
