0 3 0 0 0 5 0 2 41 113 37 85 144 655 849 583 269 92 48 334 
1 2 2 1 0 1 0 1 13 73 63 172 86 296 595 530 448 86 80 496 
1 0 0 2 0 4 2 1 27 30 132 67 46 203 320 512 261 91 113 400 
7 2 1 0 4 0 1 1 33 20 171 62 24 169 207 442 236 138 110 640 
9 0 3 0 2 5 1 1 46 72 167 60 31 146 145 418 206 216 256 601 
12 1 2 0 3 0 2 0 33 64 171 75 28 90 118 598 144 157 121 784 
14 0 0 2 0 1 2 0 63 69 319 50 22 34 152 295 188 164 276 661 
5 0 0 2 0 0 1 0 76 55 249 45 22 66 106 427 125 113 192 499 
14 0 0 0 0 2 2 1 81 40 172 27 27 22 103 202 163 165 226 424 
11 0 1 0 0 2 5 2 75 70 224 17 26 36 52 220 176 211 171 438 
5 1 0 0 0 2 6 0 108 50 340 15 23 10 61 113 123 133 115 477 
3 2 0 3 2 1 12 2 131 47 258 13 22 24 69 110 138 108 128 581 
3 0 0 3 1 0 5 2 265 48 248 11 8 16 45 102 70 104 128 607 
1 1 0 0 0 1 6 2 116 50 148 12 27 25 38 110 52 129 68 554 
0 0 0 1 1 3 9 2 132 25 92 14 21 10 26 104 41 79 141 527 
3 0 0 1 0 1 6 0 114 17 101 13 5 10 30 83 75 96 105 344 
2 0 0 1 0 0 4 1 110 11 59 9 2 13 13 47 29 62 110 347 
2 0 0 2 0 1 3 1 64 13 92 5 12 10 49 41 22 67 118 257 
2 1 1 2 0 2 2 4 37 9 122 8 6 2 14 41 12 98 153 306 
2 1 2 0 1 2 4 3 41 19 74 10 17 9 12 33 22 90 136 213 
1 1 0 1 1 0 6 0 29 19 54 4 7 17 12 32 5 105 140 203 
0 0 0 0 0 0 4 6 10 18 82 7 4 14 24 27 28 80 83 249 
2 1 1 0 2 0 7 3 9 5 48 6 12 7 13 28 46 80 182 458 
2 0 0 1 0 1 3 0 5 11 36 2 14 18 12 30 29 103 140 263 
1 0 1 0 1 0 5 1 5 13 44 8 5 18 9 15 33 62 89 200 
0 1 0 0 0 0 6 1 7 14 33 7 5 18 26 26 26 99 58 408 
0 0 0 0 1 3 1 1 0 11 23 3 2 2 12 24 20 95 65 259 
1 1 1 1 3 0 3 0 1 6 14 3 16 14 12 19 7 77 54 323 
0 2 0 1 1 0 7 1 4 10 12 5 15 7 9 13 37 41 71 277 
1 2 0 0 0 1 6 1 3 12 29 3 16 4 10 13 7 39 64 242 
1 1 0 0 0 1 5 0 0 12 51 8 8 2 4 10 7 45 26 210 
0 0 1 2 0 0 0 0 1 6 12 0 0 1 1 11 9 40 60 182 
0 0 1 0 0 0 3 0 3 6 7 3 2 5 1 9 6 31 20 110 
0 0 0 0 0 0 0 1 0 4 2 3 2 3 3 2 5 43 45 69 
0 0 0 0 0 0 3 1 0 5 1 0 0 1 1 0 8 61 35 69 
0 0 0 1 1 0 1 0 0 7 7 2 1 0 6 2 1 35 24 31 
0 2 0 0 0 0 0 0 1 0 7 1 1 0 6 4 7 20 33 16 
0 0 0 0 0 0 2 0 0 3 5 2 0 2 3 8 5 36 53 44 
0 0 0 0 1 0 0 0 0 5 1 2 2 1 12 20 3 31 61 35 
0 0 0 0 0 0 0 1 1 6 6 9 5 1 12 13 18 21 66 52 
0 0 1 1 0 1 0 2 1 3 8 7 3 3 8 16 23 60 34 52 
1 0 0 0 0 0 0 0 0 3 8 3 0 0 6 5 41 65 47 95 
2 0 0 0 0 0 0 0 0 1 12 4 1 3 17 4 35 50 86 55 
0 0 1 0 0 2 0 0 0 3 3 4 2 0 19 7 28 36 59 70 
0 0 0 1 0 0 0 0 2 3 9 5 1 6 38 7 36 33 30 87 
0 1 0 0 2 0 0 0 1 3 14 14 7 9 10 10 24 18 29 80 
1 0 1 2 2 1 0 0 0 0 5 12 7 3 17 4 13 23 33 54 
0 0 2 0 0 0 1 1 0 2 7 9 3 11 11 9 39 23 28 102 
1 0 0 0 0 1 2 0 1 0 8 9 10 11 34 19 38 39 42 49 
0 0 2 0 0 1 5 0 0 4 13 10 4 3 27 25 35 36 48 79 
1 0 0 0 2 0 2 1 0 1 16 6 2 8 18 58 23 61 50 72 
0 1 1 0 2 2 2 1 1 3 22 4 7 9 18 39 47 73 36 69 
0 0 1 0 1 0 0 0 0 2 6 2 7 4 22 17 56 35 23 64 
1 0 1 1 3 0 2 3 0 3 21 2 1 4 18 28 66 49 44 68 
2 0 1 0 0 0 2 0 0 11 24 4 3 4 21 23 44 50 70 66 
1 0 1 0 0 0 1 1 2 11 19 0 9 4 24 19 23 81 38 31 
0 1 0 1 0 1 2 1 1 10 16 8 8 6 24 25 36 238 168 108 
2 0 0 5 1 0 1 0 0 8 22 7 14 4 18 40 63 172 124 101 
0 0 0 6 0 0 2 0 2 8 20 11 14 17 30 36 61 170 140 179 
1 1 0 6 4 0 1 1 1 15 19 16 23 12 39 23 46 125 211 164 
0 0 0 7 6 4 6 3 2 15 30 13 6 24 37 30 90 171 232 165 
1 0 1 1 6 0 4 3 2 17 10 9 15 18 44 47 69 237 671 126 
0 0 1 8 14 1 9 0 1 21 28 23 19 11 69 29 83 263 564 286 
0 0 1 1 6 8 17 3 6 47 34 67 14 16 34 43 63 196 743 426 
0 1 2 0 5 0 28 6 11 22 49 54 24 21 68 39 89 454 703 587 
2 1 2 4 5 2 16 7 8 48 70 55 43 53 74 84 157 305 1302 361 
0 2 1 2 9 5 40 3 25 82 75 97 30 49 80 54 84 480 1377 703 
1 1 2 6 9 2 16 6 23 55 53 90 30 49 182 82 59 471 843 459 
1 0 2 2 5 0 7 2 11 21 47 26 32 84 108 89 200 259 866 389 
0 0 2 0 5 0 9 2 16 96 42 44 90 57 101 110 182 495 516 798 
0 1 3 4 8 4 10 2 17 100 63 60 114 101 46 97 152 509 532 719 
0 2 1 0 2 0 12 1 12 146 65 29 137 76 149 152 82 237 426 742 
0 0 1 0 0 5 10 8 18 186 77 65 103 78 269 93 237 164 544 679 
2 2 3 0 1 9 11 7 38 131 209 52 72 134 178 119 231 223 466 1548 
0 0 3 3 4 9 11 6 15 121 112 194 109 51 185 78 231 230 377 1129 
1 0 1 2 0 19 8 14 12 135 73 135 98 45 147 135 170 288 363 805 
0 0 0 4 4 12 13 9 7 102 95 159 83 123 270 241 202 536 231 1327 
1 0 0 1 10 13 11 30 17 131 108 138 81 80 160 223 226 468 334 1154 
1 0 1 0 1 7 5 57 4 110 95 150 103 98 154 196 190 291 307 905 
3 1 1 1 0 10 2 68 7 113 134 90 150 78 223 182 134 350 348 1564 
0 3 0 0 3 2 2 68 16 54 135 152 132 129 164 195 142 332 341 1015 
1 0 0 0 3 2 2 22 10 49 94 86 134 148 118 165 270 155 186 1372 
0 0 0 0 3 1 1 26 15 67 84 118 142 68 144 117 180 97 129 815 
0 0 1 0 0 1 0 29 5 40 81 71 107 88 176 133 148 93 151 964 
0 0 0 2 0 0 0 45 11 24 49 35 74 105 123 72 79 83 157 596 
0 0 2 0 0 0 0 22 8 38 28 47 71 54 89 78 109 64 105 325 
1 0 0 0 0 0 0 8 11 24 30 54 36 40 46 75 44 52 120 503 
1 1 2 1 0 1 1 11 3 21 21 33 41 61 49 43 36 45 97 452 
1 0 0 0 1 0 0 11 3 17 15 37 26 47 28 58 45 22 67 211 
0 0 0 0 2 0 1 2 3 22 18 58 35 79 34 45 63 93 97 264 
1 0 0 0 0 0 0 13 2 24 20 26 43 49 48 56 84 34 100 497 
2 3 0 1 0 0 2 8 6 55 18 65 40 56 55 64 96 37 101 666 
0 0 0 3 0 1 0 8 4 40 12 49 22 51 47 127 67 73 134 552 
0 1 0 0 0 2 0 4 12 67 30 103 56 99 46 52 111 68 124 810 
0 0 0 0 2 0 1 3 6 53 15 115 98 118 106 75 103 109 97 300 
0 1 1 2 4 1 1 4 7 46 36 107 63 88 91 86 167 126 181 472 
0 1 0 7 1 3 1 3 7 87 38 119 33 80 120 131 193 183 183 363 
0 0 0 2 6 2 0 3 12 50 43 89 60 28 77 98 305 218 162 546 
1 0 0 0 3 2 0 4 4 50 41 134 51 58 82 143 298 244 185 843 
0 0 2 2 5 3 1 11 27 130 24 97 90 67 85 136 435 310 401 1453 
0 1 0 4 2 11 0 3 19 139 52 116 101 74 116 183 321 240 307 646 
1 1 2 1 3 9 8 11 20 76 97 100 86 131 115 236 229 244 491 1380 
0 0 2 2 3 18 8 15 32 71 76 100 105 116 209 207 271 231 466 1189 
0 0 0 1 2 13 2 15 34 77 57 116 104 150 230 164 372 571 257 805 
0 1 1 2 0 11 4 9 22 55 59 132 100 136 165 104 184 218 434 1336 
0 0 1 0 1 9 3 14 22 62 60 200 65 117 133 162 141 214 263 677 
2 0 0 3 2 11 3 13 24 48 81 172 111 90 126 319 310 298 296 1083 
2 3 2 4 3 7 3 8 16 98 75 68 93 73 180 230 186 213 100 725 
2 1 0 5 3 4 6 2 17 58 97 110 131 106 182 241 201 296 191 423 
2 0 0 5 3 11 5 11 16 99 120 133 147 215 145 260 222 308 226 1700 
3 0 1 4 0 4 3 9 33 99 189 96 114 165 279 260 256 272 116 1341 
3 3 0 0 1 4 5 23 14 85 186 128 114 156 274 221 215 218 221 593 
1 0 0 5 4 6 0 4 36 59 78 144 163 138 193 270 236 211 244 767 
0 0 1 4 2 13 1 8 38 49 140 103 72 119 281 200 235 223 215 1056 
0 2 1 2 9 7 0 5 22 56 182 65 97 197 247 272 156 239 177 577 
3 1 0 3 2 7 1 12 28 57 91 108 106 50 363 265 227 232 278 442 
2 1 0 2 3 1 0 13 26 57 117 60 120 113 134 213 179 149 382 698 
5 3 0 0 4 6 0 7 20 86 127 150 84 168 114 248 158 299 406 611 
5 3 2 1 1 4 1 10 12 63 222 105 152 110 247 200 125 147 211 818 
10 1 3 2 3 3 0 24 14 50 91 86 121 140 251 219 81 157 177 1079 
4 0 1 0 4 10 3 16 7 37 128 94 149 201 195 171 141 168 242 717 
3 1 0 1 6 5 2 19 3 31 159 55 55 129 129 116 85 205 153 837 
1 1 0 0 2 0 1 14 9 44 109 88 100 93 181 149 147 238 154 756 
3 1 1 0 1 3 4 12 8 26 235 46 131 87 120 143 86 71 125 1047 
0 0 1 4 1 1 3 9 4 24 175 31 92 101 134 125 80 188 163 861 
2 0 2 2 3 6 6 17 4 24 128 34 85 96 123 119 63 160 209 1203 
0 1 1 0 3 4 6 11 7 30 134 57 72 73 105 194 51 116 271 327 
4 2 0 3 3 12 4 14 14 41 129 61 42 102 41 101 65 145 251 623 
2 0 0 0 1 7 3 13 20 29 76 31 58 49 76 205 53 104 146 890 
1 0 0 1 0 2 5 11 10 45 92 24 32 82 69 206 49 98 229 756 
0 0 0 3 1 12 8 13 14 44 116 44 49 45 131 202 79 93 243 570 
0 1 0 0 1 3 4 4 21 55 66 68 53 67 73 163 104 121 318 770 
2 1 0 2 1 6 6 11 8 41 64 40 41 69 90 118 100 149 209 396 
0 1 1 1 0 6 4 5 15 33 45 46 66 70 109 71 62 84 210 275 
1 1 0 1 0 9 3 7 15 32 22 42 59 66 33 103 107 53 223 465 
0 0 0 3 0 6 3 5 13 30 34 31 40 26 41 53 80 47 221 395 
1 0 0 4 2 1 4 7 2 23 34 46 19 47 31 29 40 70 153 249 
0 0 0 0 0 0 5 3 1 50 19 44 11 34 28 18 48 29 101 207 
1 0 1 0 0 1 6 3 0 18 10 20 8 25 40 19 26 71 115 160 
0 0 0 0 2 1 3 0 1 28 22 18 9 14 15 15 28 44 88 195 
0 0 0 0 0 0 7 0 0 27 8 12 6 17 16 7 26 31 29 75 
0 1 0 2 2 0 3 1 2 29 8 14 12 32 26 8 33 35 38 70 
1 0 0 0 0 3 1 1 0 43 9 22 6 12 28 15 22 59 76 60 
0 0 0 0 0 0 2 0 0 13 3 29 16 21 24 22 26 71 77 80 
1 0 0 0 0 1 0 0 3 30 10 42 24 28 36 19 37 96 82 140 
0 0 0 0 0 3 3 0 3 27 2 27 20 16 33 26 38 88 50 85 
0 0 0 1 0 0 1 0 10 37 12 26 26 29 50 38 41 107 134 195 
0 1 0 0 0 3 0 0 10 37 11 41 37 57 48 28 50 65 189 156 
1 0 1 2 0 2 2 0 6 42 7 27 37 56 99 79 32 98 303 231 
0 0 0 1 0 2 4 0 15 53 18 35 35 58 75 84 54 109 229 354 
0 0 0 0 0 3 0 0 6 36 22 33 63 112 74 100 78 149 333 275 
1 0 0 1 0 4 2 0 11 40 21 65 123 61 140 103 103 156 305 408 
2 0 0 0 1 0 5 5 15 57 31 129 68 113 235 123 96 147 429 517 
0 0 1 0 3 5 6 2 8 46 41 135 45 189 142 61 137 133 588 651 
0 0 0 4 0 1 16 5 19 107 33 237 117 259 312 124 52 241 533 557 
2 0 0 1 2 2 28 1 26 54 39 164 99 236 331 176 113 354 564 871 
0 0 0 3 0 13 29 4 20 58 51 159 108 91 258 88 70 167 465 637 
1 2 2 2 5 5 21 11 25 86 46 147 111 308 278 160 69 313 353 748 
0 0 1 1 4 0 9 16 11 83 77 111 47 157 225 221 95 216 432 788 
1 0 2 1 3 6 16 11 34 53 46 104 64 309 371 112 214 271 383 887 
0 0 0 0 5 6 4 10 26 62 67 189 62 246 273 127 97 315 392 671 
0 0 0 0 1 15 7 5 23 100 104 184 104 238 204 195 205 327 525 1079 
0 1 0 4 7 25 10 13 22 176 57 149 131 307 210 176 236 368 454 965 
0 0 1 0 9 20 16 22 22 132 128 103 156 260 233 226 315 284 581 1184 
5 0 2 1 28 9 10 5 15 181 94 168 117 162 226 134 277 387 686 999 
0 2 1 3 25 8 3 24 25 188 89 184 102 276 267 130 257 300 272 804 
0 0 0 2 25 3 14 15 3 125 89 194 107 274 265 173 200 677 479 969 
1 2 0 0 33 17 9 25 33 161 114 109 91 350 226 139 382 378 482 945 
3 0 2 0 34 12 6 16 88 261 218 158 126 270 290 128 496 334 644 638 
0 13 2 0 12 7 3 17 60 123 148 78 94 181 280 81 357 443 416 1146 
3 5 2 3 7 15 4 51 26 143 107 84 90 199 122 176 200 749 529 1753 
0 10 0 2 14 11 9 27 34 140 64 84 72 173 142 199 324 602 470 859 
2 4 1 0 10 8 7 31 33 94 58 97 98 140 150 171 205 263 420 766 
1 5 1 5 4 17 8 23 28 62 67 71 117 107 130 102 305 369 260 641 
3 7 1 10 6 8 9 20 6 69 70 64 52 88 95 111 320 273 167 509 
0 1 1 9 12 8 4 28 2 63 74 64 37 60 86 82 366 132 340 530 
3 3 1 2 3 5 4 47 13 35 58 42 52 79 99 123 270 247 373 409 
4 5 0 1 0 4 0 35 8 58 58 32 35 34 70 118 304 241 286 607 
3 2 0 5 1 10 2 25 2 37 39 57 62 65 59 106 145 171 224 286 
1 0 1 5 0 3 3 26 6 30 49 35 19 44 38 101 145 55 245 275 
4 0 0 2 2 8 1 20 3 26 33 54 45 45 78 211 80 140 191 258 
5 1 2 0 0 7 2 19 9 21 48 19 23 96 87 184 139 132 129 270 
2 1 1 9 1 11 7 16 0 15 29 42 14 33 106 98 76 164 206 185 
0 1 0 0 0 15 7 16 8 10 35 38 25 56 68 119 64 125 84 233 
2 1 1 5 0 6 0 20 9 15 25 35 35 40 104 64 131 105 134 239 
1 2 0 0 0 5 4 8 4 9 25 27 33 34 40 72 49 86 84 187 
0 0 1 0 0 1 2 9 4 15 12 31 26 18 27 38 82 69 85 152 
3 0 1 0 0 1 1 1 1 7 11 30 16 16 30 47 18 62 76 78 
0 1 0 1 0 1 2 0 1 6 27 8 13 20 25 31 38 56 55 120 
1 1 0 2 0 2 0 1 0 3 17 13 12 10 32 28 22 33 31 77 
0 1 0 1 1 2 0 3 0 1 23 11 3 9 18 13 17 22 20 39 
1 0 0 0 0 1 2 2 0 2 16 0 6 11 17 23 11 36 13 41 
1 0 1 0 0 1 0 0 0 1 10 3 3 8 26 11 21 28 15 23 
1 0 0 0 1 0 0 0 0 2 12 10 4 11 37 9 18 19 2 16 
2 0 2 0 0 0 0 0 3 1 5 6 4 9 19 20 5 26 16 43 
0 1 0 1 2 0 0 0 0 0 4 12 24 5 6 5 13 28 8 37 
0 0 0 0 2 2 2 1 0 1 8 20 14 3 15 23 11 27 15 85 
0 0 0 1 0 0 1 1 2 0 6 13 14 9 20 7 13 42 6 76 
0 0 1 0 1 0 0 0 5 0 10 7 16 8 22 15 8 28 18 89 
2 3 3 0 1 1 3 0 5 0 16 17 5 10 47 25 23 20 24 90 
0 0 1 0 1 4 2 1 2 0 11 12 28 5 43 35 10 22 22 70 
0 0 0 0 1 0 2 2 1 2 1 8 55 12 38 47 11 41 26 63 
0 2 1 0 0 0 0 2 0 5 10 10 71 9 59 40 14 42 28 117 
0 0 0 0 0 0 0 2 1 2 1 11 97 19 57 34 39 30 34 149 
0 0 0 0 1 0 4 7 3 6 17 14 41 16 62 21 37 33 65 121 
1 0 0 0 3 0 2 4 1 10 18 10 50 13 28 26 44 38 59 157 
1 0 1 4 0 0 4 2 9 11 27 22 62 28 52 43 66 52 71 441 
0 0 0 1 0 1 3 1 7 22 15 28 77 48 77 44 106 38 69 293 
1 0 0 1 0 2 0 3 4 15 22 16 32 32 56 41 132 40 48 260 
0 1 0 0 0 0 0 2 10 18 23 30 48 25 30 30 50 32 50 432 
0 2 0 1 1 0 1 2 23 12 27 24 29 35 39 37 107 50 89 449 
0 1 0 1 1 0 1 0 25 11 15 28 50 35 23 58 116 43 94 644 
1 0 0 0 0 1 3 0 20 15 35 13 68 31 31 59 77 39 193 592 
0 1 1 1 0 2 1 0 33 26 26 32 64 64 35 29 80 41 225 721 
0 0 1 0 0 1 0 0 20 16 84 17 119 62 52 53 108 80 180 1141 
1 2 0 3 0 3 3 1 20 30 50 37 85 84 23 48 52 60 259 248 
2 0 0 3 0 2 4 0 34 29 41 66 55 75 59 84 49 80 127 466 
0 1 0 2 1 4 3 1 32 32 82 129 80 131 79 149 91 80 203 739 
0 0 2 0 3 6 1 3 31 23 137 81 122 60 71 132 92 126 166 633 
0 2 0 5 6 10 1 6 17 35 91 77 123 50 115 241 133 143 91 612 
0 0 2 5 2 11 8 6 33 37 143 225 99 32 108 301 87 98 277 867 
0 0 1 0 2 7 6 3 43 62 158 211 76 65 119 359 218 106 174 893 
1 2 2 1 0 15 8 8 30 52 159 210 75 45 195 245 178 51 354 940 
0 2 3 0 0 4 6 4 8 38 144 392 78 38 150 396 222 88 139 678 
0 3 0 1 0 20 6 11 22 44 111 165 115 51 139 281 164 97 211 384 
0 0 0 0 1 15 13 0 10 53 122 118 53 26 279 345 154 86 196 288 
0 1 4 5 0 18 23 5 9 76 120 181 43 71 75 168 203 64 251 208 
0 4 2 8 4 28 20 0 5 21 117 122 57 90 159 161 64 102 165 673 
0 1 3 12 1 20 30 6 2 42 83 137 77 86 205 267 245 264 242 777 
0 2 1 7 3 15 13 5 6 71 155 212 93 142 177 194 350 223 447 664 
0 0 1 5 2 9 9 6 5 101 113 134 98 71 249 173 241 224 305 437 
0 3 2 6 1 9 6 7 10 57 83 101 111 74 94 203 143 167 365 996 
0 0 6 6 2 7 4 9 12 132 91 133 169 75 297 177 319 217 201 874 
1 0 0 5 0 6 7 15 12 80 34 174 173 74 181 257 260 238 458 1646 
0 0 0 7 1 10 4 7 14 123 77 180 147 88 145 344 218 291 525 1192 
0 0 1 1 0 13 4 8 10 103 44 146 77 137 200 190 87 290 777 998 
1 0 0 3 4 19 6 20 12 71 63 112 170 116 188 226 170 377 637 1377 
0 1 2 5 2 11 0 15 18 135 41 117 161 103 216 143 420 250 351 1256 
1 0 0 2 1 8 1 3 16 63 55 94 126 65 203 146 297 221 331 1025 
0 0 0 1 4 5 3 10 16 68 43 60 92 67 128 68 111 288 188 993 
0 0 0 0 3 1 0 4 11 59 39 73 103 65 77 100 144 180 111 865 
0 2 0 0 2 3 1 7 6 99 46 65 82 57 132 58 119 172 117 544 
0 0 1 1 1 1 1 11 6 68 33 39 49 63 76 42 93 175 181 559 
0 1 0 0 1 0 0 0 3 33 26 38 19 40 99 45 121 144 133 500 
0 0 1 0 0 1 3 2 5 35 17 17 23 21 71 47 82 77 110 279 
0 0 0 0 1 0 2 4 4 14 21 13 40 16 82 30 41 43 177 288 
0 1 0 1 1 2 5 3 5 29 19 22 18 26 69 32 55 33 172 236 
0 1 1 2 1 2 0 0 7 50 24 28 33 14 77 69 41 79 177 295 
0 0 0 1 3 2 2 2 10 55 21 15 34 56 83 26 82 85 147 166 
0 1 0 0 0 2 3 3 9 94 20 9 56 33 116 61 48 120 129 260 
0 4 0 0 1 0 1 7 13 57 24 34 69 37 73 58 172 75 221 398 
0 2 0 1 1 2 5 10 11 151 30 43 158 33 99 61 275 151 236 439 
0 6 0 1 1 4 0 2 8 62 23 31 81 82 80 83 147 126 202 632 
1 4 1 0 0 1 4 6 13 93 30 51 29 53 41 86 56 148 186 254 
0 0 2 1 0 2 2 5 17 116 25 19 88 79 85 104 158 179 142 325 
1 1 0 0 0 3 7 12 13 170 28 37 73 120 77 82 191 286 143 232 
1 3 0 0 0 4 5 6 12 105 47 29 87 93 96 86 180 220 404 533 
0 0 1 1 3 4 2 16 13 48 58 18 90 134 185 99 120 401 285 368 
0 13 0 0 2 2 3 21 5 75 81 37 85 109 279 121 288 290 202 757 
0 2 1 0 0 12 1 17 12 75 36 37 92 115 211 118 166 508 257 1097 
0 5 0 1 0 5 3 15 6 46 58 34 68 161 209 92 163 588 255 1035 
0 4 2 1 2 5 2 10 16 45 39 37 65 135 113 106 77 231 617 781 
0 2 0 2 0 4 3 6 12 53 103 36 63 259 262 78 154 378 310 917 
0 3 3 0 5 7 1 13 4 67 66 25 68 189 207 78 175 235 327 610 
1 1 2 0 0 4 0 8 9 96 31 77 61 187 222 119 201 445 275 235 
0 1 0 0 1 11 1 14 14 74 78 56 52 187 151 99 172 435 247 817 
0 0 0 0 0 4 3 23 30 50 68 97 31 275 159 82 167 389 265 923 
1 1 0 0 0 12 0 21 12 107 118 56 83 206 143 131 201 285 170 439 
0 3 0 1 1 11 1 29 25 74 143 96 102 261 112 139 416 407 377 819 
1 0 0 1 0 13 1 21 15 68 82 68 105 207 91 77 237 204 198 610 
0 0 1 2 1 8 0 22 25 84 85 71 122 249 105 105 348 239 343 470 
0 1 1 3 0 8 0 36 21 72 86 92 83 262 146 187 401 148 435 402 
0 2 1 1 2 14 0 36 23 56 79 120 81 234 68 104 334 131 451 557 
0 0 1 1 0 9 0 31 19 73 113 116 83 192 239 123 510 90 350 661 
0 0 0 1 1 7 0 18 6 57 107 111 67 161 141 88 388 147 347 403 
0 3 0 2 4 3 0 11 13 20 66 94 59 109 101 105 243 130 331 999 
0 0 0 1 4 3 1 7 16 24 72 84 63 94 82 55 419 85 225 1284 
0 1 2 1 6 4 1 19 18 28 80 56 49 134 95 86 324 65 280 852 
0 1 2 4 5 2 0 11 13 20 72 68 40 39 51 50 227 101 390 585 
0 0 2 4 3 4 2 16 16 34 73 59 34 95 24 56 165 111 393 695 
0 0 0 3 9 2 6 8 16 18 42 83 43 78 62 81 262 84 300 748 
0 0 0 0 5 3 1 12 23 32 49 79 34 59 60 52 259 70 241 430 
0 0 1 0 5 1 2 9 13 18 49 71 29 36 50 59 180 53 330 427 
0 0 0 3 3 1 3 6 12 30 41 71 45 44 79 87 135 52 169 491 
0 1 0 0 1 0 0 2 7 49 64 53 39 45 141 68 122 62 117 846 
0 0 0 1 5 1 1 5 17 46 44 35 41 49 127 33 146 43 97 808 
0 3 0 1 1 0 0 3 6 28 44 85 32 45 63 85 127 67 136 704 
1 0 1 0 1 0 1 3 17 41 30 89 54 44 153 70 144 94 146 241 
0 1 1 0 5 0 3 2 6 26 15 89 69 62 59 76 105 113 52 321 
0 0 0 0 6 0 1 1 2 20 24 110 50 41 82 74 86 67 73 409 
0 0 0 1 1 0 3 0 6 27 13 67 27 9 60 63 94 76 41 227 
0 0 2 0 7 0 1 1 4 11 9 72 21 25 24 46 82 51 53 147 
0 0 0 2 3 0 1 2 0 24 11 39 25 21 49 60 50 28 33 136 
0 1 0 0 1 1 4 0 1 33 4 28 18 15 18 37 26 20 33 127 
1 0 1 0 1 0 3 1 6 15 3 17 6 15 19 26 19 25 12 72 
1 1 2 0 0 0 1 0 0 9 12 20 2 12 13 12 8 15 28 96 
0 0 0 0 0 0 0 0 1 11 6 17 4 5 21 18 13 10 32 85 
0 0 1 0 1 1 0 0 0 16 5 21 5 11 19 8 9 18 28 99 
0 1 0 0 1 0 3 0 1 16 7 5 13 10 25 13 12 14 30 98 
3 0 1 0 0 0 3 0 2 16 4 5 8 15 26 13 21 7 40 70 
0 1 0 0 2 1 1 0 2 17 8 7 9 27 28 23 28 11 22 114 
1 0 1 0 1 0 0 0 2 24 2 25 14 36 24 29 17 23 62 165 
0 3 0 0 0 0 0 1 0 17 12 20 14 44 27 33 25 30 59 170 
1 1 1 0 1 0 0 0 1 20 19 19 20 47 31 33 37 40 49 219 
1 0 0 3 0 0 3 0 5 17 22 33 19 36 17 31 26 18 116 240 
0 0 0 2 0 0 1 0 2 25 20 32 21 46 27 50 18 32 96 225 
2 0 0 0 1 0 0 1 1 65 15 22 71 81 46 70 29 59 239 261 
1 0 0 0 0 0 0 0 6 56 66 28 30 181 24 70 39 69 246 614 
6 1 0 0 0 4 2 0 8 79 48 24 15 180 59 80 32 63 208 569 
4 1 1 0 1 2 3 1 8 59 58 26 31 156 102 101 71 69 241 664 
3 3 0 1 0 3 1 1 8 61 85 16 37 272 58 134 38 89 216 1084 
1 6 0 0 0 5 6 0 4 91 88 44 47 248 99 110 127 140 221 812 
0 3 0 0 0 13 3 0 6 53 107 47 64 160 82 55 102 137 281 875 
8 0 1 1 2 8 2 3 10 62 79 57 45 149 70 102 99 161 240 566 
1 1 0 3 5 11 8 0 13 40 57 27 70 94 91 68 73 183 176 441 
3 3 2 0 2 12 7 1 7 59 72 56 127 133 71 65 71 289 289 483 
2 6 0 2 5 5 2 3 11 44 96 42 39 80 134 103 158 328 333 427 
4 5 2 3 5 9 4 6 5 70 131 95 81 58 110 189 133 295 328 899 
1 0 0 4 2 10 6 1 2 80 85 101 55 108 110 182 75 366 308 709 
1 1 0 0 6 12 9 7 5 171 168 153 88 74 113 140 148 363 264 931 
1 1 0 3 10 16 2 5 5 143 159 125 76 117 136 173 123 372 312 762 
1 3 0 2 3 3 6 1 25 58 224 98 116 106 227 276 159 753 400 907 
0 2 1 11 2 7 13 8 15 178 229 81 153 55 157 323 199 1054 467 1337 
0 2 0 4 3 4 14 14 26 147 405 96 162 111 150 323 300 580 669 1194 
0 0 0 12 1 3 10 15 29 100 370 164 132 70 189 214 297 218 589 934 
0 1 0 8 1 9 18 26 34 57 165 204 206 103 313 252 347 518 376 1788 
0 2 2 5 5 10 5 22 38 82 161 231 175 84 272 380 307 390 207 1868 
0 3 2 9 8 7 6 36 26 127 210 324 163 80 234 306 318 524 450 2186 
0 0 0 3 9 4 8 48 15 63 166 138 225 132 270 293 312 633 630 873 
0 2 0 3 4 5 0 52 5 66 147 149 158 74 200 270 284 309 414 1165 
0 1 1 2 6 7 2 21 33 35 137 109 99 99 170 356 265 198 202 1120 
1 0 0 3 0 1 3 15 10 46 121 32 179 127 130 375 174 182 145 1064 
0 0 4 0 1 1 3 23 11 32 79 75 129 140 114 219 180 199 202 986 
1 0 2 4 2 1 7 23 14 31 49 113 108 155 63 229 169 218 238 1263 
2 0 0 5 3 0 11 29 10 54 32 62 97 232 103 169 222 183 179 964 
1 0 2 0 1 0 8 35 19 28 49 92 89 74 84 148 122 136 124 1576 
2 0 2 4 4 2 5 79 9 43 28 71 57 156 77 124 172 198 100 948 
0 3 0 0 3 3 0 41 9 26 14 45 86 132 110 68 205 137 141 826 
0 2 3 0 4 1 6 27 5 61 15 95 54 85 100 63 143 114 123 598 
0 0 0 0 3 2 4 35 6 63 23 28 78 53 142 117 63 155 107 432 
0 0 3 0 2 0 7 12 3 65 12 51 87 75 77 63 151 66 84 291 
0 0 1 0 6 2 14 9 2 54 13 37 63 29 96 56 71 58 121 262 
0 0 0 1 7 0 7 12 6 29 18 40 24 64 37 46 78 50 33 184 
0 1 2 1 6 0 7 0 9 17 7 28 25 32 44 47 58 53 51 203 
0 0 1 1 2 1 2 1 5 31 8 32 19 17 22 44 47 39 60 167 
0 0 0 1 7 3 3 6 2 19 0 24 25 18 13 26 52 16 35 79 
0 0 1 0 1 4 4 0 2 20 8 13 10 18 17 7 36 9 28 109 
0 0 1 0 0 1 2 1 4 16 5 8 2 14 17 14 24 12 31 77 
0 1 2 0 1 0 2 1 1 2 7 13 11 8 21 9 23 9 36 45 
0 1 1 0 0 2 0 0 3 10 4 12 3 7 13 12 19 4 28 33 
0 0 0 0 2 1 7 3 3 14 3 39 3 12 6 5 13 9 17 18 
1 0 1 0 1 0 2 0 1 17 9 23 3 13 10 1 13 9 19 25 
0 0 2 1 2 0 3 0 3 5 16 27 2 13 11 9 16 7 26 28 
1 0 1 0 0 0 5 2 3 11 10 35 4 14 21 18 28 12 43 56 
0 1 1 0 0 0 1 6 0 6 7 28 2 22 13 12 23 18 32 61 
1 0 0 1 0 0 1 4 0 30 13 18 2 14 42 1 13 5 65 71 
0 2 0 0 1 2 0 5 1 15 10 37 3 19 23 26 2 16 53 44 
0 1 1 0 4 0 4 1 3 7 4 17 4 19 33 19 12 21 30 45 
1 0 2 2 0 0 3 1 2 8 7 8 4 14 22 14 21 19 79 85 
1 2 0 0 0 3 2 0 0 7 2 21 7 31 15 17 39 14 34 46 
1 0 0 0 0 0 5 0 1 17 3 11 6 24 11 28 27 22 101 53 
2 0 0 0 0 0 4 1 3 22 2 27 4 60 25 17 24 33 101 108 
0 0 1 0 1 0 0 2 1 19 7 26 8 30 9 36 23 12 109 104 
0 0 0 0 2 0 2 1 1 29 5 17 7 49 6 38 34 18 89 123 
0 0 0 2 0 0 3 3 4 29 4 7 9 61 14 20 45 31 125 87 
1 0 1 0 2 0 0 0 0 45 4 2 6 36 9 22 32 30 137 140 
1 0 2 1 1 0 5 1 0 25 10 15 13 11 6 41 22 19 58 122 
1 0 0 1 0 1 1 0 0 32 5 13 22 40 18 42 44 38 93 182 
1 0 1 0 4 0 2 2 3 44 6 15 26 42 14 29 51 27 107 50 
0 0 0 2 4 0 1 4 0 33 11 25 26 51 22 45 53 38 110 148 
1 0 2 0 0 1 2 2 2 13 6 20 34 48 33 69 69 46 74 169 
0 0 0 0 5 0 2 0 0 24 14 18 32 54 36 85 39 37 75 128 
1 0 0 0 2 0 2 0 0 24 16 17 57 54 25 37 59 101 109 277 
0 1 0 0 0 3 0 0 1 46 24 23 29 40 58 68 62 107 123 129 
1 1 0 0 1 0 1 2 1 32 32 24 20 52 95 66 96 60 134 166 
0 1 1 0 0 2 0 0 0 33 40 32 21 46 53 80 80 34 167 342 
1 1 0 0 0 0 0 1 2 22 50 47 36 84 58 127 64 46 268 310 
0 1 0 1 0 3 1 1 5 25 47 75 30 116 38 106 97 64 168 318 
1 0 1 1 0 9 0 2 3 36 49 97 39 57 35 165 118 104 167 433 
1 0 0 1 2 7 1 1 18 22 51 74 33 50 49 119 220 40 171 277 
0 0 0 1 2 8 1 4 8 14 49 112 38 45 92 144 162 40 181 390 
0 0 0 1 1 5 0 1 6 33 38 126 44 53 47 84 114 72 120 296 
1 0 2 2 2 5 0 2 8 22 36 78 22 103 49 59 111 50 138 232 
0 0 0 1 0 1 2 1 6 22 29 63 38 74 43 70 211 80 127 193 
0 0 1 0 1 4 0 7 2 43 22 71 65 70 50 44 100 76 296 349 
0 0 1 1 0 3 2 0 9 25 23 119 34 83 42 66 89 83 181 274 
0 0 1 4 0 4 1 1 1 24 48 66 35 100 67 58 153 151 147 380 
0 0 0 2 1 2 1 1 2 18 40 79 58 83 54 31 134 80 172 241 
1 0 1 0 0 5 0 2 3 38 33 143 34 85 67 92 163 55 285 167 
0 2 0 2 0 2 3 0 6 38 40 70 78 76 86 96 79 82 167 372 
0 0 2 0 1 3 1 1 10 36 32 67 35 62 92 100 137 66 259 418 
1 1 0 4 0 2 2 1 9 37 22 94 56 96 49 78 138 62 363 917 
0 1 0 1 0 3 0 3 18 46 48 104 41 74 38 128 309 95 223 427 
1 0 0 3 0 3 0 0 19 47 51 98 76 47 92 144 301 45 240 507 
0 2 1 2 1 1 3 3 15 31 51 133 64 44 95 111 126 145 237 471 
0 0 0 0 0 0 1 1 13 65 39 104 38 57 86 93 150 82 120 657 
0 0 0 0 1 0 4 1 17 25 25 54 29 32 47 48 139 105 226 480 
0 0 0 0 0 8 0 2 6 38 23 52 37 14 55 69 38 93 119 207 
0 0 0 1 0 0 1 1 6 34 44 38 38 8 34 82 53 79 70 168 
0 0 1 4 0 0 1 0 5 13 22 84 16 18 13 58 48 101 23 280 
1 0 0 8 0 0 2 0 2 12 14 48 42 12 26 33 85 75 31 259 
0 1 2 0 0 1 0 0 0 11 9 31 18 6 28 30 82 112 67 266 
0 0 0 2 1 1 0 1 2 12 12 39 32 38 17 22 54 82 90 291 
0 0 1 2 0 1 0 0 4 15 16 48 35 43 30 54 60 138 45 332 
0 0 0 1 1 2 0 5 16 14 19 53 38 64 59 136 71 276 145 348 
0 0 1 1 1 6 1 5 21 18 20 37 53 96 75 156 72 308 191 259 
0 0 1 0 1 1 3 16 17 3 31 67 43 122 126 106 182 463 223 301 
0 0 1 3 0 3 5 18 31 26 33 109 122 70 154 113 63 384 527 569 
0 0 0 0 0 5 2 20 38 54 44 104 166 104 107 119 119 382 342 882 
2 2 0 4 1 2 7 36 30 57 41 94 196 123 129 97 159 383 381 726 
0 1 0 0 9 2 9 19 17 86 30 100 175 68 146 76 268 448 227 791 
0 0 0 2 10 4 10 21 20 69 71 143 208 152 253 73 401 330 355 1202 
1 0 0 2 27 9 18 15 14 63 69 84 203 89 313 237 535 537 653 1196 
0 2 0 9 20 10 17 22 82 163 104 153 201 146 482 228 663 382 468 1552 
0 0 0 2 23 6 12 10 73 259 171 156 231 228 599 161 688 852 872 2292 
0 2 1 3 30 15 16 22 74 271 367 287 181 135 342 317 478 506 1070 1319 
2 0 2 0 9 8 16 15 84 331 353 184 183 205 273 328 516 446 807 2145 
0 4 2 7 9 4 14 14 63 213 267 190 175 162 276 265 452 727 1349 1180 
0 3 2 12 8 15 10 10 21 212 205 116 159 126 250 227 443 527 695 1349 
0 1 0 3 8 32 4 5 41 258 212 79 167 101 214 142 457 413 860 883 
0 0 1 9 4 17 2 7 30 167 200 92 135 199 114 157 252 407 444 1371 
0 1 2 17 2 11 1 4 52 227 143 54 155 356 140 201 436 532 560 1017 
3 1 1 8 0 6 3 10 15 128 164 67 98 242 123 173 384 426 568 623 
3 5 0 6 4 10 2 20 14 167 168 77 97 321 205 354 679 245 333 818 
5 3 0 1 0 9 5 13 24 54 142 132 137 222 123 237 435 222 437 1140 
4 0 0 4 3 11 4 13 8 90 118 66 196 234 84 305 235 215 430 647 
2 1 1 3 14 14 5 6 12 138 102 59 104 187 150 201 102 232 303 652 
2 3 1 3 5 5 4 11 12 65 120 44 109 165 150 381 230 133 329 1063 
0 0 1 5 6 10 5 8 15 100 106 20 63 108 88 281 154 85 339 987 
3 0 3 0 1 1 6 9 8 75 61 31 83 264 112 203 110 89 255 478 
1 0 1 5 4 6 6 7 19 52 79 43 74 173 92 190 103 102 158 565 
1 0 1 0 0 5 3 7 11 66 45 27 61 272 128 192 150 69 231 398 
0 2 1 3 2 0 2 8 15 37 49 38 24 205 116 102 93 63 147 701 
0 1 1 1 0 1 5 14 15 34 25 20 40 122 113 167 57 73 83 556 
0 0 0 2 2 4 5 13 12 14 15 19 30 85 110 61 61 56 68 350 
0 0 2 1 3 0 3 9 20 16 22 16 15 99 87 75 58 31 91 226 
0 1 0 0 1 1 6 1 10 15 16 18 20 91 61 40 23 62 89 92 
2 0 0 2 3 1 2 5 11 10 18 19 19 47 40 59 43 29 74 156 
2 1 0 1 3 1 3 2 0 8 11 17 13 43 43 37 42 37 33 154 
1 1 1 2 0 0 1 3 3 12 11 8 19 52 24 66 34 27 34 156 
0 0 0 0 0 0 1 2 10 16 8 9 24 18 34 20 40 23 34 187 
0 3 2 0 0 2 0 0 8 5 3 21 15 26 26 26 26 18 28 154 
3 0 0 0 0 2 1 4 5 4 2 21 9 23 64 27 36 14 37 149 
0 0 0 0 0 1 0 8 3 9 5 14 15 41 33 28 31 18 35 123 
0 0 0 0 0 0 1 6 2 2 9 27 5 24 35 35 25 12 29 233 
0 0 0 0 0 3 1 5 8 4 9 25 15 13 31 25 15 8 28 68 
0 0 0 1 0 0 0 2 7 0 6 7 7 25 11 16 17 7 25 90 
0 1 0 2 0 0 0 6 2 0 1 19 7 11 10 17 13 9 33 59 
0 0 0 0 0 0 0 2 5 2 2 9 0 6 9 27 16 3 24 50 
0 1 1 1 0 0 2 0 0 1 4 13 3 12 3 10 10 8 8 38 
0 0 0 0 0 0 0 0 3 0 7 14 0 13 3 13 1 2 13 20 
0 1 0 0 1 0 0 0 0 0 8 4 0 4 6 11 4 0 11 19 
0 0 0 1 1 0 0 2 1 0 5 3 0 1 1 6 0 0 1 23 
1 0 1 1 0 1 1 1 0 2 2 1 0 3 2 7 3 4 4 17 
0 2 1 1 1 0 0 0 0 0 0 2 1 2 2 3 1 0 5 3 
1 0 0 0 0 0 0 0 2 2 0 5 0 5 0 1 0 4 4 8 
0 0 1 2 1 0 0 1 0 0 1 2 0 3 0 2 4 3 4 7 
0 1 0 1 1 1 0 0 0 0 0 4 0 3 4 1 3 1 7 6 
0 0 0 0 1 0 0 0 1 1 1 5 0 5 1 1 1 5 9 11 
0 1 0 1 2 0 1 1 0 5 0 6 1 6 0 3 3 7 11 14 
0 3 0 0 1 1 0 0 1 0 0 6 0 10 1 1 1 2 4 10 
0 0 0 0 0 0 0 0 0 2 0 4 0 4 0 1 0 0 1 2 
0 0 0 1 0 0 2 0 0 2 0 1 0 5 2 4 3 5 3 9 
1 0 0 2 2 0 0 0 1 3 1 3 4 5 0 2 2 13 2 13 
1 0 1 1 1 0 0 0 0 2 2 2 1 11 1 1 7 12 2 6 
1 1 0 0 0 0 0 0 1 0 2 0 1 4 0 0 4 3 1 12 
0 1 0 0 0 0 0 0 0 3 0 1 0 10 0 1 0 4 5 13 
2 0 2 0 0 0 0 2 1 0 0 4 2 8 0 0 2 11 11 19 
1 0 0 1 0 1 1 1 0 1 2 2 5 10 4 4 10 7 8 14 
0 1 0 1 2 2 2 0 1 0 2 0 4 16 0 2 9 4 6 24 
2 1 0 0 0 1 0 1 0 0 0 2 0 16 5 2 4 7 12 23 
1 2 0 1 0 0 0 0 1 0 2 6 2 15 2 1 4 13 16 14 
0 1 2 0 0 0 0 0 4 0 0 4 3 12 0 0 2 10 24 38 
0 1 0 0 0 0 4 0 4 0 0 6 2 8 2 0 1 15 13 25 
0 0 0 0 0 0 0 0 1 1 0 12 4 12 0 2 7 7 12 31 
2 1 0 2 0 0 0 1 0 0 0 3 20 8 0 2 6 29 18 40 
2 0 0 1 0 1 0 0 3 2 2 9 5 11 2 1 6 25 17 43 
1 1 0 1 0 1 0 0 6 1 1 15 5 20 1 3 19 20 8 14 
0 0 0 0 0 0 1 0 7 1 2 11 8 13 7 0 38 5 20 36 
0 0 0 1 1 0 0 2 5 2 0 4 11 10 1 0 35 18 8 54 
1 0 0 0 0 2 0 0 9 2 3 7 6 9 6 2 54 34 14 79 
0 0 1 1 0 1 0 0 4 1 1 5 23 11 5 4 45 27 12 59 
1 1 0 1 0 2 0 0 3 1 0 13 17 23 10 12 37 25 35 93 
0 1 0 0 0 0 0 0 4 3 9 14 7 30 8 8 26 42 37 194 
0 0 1 1 0 1 0 0 1 2 8 21 19 23 29 23 17 56 67 139 
1 0 0 1 1 0 0 1 1 8 8 33 37 36 17 12 26 22 49 48 
2 1 0 0 0 0 0 1 4 18 14 26 29 31 16 18 21 29 43 154 
0 0 0 2 1 1 0 0 3 16 11 25 32 19 14 13 50 17 49 143 
1 0 0 1 1 0 2 1 4 14 16 36 38 11 9 19 34 79 75 161 
0 1 0 0 3 0 0 0 3 27 14 33 35 19 10 14 34 84 104 299 
0 0 1 0 0 2 2 1 5 26 16 51 38 13 10 18 76 56 37 234 
0 0 0 0 1 3 0 1 2 22 17 55 12 26 17 20 58 48 34 448 
0 3 1 0 0 2 0 0 6 25 28 84 48 23 22 58 82 65 86 377 
0 1 0 0 3 8 2 0 3 26 49 100 47 12 35 52 65 60 132 534 
0 0 0 0 1 9 2 2 2 24 48 77 52 46 49 42 107 96 122 538 
0 2 0 1 1 0 5 3 6 47 32 101 49 25 48 77 86 175 177 729 
0 1 1 0 0 7 5 6 10 30 87 67 64 25 103 124 127 198 240 1445 
2 1 0 0 1 4 2 5 3 58 98 142 103 32 141 123 150 339 282 1614 
1 2 0 0 5 3 9 7 14 39 41 119 95 34 166 140 87 384 294 2388 
0 1 2 0 8 0 2 7 7 12 24 117 69 34 86 92 140 197 334 2648 
2 0 0 3 0 6 3 18 15 72 42 137 67 33 147 129 138 152 304 1701 
2 0 1 2 7 5 1 22 8 51 39 104 84 30 189 104 158 210 143 1258 
0 2 1 0 2 3 7 9 18 58 51 43 73 44 208 124 122 78 231 1482 
2 1 0 0 0 1 3 15 7 36 47 46 85 33 100 110 58 140 269 1094 
1 0 0 0 2 0 0 9 15 59 44 64 66 35 66 110 76 134 266 624 
2 0 2 0 3 6 2 18 7 62 32 99 76 57 67 94 112 103 231 494 
5 2 0 1 9 4 2 11 14 80 61 48 115 35 69 111 82 154 121 822 
2 3 3 0 5 10 16 7 9 122 83 52 129 65 84 136 234 139 227 688 
3 0 0 0 3 10 11 28 24 138 77 92 162 51 53 160 609 225 368 699 
4 1 1 0 3 9 15 15 10 254 130 151 157 172 168 426 435 175 529 577 
0 3 0 1 0 3 14 17 11 170 138 179 149 262 127 397 342 279 652 559 
1 5 2 0 3 5 29 45 8 231 285 203 224 380 170 208 419 400 691 151 
1 0 4 1 3 11 27 22 8 573 208 171 194 235 376 395 381 451 819 650 
1 1 2 2 0 4 27 31 15 326 167 300 218 202 509 867 682 507 368 553 
0 5 4 0 1 8 35 26 19 231 224 309 192 295 370 380 480 371 482 535 
1 4 2 1 4 9 28 30 20 358 186 210 200 436 375 509 543 416 354 539 
0 3 2 2 1 10 33 26 24 342 499 269 278 575 791 647 996 564 637 691 
1 12 3 5 10 13 21 39 22 228 273 347 251 635 833 610 213 487 697 1078 
1 2 1 1 11 8 25 19 39 175 399 297 380 616 831 531 759 749 699 1353 
0 6 2 7 6 11 14 17 41 225 331 205 252 476 485 439 689 837 682 1267 
0 7 3 9 12 19 11 30 60 217 411 121 318 427 552 451 503 937 617 1983 
0 3 0 4 6 15 9 66 47 170 278 126 231 610 281 405 373 541 667 2129 
0 2 2 7 7 8 9 21 21 202 246 153 155 330 249 161 499 306 570 1732 
0 0 0 4 10 10 4 26 29 116 152 168 139 126 233 312 241 366 172 2337 
0 3 1 3 2 19 7 36 29 100 189 69 156 105 155 300 188 333 809 1565 
2 0 1 4 1 8 0 36 36 64 248 141 125 133 239 115 305 310 618 1468 
0 0 1 5 7 9 0 31 34 75 73 102 88 69 105 213 323 340 633 1241 
1 1 0 5 1 8 1 31 22 37 104 115 75 149 149 242 316 293 597 828 
0 0 0 10 13 5 2 13 31 47 70 108 91 46 95 117 208 337 764 736 
2 3 2 7 7 1 2 12 20 40 50 113 72 62 103 130 180 208 677 1118 
0 3 0 3 6 1 5 18 28 61 64 85 43 81 83 85 111 193 475 214 
0 0 0 1 1 2 1 6 10 38 69 110 122 69 120 78 138 260 485 651 
0 0 0 7 3 0 4 4 10 31 67 57 25 43 89 28 124 134 326 411 
0 0 0 0 1 2 0 3 11 25 71 69 59 49 38 34 98 161 256 516 
0 0 0 8 4 0 0 7 8 24 41 60 36 71 52 46 70 181 269 554 
0 4 1 2 0 3 1 2 18 10 35 82 24 60 49 31 64 78 99 427 
0 0 0 1 0 2 1 3 16 12 38 48 19 39 86 19 30 103 175 351 
0 2 0 1 1 0 1 6 12 12 22 45 12 48 18 12 42 57 25 302 
0 0 0 0 0 0 0 2 8 10 14 29 5 42 23 16 20 45 94 140 
0 3 0 1 0 1 0 0 9 7 4 29 16 35 14 17 20 23 64 130 
0 1 0 0 0 0 1 1 2 11 9 13 12 35 12 20 22 36 46 129 
2 0 0 0 0 0 0 1 7 7 8 18 12 23 15 4 7 30 26 116 
0 0 0 0 0 1 0 2 5 8 6 20 10 8 4 11 15 27 32 85 
0 0 0 0 0 3 0 1 11 6 3 9 15 22 3 0 4 12 13 73 
0 0 0 0 0 8 3 3 12 10 4 16 5 5 0 4 7 11 29 100 
0 0 0 1 0 6 0 2 17 6 2 8 6 7 3 2 19 16 34 57 
0 1 0 0 0 10 0 1 9 8 2 11 4 4 6 4 7 13 30 35 
0 1 1 0 0 9 1 0 8 3 0 6 3 14 2 3 6 12 35 20 
0 1 1 2 0 6 1 1 7 7 2 8 3 14 4 1 3 23 26 50 
0 0 0 0 0 2 2 0 8 12 1 9 0 6 8 4 4 14 31 58 
0 0 0 1 0 1 1 2 3 10 2 20 1 7 5 4 3 16 22 17 
0 0 2 0 0 0 1 2 8 0 1 15 0 5 4 0 3 23 26 21 
0 1 0 0 0 0 0 1 4 5 2 15 1 1 7 5 0 8 32 23 
0 0 2 1 1 0 0 0 5 3 1 2 3 1 2 1 2 9 11 8 
0 0 0 1 0 0 1 1 0 3 0 10 5 4 1 2 2 20 8 9 
0 1 0 0 0 1 0 0 0 6 2 9 4 1 1 1 2 9 8 8 
0 1 2 0 1 0 0 1 3 1 0 5 3 7 0 2 4 7 7 2 
0 2 0 0 0 0 0 0 0 0 0 3 3 4 0 0 0 7 2 2 
0 1 1 0 0 0 0 0 1 0 0 1 1 4 1 0 1 4 3 4 
0 0 1 1 0 0 0 0 0 0 2 2 0 5 0 0 1 4 0 5 
0 0 0 0 0 0 0 2 1 0 0 0 0 12 0 0 7 3 3 3 
1 1 0 0 1 0 1 2 0 1 0 1 0 7 0 0 2 5 4 4 
0 0 0 0 1 0 1 0 0 0 1 1 0 10 3 2 2 4 8 5 
0 0 0 0 0 0 3 0 0 2 0 1 1 8 7 0 2 3 8 10 
1 0 0 0 2 0 0 0 0 1 0 1 1 4 1 0 0 2 9 14 
0 0 0 0 2 0 0 0 0 0 0 5 0 0 1 1 1 1 5 6 
0 2 0 2 0 0 0 0 1 1 0 2 0 2 3 0 0 0 6 5 
1 1 1 0 0 1 1 0 0 0 1 0 5 0 4 1 2 0 10 3 
0 1 0 0 1 0 1 0 0 0 1 2 6 2 3 1 0 1 14 1 
0 0 0 0 0 0 1 0 0 0 0 2 1 0 0 0 2 1 16 3 
1 0 1 0 0 1 1 0 0 2 0 5 2 2 7 1 2 3 11 5 
1 0 0 0 0 0 2 2 0 2 0 14 4 0 0 1 3 1 13 2 
0 3 1 0 0 0 0 0 0 0 0 2 5 3 5 4 2 6 6 5 
1 0 1 0 0 0 1 2 1 1 0 2 11 6 7 2 0 3 19 6 
7 0 1 0 1 1 0 0 1 0 2 1 11 1 0 1 1 4 13 4 
7 0 0 0 0 0 0 2 1 0 0 2 15 0 1 0 5 5 23 4 
3 0 0 0 0 0 0 1 0 1 1 1 9 3 1 4 0 4 11 5 
1 0 1 0 0 0 0 0 0 1 0 2 10 1 1 3 4 6 13 0 
1 0 1 0 0 1 0 1 0 4 1 0 8 2 0 0 1 14 13 10 
1 1 1 0 0 1 0 0 1 1 0 4 3 6 1 3 6 9 16 21 
4 0 0 0 0 0 0 0 0 2 3 3 0 6 1 6 9 18 25 28 
4 1 0 1 0 2 0 1 0 0 0 1 1 4 4 4 5 15 9 33 
0 0 0 0 0 1 0 0 0 6 1 1 3 2 4 6 2 8 22 46 
3 0 0 0 0 0 1 0 0 10 1 0 8 6 8 7 14 16 15 29 
5 0 0 0 0 0 0 1 0 7 0 1 7 10 2 3 25 22 15 31 
1 0 0 0 0 1 0 0 0 11 1 1 7 14 4 16 33 15 29 49 
1 1 2 1 0 1 1 0 0 18 10 2 4 12 3 14 31 16 34 67 
1 0 0 0 0 0 0 0 2 19 12 6 9 11 13 15 64 17 50 96 
2 1 1 0 0 0 0 0 0 22 10 3 10 19 25 11 89 26 41 60 
1 0 2 0 0 0 0 0 0 26 9 15 12 3 14 6 63 22 78 86 
1 0 0 1 2 1 0 2 4 10 14 3 5 4 9 10 69 18 52 60 
1 0 1 1 2 1 0 0 3 27 11 27 8 10 14 15 90 15 33 75 
0 1 0 0 0 1 0 4 0 19 8 19 8 0 11 25 74 20 29 183 
2 1 0 0 2 1 0 2 0 8 10 23 19 8 28 17 122 55 34 181 
0 0 0 0 4 0 0 7 0 28 13 54 16 18 8 34 84 52 73 150 
0 1 0 1 5 1 0 1 1 40 10 77 24 38 28 40 105 71 60 180 
0 1 0 0 8 2 1 5 0 19 32 67 46 41 36 28 108 51 68 308 
0 0 2 0 4 1 0 6 1 21 49 104 61 101 80 50 106 108 91 421 
0 0 0 1 10 8 0 6 3 32 40 128 81 80 35 34 124 88 82 234 
0 0 1 0 4 6 0 19 1 32 25 68 96 111 78 47 115 95 96 442 
0 0 1 1 6 2 0 42 1 36 31 108 132 191 146 48 65 41 59 460 
1 1 2 1 9 6 2 27 8 34 51 129 230 130 83 58 135 104 156 855 
0 0 0 1 17 4 1 27 4 48 44 109 141 265 97 54 105 106 211 636 
0 0 0 1 9 2 1 34 7 33 31 119 152 111 86 55 62 191 126 850 
1 1 0 0 10 1 3 14 9 49 48 99 113 270 55 71 191 122 176 754 
0 1 0 0 6 1 0 18 12 50 57 101 163 185 65 120 132 158 179 669 
0 1 0 1 4 0 4 17 12 35 49 77 69 123 78 90 112 137 163 1273 
1 2 1 0 5 2 1 14 15 58 32 112 59 113 43 64 111 92 218 767 
0 0 0 0 3 0 1 7 3 32 27 35 62 91 49 36 99 106 149 829 
0 0 2 1 3 0 0 7 3 46 32 47 73 87 50 20 75 104 149 528 
0 1 0 0 2 1 0 6 5 16 57 34 29 61 48 32 112 76 168 609 
2 1 0 0 2 0 2 15 1 41 62 61 73 85 79 64 122 143 197 821 
3 0 2 1 2 2 4 4 7 28 50 83 108 94 115 124 118 231 163 593 
0 0 1 1 0 4 2 4 12 69 58 78 96 43 157 147 194 377 215 754 
0 2 3 0 0 2 2 4 9 123 82 81 94 72 342 145 254 312 204 659 
1 0 1 0 0 3 1 7 22 165 116 221 223 85 284 190 281 337 374 801 
0 2 1 0 2 5 0 5 17 295 124 176 155 160 372 349 328 345 1084 1628 
1 0 1 0 3 3 6 7 28 143 186 293 133 272 200 244 487 583 902 1349 
1 2 1 1 1 6 5 16 21 123 164 169 327 355 324 296 405 797 954 1037 
0 0 0 2 1 7 12 5 25 302 175 291 289 297 549 287 483 790 819 1970 
0 6 1 3 0 5 0 28 26 195 185 226 184 632 328 460 701 843 1119 2676 
0 3 2 3 2 9 3 10 9 260 396 201 410 360 400 540 744 924 837 2207 
0 1 0 6 2 11 9 17 16 249 342 395 353 423 386 382 987 1227 958 1736 
3 9 2 5 2 41 5 20 26 262 305 209 320 631 251 594 832 1123 597 2639 
1 5 2 9 11 37 12 24 22 540 319 318 242 595 461 615 617 577 631 2848 
4 3 0 2 6 14 16 11 11 364 174 335 255 349 386 582 828 462 645 2578 
0 8 0 6 10 26 1 21 23 186 273 333 128 208 426 318 463 755 815 2030 
1 2 1 3 6 25 6 18 12 171 168 264 116 297 435 386 395 429 797 1823 
2 1 0 2 3 6 7 11 15 199 201 225 105 74 213 215 314 460 330 2098 
1 0 1 10 7 6 7 7 7 111 58 168 127 203 261 309 296 243 459 1396 
0 0 0 0 7 6 3 11 7 129 82 152 148 141 232 267 441 601 632 1420 
1 5 2 4 2 6 3 9 22 69 111 110 31 94 183 123 309 262 485 1531 
0 0 3 2 6 3 2 15 33 88 104 136 134 98 172 106 185 381 582 1917 
1 0 0 3 8 4 5 13 28 83 69 154 85 143 150 117 178 172 489 1321 
1 0 0 5 3 4 10 8 16 48 79 97 100 102 164 90 118 247 493 754 
1 0 1 6 3 5 7 10 30 27 50 80 76 67 57 75 80 193 427 715 
0 2 1 4 3 2 3 8 41 56 81 89 69 61 90 64 87 99 238 559 
0 2 0 4 0 2 12 0 24 36 37 65 38 152 87 45 91 70 140 315 
0 0 0 0 2 6 6 6 19 55 40 45 32 58 44 30 67 109 159 260 
0 0 0 6 0 0 7 11 13 57 20 27 33 29 63 36 86 47 114 624 
0 2 1 0 1 3 4 11 9 37 13 58 16 38 50 30 41 48 59 400 
0 3 0 5 0 0 1 6 11 29 12 21 22 30 27 22 22 26 79 253 
1 1 0 0 0 0 3 6 8 23 6 23 14 24 29 14 17 14 74 126 
0 1 1 2 0 5 3 8 2 21 1 22 9 13 31 9 17 12 59 87 
0 0 1 1 0 4 2 4 2 29 5 19 3 17 21 14 10 14 57 73 
0 1 1 1 2 1 2 1 2 8 4 6 10 11 25 7 16 5 30 55 
0 0 3 1 0 1 2 3 1 7 7 12 6 10 16 11 10 2 24 79 
0 0 0 3 2 2 2 2 1 11 7 8 5 3 6 6 8 5 27 63 
0 0 0 0 0 0 2 0 0 10 2 13 0 5 8 8 13 12 10 89 
1 2 0 0 0 0 3 7 1 5 15 15 0 4 22 8 5 6 11 50 
1 0 0 0 0 1 0 6 0 2 8 6 0 1 9 1 15 3 13 35 
0 0 0 0 1 1 1 6 0 0 4 5 1 3 15 1 10 2 10 36 
0 1 2 0 0 1 0 4 3 3 5 4 0 4 13 0 3 2 5 26 
0 0 0 1 0 4 0 3 0 4 4 0 3 0 6 3 4 2 5 27 
2 0 0 0 0 2 0 1 0 2 4 5 0 2 4 0 1 3 12 12 
0 0 1 0 0 0 2 1 1 7 6 5 1 1 6 2 3 0 4 10 
0 3 1 1 0 2 3 3 1 12 2 5 3 2 1 0 4 1 2 4 
0 2 0 1 0 2 1 0 1 2 0 0 0 0 3 2 2 0 5 8 
0 1 1 1 0 5 0 1 0 2 1 5 2 0 2 4 2 0 2 13 
0 0 0 0 1 0 0 0 0 0 0 0 0 1 3 1 0 1 3 4 
1 0 2 0 0 3 1 1 0 0 0 0 1 1 4 2 1 0 0 0 
1 0 1 0 0 2 1 0 1 0 1 0 2 0 1 0 0 0 2 0 
0 1 0 0 0 3 1 0 1 0 0 1 0 2 0 0 2 0 0 0 
0 0 0 1 1 0 1 1 0 1 0 0 0 2 4 0 0 1 5 1 
0 0 0 0 1 0 2 2 0 0 0 1 3 0 0 1 0 2 2 2 
0 0 0 0 1 1 0 0 1 1 2 1 2 0 3 6 0 0 0 1 
1 0 0 1 0 0 0 1 0 0 0 6 0 0 0 4 0 0 0 2 
1 0 1 0 0 2 0 0 0 0 0 4 1 1 1 6 0 1 0 0 
0 0 0 1 1 0 0 0 0 3 0 5 3 1 0 8 1 5 0 0 
1 0 1 0 0 0 0 0 3 0 0 4 0 1 0 3 0 1 1 0 
1 1 0 0 1 0 0 0 1 0 1 1 3 1 1 5 0 0 0 0 
0 1 0 0 0 0 0 0 0 2 0 8 3 0 1 7 4 7 0 0 
0 1 0 0 0 0 0 1 0 0 1 6 3 0 0 18 3 1 1 4 
2 1 0 0 0 0 0 0 1 0 2 6 0 1 0 12 6 9 2 4 
0 0 0 0 0 1 0 0 0 0 1 6 2 0 1 15 20 14 3 8 
0 0 0 1 0 0 1 0 0 4 2 9 1 1 9 12 22 17 4 8 
0 1 0 1 0 1 1 0 0 3 1 10 2 0 9 5 12 8 3 16 
0 0 0 0 0 2 1 1 1 2 0 10 0 0 8 20 14 12 4 9 
0 0 2 1 0 0 0 2 0 2 3 9 1 0 6 3 5 12 3 16 
1 1 0 1 0 0 1 0 0 1 0 5 1 1 5 5 13 9 3 12 
0 3 1 0 1 0 1 1 0 1 0 1 1 2 1 10 6 2 0 5 
0 0 1 0 0 0 0 1 2 1 4 3 1 0 1 9 11 6 0 8 
2 0 1 0 0 0 1 0 0 1 0 12 0 0 2 14 5 15 1 6 
0 0 0 0 0 3 0 1 0 6 0 5 1 1 7 5 11 6 1 17 
0 0 0 0 0 3 0 0 3 0 9 8 0 1 1 11 0 10 4 18 
1 1 0 0 0 4 0 0 2 2 12 0 1 1 7 12 11 10 3 13 
0 1 0 0 0 0 0 0 0 3 6 2 2 0 11 10 7 12 4 27 
1 3 0 2 0 0 0 0 0 10 12 0 2 0 13 17 3 10 5 26 
0 2 1 0 0 2 0 0 0 11 4 3 0 2 9 12 8 1 4 16 
0 0 1 0 1 1 0 1 0 13 7 2 1 3 7 19 9 15 13 31 
0 0 1 3 0 0 0 0 0 21 0 0 1 3 13 26 14 15 12 19 
0 0 0 5 1 3 0 0 1 22 11 2 3 5 12 30 13 16 24 25 
0 1 1 4 0 0 0 0 0 20 9 4 4 5 17 31 12 14 20 25 
0 0 0 7 0 0 0 1 1 33 7 4 4 6 11 40 11 21 22 26 
0 0 0 6 0 0 0 1 1 19 2 2 4 4 11 52 11 29 10 44 
0 1 0 1 0 0 1 2 0 19 4 3 3 5 11 56 5 8 14 46 
0 0 0 2 2 3 3 1 1 23 16 3 2 7 30 44 9 50 17 28 
0 1 0 11 0 0 2 0 0 9 15 5 7 5 16 52 13 53 15 24 
2 0 0 0 0 3 0 3 1 15 13 7 4 10 29 33 22 38 21 70 
0 1 0 4 2 0 2 0 0 29 38 16 2 14 32 35 29 63 26 37 
0 2 2 2 0 2 0 2 0 46 33 31 6 12 53 40 47 130 45 45 
0 0 0 0 0 0 3 2 2 25 41 30 10 12 34 38 44 117 35 59 
0 0 0 3 0 0 8 1 2 41 16 31 2 13 77 91 32 146 35 34 
0 0 0 1 0 0 7 4 0 31 37 41 5 13 77 64 31 212 102 52 
1 0 0 1 0 0 8 2 0 70 37 16 11 31 96 55 52 159 97 67 
0 0 0 2 1 0 23 3 4 79 55 55 14 28 66 88 83 179 164 131 
1 0 1 3 2 1 11 13 2 76 74 72 19 44 69 95 142 263 147 139 
0 1 0 2 0 0 31 16 6 125 51 78 21 23 134 107 116 247 129 111 
0 1 2 1 0 2 14 8 0 40 121 85 31 18 134 126 120 145 140 139 
2 1 3 1 4 0 9 11 4 57 60 125 47 21 127 102 113 160 176 274 
0 0 4 0 5 2 5 2 2 62 51 112 39 23 122 117 98 98 142 190 
0 0 2 2 3 2 5 9 6 51 36 51 15 13 162 93 47 75 165 204 
0 0 2 0 1 0 3 8 4 35 46 20 37 16 159 93 192 74 94 150 
1 0 0 0 0 0 3 8 1 45 45 31 32 15 66 46 92 110 103 177 
0 0 0 2 2 1 1 5 7 16 19 55 38 9 108 105 92 100 72 101 
0 0 1 0 1 0 3 6 12 18 68 60 55 26 226 122 101 140 82 142 
0 5 0 0 1 0 0 3 3 19 105 56 74 36 250 121 126 189 120 175 
0 7 0 0 1 0 0 5 12 38 69 88 82 41 212 170 283 252 136 273 
2 4 0 0 0 1 0 7 3 49 59 83 103 38 272 173 204 287 324 379 
10 0 3 0 0 3 0 4 3 113 79 75 161 119 350 147 257 673 474 948 
2 0 1 0 1 9 0 29 8 135 133 142 194 144 416 370 417 518 568 1193 
6 3 1 0 7 13 1 15 16 207 147 233 193 147 276 329 340 444 938 1002 
4 5 2 1 2 8 5 14 6 153 157 195 120 222 522 370 437 388 857 1774 
7 0 1 2 6 15 3 46 9 86 122 106 488 182 369 409 613 656 964 1731 
9 5 2 0 2 20 2 70 6 209 159 101 341 343 365 237 321 654 1500 3090 
4 3 2 0 3 14 10 50 48 195 285 143 485 480 326 338 819 625 751 3027 
8 1 3 1 4 41 14 68 40 116 210 256 578 443 223 344 651 844 1216 4771 
2 7 0 0 5 31 29 112 54 191 241 257 336 369 258 412 1022 794 1809 2231 
0 11 0 1 9 40 21 88 47 167 262 181 379 669 224 498 968 616 1326 4139 
2 4 1 4 15 24 36 90 49 285 220 291 414 630 371 445 952 648 1328 2112 
1 5 3 2 12 28 21 78 75 129 259 240 285 532 294 661 758 363 750 1763 
1 4 2 5 5 16 24 68 55 153 193 179 306 299 290 287 514 340 1256 1285 
0 4 0 4 15 20 5 45 19 172 154 173 199 220 337 199 471 326 1046 1586 
1 1 2 12 28 6 12 52 60 164 251 184 57 287 410 353 359 386 1354 1666 
6 0 0 6 2 5 12 53 100 122 146 121 110 170 355 366 319 437 563 1446 
3 0 0 8 6 7 5 49 82 136 196 162 122 155 226 186 206 245 684 527 
2 0 3 6 9 2 13 47 78 120 116 155 91 166 192 209 124 380 734 1292 
0 1 2 10 6 0 5 33 40 178 139 222 72 167 235 131 197 199 472 1047 
0 0 0 11 7 5 8 4 94 70 59 128 52 167 165 155 110 153 251 877 
0 0 0 5 6 2 1 3 33 93 48 137 30 100 119 220 57 142 672 611 
0 2 1 3 8 1 1 5 59 91 79 102 22 108 103 121 72 140 435 466 
0 0 1 1 2 2 0 9 40 79 65 192 37 104 158 66 67 79 115 698 
0 0 0 5 6 1 1 8 19 41 28 110 17 42 122 101 41 79 137 444 
0 0 0 6 6 3 1 3 23 63 45 93 35 58 98 87 48 71 99 722 
0 0 0 6 5 0 0 0 25 41 83 87 38 75 72 61 105 84 73 395 
1 0 0 3 1 4 0 1 18 35 29 66 44 39 59 75 67 57 72 542 
0 0 1 4 3 3 1 4 6 25 29 42 14 53 20 44 42 51 66 163 
1 0 0 2 1 2 3 0 7 15 45 20 6 21 30 40 27 18 22 259 
0 1 0 1 4 0 0 1 4 6 24 19 16 31 33 73 32 35 65 301 
0 0 0 1 0 0 0 0 8 21 27 20 9 32 22 71 24 68 35 190 
0 0 0 1 2 0 1 0 9 23 23 24 9 11 24 52 6 30 49 254 
0 0 1 2 0 1 1 1 6 4 33 12 8 16 21 64 7 70 14 156 
1 0 0 1 1 0 1 0 13 3 35 9 11 17 34 23 4 11 21 97 
1 2 0 4 2 0 0 0 7 8 23 8 8 14 24 42 3 51 18 113 
0 0 0 0 1 0 1 0 2 7 20 4 8 11 17 26 2 31 15 65 
1 0 0 4 1 0 1 1 0 12 17 4 9 11 14 21 5 19 2 96 
0 0 1 0 0 0 0 0 1 2 11 10 5 5 15 16 7 23 9 67 
0 0 0 0 0 1 0 1 3 4 15 12 4 6 33 5 7 15 7 30 
0 1 1 2 0 0 0 0 1 2 9 1 4 8 51 7 12 8 9 45 
0 0 1 0 0 0 2 0 1 2 17 3 5 7 21 12 5 10 3 22 
0 0 0 2 0 0 2 0 1 4 17 1 5 8 14 5 9 4 5 17 
0 0 0 2 1 2 2 0 0 0 9 0 2 6 16 9 12 10 0 13 
0 0 0 0 0 0 0 0 0 0 3 5 1 10 12 5 3 1 4 13 
1 0 0 0 0 0 0 1 0 2 6 2 1 4 5 7 4 4 4 16 
0 1 0 0 0 0 0 0 0 0 8 0 0 5 1 0 1 1 0 4 
0 3 1 0 0 0 0 1 1 1 11 0 0 2 4 1 2 2 0 2 
0 0 1 1 0 0 0 0 1 0 8 0 0 6 3 0 0 0 1 0 
1 0 0 0 0 3 1 0 0 1 2 2 0 4 2 0 0 0 1 0 
0 2 0 0 0 0 0 0 0 3 10 0 0 4 3 2 0 1 1 0 
0 1 0 0 1 0 0 0 0 1 12 0 1 0 0 2 0 0 0 3 
1 1 0 0 0 0 1 2 0 3 12 0 0 1 1 5 1 1 0 6 
1 0 0 0 0 0 0 0 1 3 4 0 0 0 3 7 1 0 1 3 
0 0 0 1 0 0 0 1 0 3 5 3 0 1 1 2 3 1 1 0 
1 0 0 1 0 0 1 1 1 0 6 0 0 0 5 6 2 1 3 4 
0 0 1 0 2 0 1 1 0 3 4 2 0 1 5 8 8 0 2 6 
1 0 0 0 0 1 0 0 0 1 7 0 2 3 2 4 2 2 0 14 
0 0 0 1 1 0 0 0 0 6 8 0 6 1 7 4 1 0 3 10 
0 0 0 0 0 0 0 0 0 17 3 0 0 0 3 7 3 0 4 16 
0 1 1 1 1 0 1 0 1 8 3 0 2 1 1 5 4 12 2 12 
0 0 1 0 1 0 0 0 0 8 1 0 1 0 4 9 4 7 2 14 
0 0 0 0 1 0 0 0 0 10 4 1 0 1 1 4 6 11 3 15 
0 0 0 0 1 0 0 0 0 23 3 2 1 4 8 5 5 27 0 17 
1 0 1 0 0 0 0 0 0 9 2 2 6 1 7 5 8 23 2 16 
0 0 1 0 0 0 1 0 1 12 7 2 0 1 4 3 2 16 0 11 
0 1 0 0 0 0 0 0 1 16 13 4 3 3 2 3 2 9 6 14 
0 0 0 0 0 0 0 1 2 11 6 6 0 4 3 2 1 12 2 22 
1 0 0 0 0 0 0 0 2 8 2 2 3 7 3 4 7 21 5 19 
0 0 2 0 2 0 1 1 0 5 6 3 3 3 1 3 8 14 3 17 
0 0 1 0 0 0 0 0 1 12 2 7 2 6 3 0 6 15 15 18 
0 0 1 0 0 0 0 1 0 16 14 8 5 23 1 9 18 8 5 32 
0 0 0 1 0 0 1 1 0 15 8 2 1 27 4 14 21 31 18 65 
1 0 1 0 0 1 0 0 0 11 10 2 0 21 5 9 23 35 13 49 
1 0 0 1 0 0 0 0 1 11 9 3 8 38 6 23 33 31 18 90 
0 1 0 0 2 0 0 0 0 13 10 2 9 32 5 31 26 29 37 160 
0 1 0 0 1 0 1 1 1 23 9 9 8 25 14 42 42 28 37 277 
0 0 0 1 0 1 0 2 0 6 9 9 4 37 19 59 34 132 62 296 
0 0 0 0 3 3 0 0 1 11 22 12 10 36 29 61 72 109 37 288 
0 0 0 0 3 1 2 0 1 10 28 14 9 42 6 67 42 167 78 243 
2 0 0 0 3 3 0 0 0 15 3 8 17 42 17 43 66 161 63 307 
0 0 0 1 3 1 0 0 0 15 16 20 31 84 35 36 44 241 82 355 
1 0 0 0 3 1 2 0 0 20 20 26 33 89 39 66 74 219 59 205 
0 0 0 0 4 0 0 2 1 26 27 45 31 86 52 54 69 366 112 588 
0 1 0 0 1 0 1 3 1 51 40 44 55 104 25 117 123 395 109 382 
0 0 3 1 6 0 0 7 2 28 34 57 61 110 67 75 117 555 145 491 
0 0 0 1 5 2 4 1 2 40 97 50 49 144 30 137 157 339 84 612 
0 0 0 0 10 1 1 1 1 55 53 80 53 131 84 215 161 378 130 562 
0 0 1 2 5 0 5 2 3 93 85 127 68 111 74 104 205 581 112 494 
0 1 0 0 2 1 1 3 3 54 110 152 43 113 133 206 257 685 114 533 
0 1 2 1 10 3 3 7 3 103 127 187 56 103 170 126 361 440 127 716 
0 3 1 0 5 1 1 8 2 89 135 225 76 148 203 261 497 464 262 584 
0 2 0 0 6 3 0 3 7 122 164 352 110 143 240 211 461 218 162 464 
2 2 0 1 4 3 0 5 5 111 259 269 143 136 230 194 388 204 198 647 
0 0 2 3 2 1 5 6 7 64 163 150 89 167 123 159 375 224 201 686 
0 2 2 0 1 9 3 17 3 44 124 174 91 206 226 173 304 171 152 606 
0 0 1 0 0 4 2 6 5 41 99 180 62 145 77 163 297 172 194 340 
1 0 0 1 2 2 0 4 4 39 79 137 32 74 80 302 243 171 87 352 
0 0 1 1 0 0 2 13 4 30 64 54 29 136 111 170 166 128 145 241 
0 0 2 0 0 1 3 11 5 19 35 66 23 85 84 134 143 105 124 548 
1 1 1 0 0 0 3 4 7 24 41 81 14 63 55 54 87 45 89 365 
0 1 1 1 0 1 3 8 0 34 42 86 25 125 106 66 115 79 105 736 
0 4 2 4 0 7 5 4 5 44 52 95 44 105 69 115 167 93 68 564 
0 0 2 6 1 4 3 5 6 59 77 86 19 158 118 83 146 120 68 578 
0 0 2 8 0 7 0 14 28 83 100 79 64 248 117 132 330 122 103 772 
1 0 0 5 1 1 3 25 23 64 97 87 83 185 294 161 347 393 100 1261 
0 1 0 12 3 1 2 13 7 79 130 94 136 319 271 243 304 242 239 1537 
0 0 1 5 4 2 3 15 5 124 158 144 89 301 359 222 173 326 258 1673 
2 1 2 7 1 3 4 12 11 83 136 48 198 319 475 179 173 193 212 1814 
0 0 2 8 4 5 0 10 9 237 139 66 271 234 239 339 209 371 177 1068 
0 0 1 3 5 3 3 4 19 190 149 105 240 169 260 226 304 216 227 1304 
1 3 1 3 6 10 3 14 25 205 98 115 275 253 255 304 247 263 379 2008 
1 0 1 5 11 24 8 13 52 126 129 95 247 244 398 413 275 366 805 2207 
0 1 0 5 18 13 5 23 18 296 167 112 184 258 399 380 263 253 1045 1765 
