0 2 10 70 794 
0 1 9 96 385 
0 6 12 170 506 
0 0 22 95 1153 
1 0 6 134 619 
0 1 4 108 884 
2 3 17 113 563 
0 4 7 70 1093 
0 3 6 309 1757 
0 3 23 355 3367 
0 0 23 368 1615 
0 4 13 683 1040 
0 8 30 599 3917 
0 0 42 553 3374 
1 5 20 360 1884 
1 5 41 589 3889 
0 6 65 608 1815 
0 2 35 307 2641 
0 8 50 274 1370 
1 9 37 363 805 
3 5 15 131 831 
0 1 51 238 1194 
3 3 26 215 1646 
1 2 22 78 580 
4 8 0 129 543 
0 8 7 54 515 
1 5 8 107 438 
0 4 6 56 603 
2 2 7 70 658 
4 3 6 34 106 
2 1 6 75 314 
0 3 2 34 216 
1 1 0 7 110 
1 0 2 10 101 
3 1 3 5 122 
5 2 1 7 38 
1 1 0 6 54 
0 0 0 7 45 
0 1 2 19 26 
0 4 2 16 51 
1 0 2 9 52 
0 0 2 18 42 
2 0 0 14 29 
2 0 0 13 33 
0 0 0 24 40 
0 0 7 46 51 
0 0 4 23 75 
0 1 1 47 99 
0 0 1 27 40 
0 0 0 10 72 
0 2 1 18 73 
0 0 1 11 51 
0 1 2 4 136 
0 2 0 16 43 
1 0 2 22 60 
0 1 1 7 63 
0 2 1 4 59 
1 0 0 12 61 
0 0 1 8 84 
2 0 3 9 88 
0 1 0 11 24 
0 0 3 10 79 
0 0 3 13 56 
0 6 5 12 57 
0 0 2 14 70 
0 4 0 49 81 
1 3 1 36 19 
0 0 0 29 32 
0 1 1 26 62 
1 0 1 48 128 
0 3 2 37 57 
0 1 1 28 82 
0 1 5 48 56 
0 3 2 45 44 
1 2 2 41 60 
0 2 2 71 174 
0 4 0 67 211 
0 0 0 13 516 
1 5 0 33 78 
2 4 5 39 241 
2 1 0 63 262 
0 0 2 11 363 
0 1 6 35 315 
0 2 10 86 303 
0 0 11 57 240 
0 0 0 18 141 
0 0 2 66 212 
0 0 5 25 283 
0 1 7 83 228 
0 0 5 51 197 
0 0 1 80 141 
0 1 13 190 265 
0 2 9 66 327 
0 1 6 90 440 
2 0 7 104 324 
0 1 2 64 535 
1 3 5 182 637 
0 5 10 136 258 
0 0 9 82 450 
0 6 9 124 355 
0 2 9 181 596 
0 8 21 118 1416 
0 3 18 87 1529 
0 9 19 165 632 
0 6 20 119 1414 
0 4 12 98 703 
0 4 28 85 1272 
0 1 18 90 573 
1 8 23 204 1251 
1 8 23 101 798 
1 2 38 172 727 
1 5 12 107 1617 
0 11 45 132 1392 
1 9 36 128 1854 
4 7 62 163 1851 
3 19 45 145 3020 
0 8 11 187 1376 
4 23 47 204 1160 
2 9 33 369 1981 
3 9 38 331 3079 
4 2 41 159 2342 
4 1 36 474 619 
0 1 31 932 1118 
2 3 33 415 1730 
3 3 24 428 1624 
7 3 19 188 1107 
4 1 20 165 1639 
0 5 11 195 2463 
7 4 11 114 906 
1 1 25 77 1765 
0 1 33 67 693 
2 2 8 177 836 
0 1 13 92 975 
1 2 12 34 1048 
0 2 9 55 489 
1 0 3 39 529 
2 0 2 60 202 
2 1 0 47 84 
0 0 2 36 95 
0 0 2 23 57 
1 0 5 9 110 
0 2 0 17 189 
0 0 5 14 130 
0 0 2 8 92 
0 1 8 14 59 
0 0 1 2 62 
0 0 3 1 37 
0 0 1 1 66 
0 1 4 0 22 
0 1 5 0 28 
0 0 2 2 81 
1 0 1 2 54 
0 1 1 1 64 
0 0 9 11 24 
1 0 7 13 71 
0 0 2 9 15 
0 0 1 4 81 
0 0 1 12 37 
0 1 0 22 47 
1 0 1 22 45 
0 1 0 6 67 
0 0 2 15 63 
1 0 2 23 73 
0 1 0 12 61 
2 0 3 27 73 
1 0 1 10 181 
1 1 1 11 216 
0 0 1 21 114 
0 1 1 14 140 
1 0 0 13 108 
0 0 1 12 130 
1 1 2 11 141 
1 2 0 24 104 
1 0 4 25 121 
0 1 1 23 124 
0 0 2 19 228 
0 0 3 34 138 
1 1 1 55 190 
0 1 5 48 124 
1 0 2 58 319 
0 2 2 18 404 
0 1 4 54 295 
0 0 7 26 382 
0 0 2 32 441 
0 1 9 47 465 
0 2 13 30 382 
0 1 12 93 437 
0 1 11 28 770 
0 1 16 38 1093 
0 2 13 78 587 
2 1 9 81 707 
0 3 10 20 517 
1 3 13 43 429 
0 0 5 78 485 
1 4 21 62 926 
1 1 27 119 312 
0 4 31 119 578 
1 4 24 52 841 
0 3 32 211 1097 
0 10 38 176 2596 
1 5 38 142 3357 
0 0 20 150 2639 
2 2 28 91 1444 
0 0 13 236 1400 
1 5 30 371 2602 
1 7 20 409 2123 
0 8 30 462 2368 
1 8 41 657 1842 
5 4 24 314 1242 
8 4 21 339 3388 
3 0 30 371 1240 
7 19 26 148 1877 
2 2 21 137 2138 
0 6 10 216 1123 
6 1 11 165 1968 
7 6 14 112 1293 
1 1 38 155 1535 
1 5 6 166 1253 
0 3 21 272 1952 
0 4 8 173 1912 
0 3 6 313 2288 
0 2 6 158 934 
0 6 8 316 1094 
0 1 10 217 395 
0 2 10 170 364 
0 0 9 152 244 
1 1 2 73 184 
0 2 5 32 140 
1 2 7 42 117 
1 1 2 49 189 
0 0 5 74 191 
0 1 3 70 166 
0 0 0 61 128 
1 4 1 67 123 
0 2 2 21 82 
0 2 3 71 101 
1 1 2 21 28 
0 2 3 18 37 
1 0 0 14 50 
0 0 0 11 10 
0 0 1 12 21 
1 0 0 19 17 
0 1 0 5 13 
2 1 1 2 13 
0 1 3 8 10 
1 1 1 4 2 
0 0 3 2 7 
1 0 0 5 5 
0 0 0 22 13 
0 0 0 18 14 
0 0 2 16 6 
0 0 0 6 10 
0 0 0 14 9 
3 0 0 11 11 
0 0 0 15 7 
1 1 0 16 7 
0 0 0 20 4 
0 0 0 27 11 
0 3 2 30 11 
0 1 1 24 14 
0 0 3 46 5 
1 2 1 17 13 
1 0 0 14 14 
0 0 0 16 14 
0 1 1 11 33 
1 0 0 24 48 
0 0 0 19 45 
0 1 2 19 19 
0 0 0 8 48 
0 0 0 17 46 
0 1 0 16 32 
0 1 4 5 11 
1 2 7 5 25 
0 1 4 0 35 
0 0 1 6 14 
0 1 4 2 58 
0 0 0 6 27 
0 2 1 4 81 
0 0 1 3 28 
2 1 1 10 56 
0 0 2 5 34 
0 1 0 10 70 
0 0 0 4 74 
0 2 0 11 7 
1 1 0 10 34 
0 1 3 16 58 
1 0 0 15 45 
0 1 2 11 72 
0 1 2 7 60 
0 2 1 49 67 
0 0 2 29 87 
0 0 3 36 134 
1 0 3 47 102 
0 0 2 27 72 
0 0 3 35 66 
0 0 3 27 70 
0 0 0 8 75 
0 2 1 12 79 
1 1 1 12 115 
0 1 1 45 115 
1 2 10 53 395 
0 2 14 64 368 
2 1 1 72 427 
0 0 1 102 355 
0 0 16 141 1061 
0 0 15 120 1002 
0 0 14 100 1014 
1 0 19 199 1486 
0 0 17 124 717 
0 0 33 130 1019 
0 1 21 165 1325 
1 0 7 199 1110 
2 1 20 225 1284 
0 3 45 135 796 
0 9 38 151 2983 
0 11 27 64 819 
0 2 30 69 2263 
2 4 25 153 2011 
0 0 13 118 3556 
0 1 18 130 1968 
0 2 24 186 2529 
1 3 43 195 800 
0 11 19 156 1094 
1 12 10 516 867 
4 5 34 384 2113 
2 11 28 453 1110 
0 5 22 357 2251 
0 9 17 302 448 
3 3 25 122 796 
1 4 27 143 166 
0 11 9 70 586 
1 5 6 20 569 
2 0 10 56 189 
0 1 22 67 541 
0 2 11 68 340 
1 7 28 76 421 
0 5 22 62 293 
2 5 14 11 302 
0 1 22 11 97 
0 0 17 25 411 
0 3 7 25 227 
1 0 21 41 200 
0 4 5 33 154 
0 0 2 38 211 
0 1 2 33 124 
0 0 1 5 110 
1 0 3 15 42 
0 0 2 2 61 
0 2 2 19 52 
1 0 2 1 38 
0 0 3 15 14 
1 0 6 16 35 
0 0 5 22 63 
2 0 1 16 35 
0 0 3 11 52 
1 0 3 8 31 
0 0 3 10 73 
1 1 2 12 31 
0 0 1 12 41 
0 0 0 12 49 
0 0 2 15 88 
0 0 0 23 106 
0 0 0 19 69 
0 0 0 12 112 
0 0 1 5 228 
3 2 0 15 100 
0 0 3 30 132 
0 0 0 25 252 
0 0 4 34 118 
0 0 1 23 204 
0 1 3 9 228 
1 0 4 31 278 
0 0 4 34 256 
2 1 1 20 362 
1 0 0 23 334 
0 0 4 18 397 
0 0 5 40 576 
0 0 9 54 534 
1 1 8 55 890 
1 2 14 64 177 
0 2 8 43 630 
0 0 7 34 480 
0 1 2 43 375 
0 0 6 29 509 
0 0 0 27 277 
0 2 6 42 480 
0 7 7 25 261 
0 3 4 20 486 
0 1 10 30 140 
0 1 7 57 292 
0 0 1 69 114 
0 2 3 38 163 
0 2 5 51 198 
1 2 4 74 402 
0 6 11 57 273 
0 0 0 54 355 
0 1 7 42 227 
0 2 5 38 207 
0 2 3 75 177 
0 0 3 40 165 
1 3 1 21 197 
0 0 0 24 143 
0 4 2 25 90 
0 1 1 27 459 
0 1 1 25 221 
1 3 4 5 119 
0 0 6 32 257 
1 1 4 84 174 
0 3 19 91 328 
3 1 15 81 411 
0 0 8 51 811 
0 1 6 30 496 
0 4 11 25 1237 
0 3 9 70 1937 
1 1 27 68 634 
0 2 5 78 1942 
2 3 18 83 3628 
2 0 9 38 1228 
2 4 8 48 3036 
0 0 27 99 2062 
2 0 14 119 1497 
0 4 20 161 817 
0 11 13 157 1624 
0 4 20 136 1692 
0 14 29 183 727 
2 12 9 182 722 
1 8 29 125 321 
0 23 4 115 748 
0 12 20 174 1027 
1 13 17 424 817 
0 5 13 252 831 
0 9 0 345 445 
0 11 11 492 688 
1 4 11 281 210 
0 6 8 190 261 
0 4 18 318 307 
0 3 8 118 415 
1 0 10 176 155 
0 3 2 85 360 
2 4 3 102 271 
0 0 1 134 421 
0 0 4 42 435 
0 3 0 66 559 
0 0 5 33 459 
0 2 1 71 632 
1 3 2 27 350 
0 0 3 74 296 
2 1 5 39 286 
0 0 2 31 220 
0 0 1 47 118 
0 0 1 23 107 
0 0 5 25 60 
0 4 2 17 98 
2 1 3 12 69 
0 0 3 9 59 
1 1 1 6 95 
0 0 0 6 53 
0 0 0 2 38 
0 1 0 10 108 
1 0 0 3 145 
1 1 0 7 155 
0 0 1 2 276 
0 4 1 11 285 
0 1 2 12 79 
0 1 2 9 277 
0 0 5 18 378 
1 0 9 4 202 
1 1 2 14 381 
1 0 18 19 346 
1 0 18 10 292 
0 0 9 29 200 
0 0 6 13 251 
0 1 12 11 180 
0 3 8 20 427 
2 2 5 13 330 
2 2 15 20 254 
1 3 5 11 313 
0 1 6 26 151 
0 1 3 34 107 
0 0 5 9 354 
2 6 1 18 294 
2 1 3 39 362 
0 2 7 22 479 
1 5 3 48 266 
0 2 4 27 500 
0 4 15 38 388 
0 2 7 24 271 
0 0 3 52 288 
0 0 8 67 296 
1 0 8 9 484 
2 1 11 30 1076 
0 0 14 46 706 
1 0 9 50 1168 
1 0 18 10 479 
0 1 21 55 475 
2 0 7 12 637 
2 2 5 45 782 
0 0 4 23 871 
1 0 7 44 651 
3 1 23 80 1013 
5 0 6 34 1015 
3 0 7 36 666 
1 2 4 63 220 
2 0 1 30 470 
1 0 7 16 231 
2 0 4 39 416 
0 1 6 23 182 
1 0 3 25 417 
3 1 1 19 394 
6 3 2 33 245 
11 2 4 129 340 
1 2 2 81 499 
18 3 1 156 599 
0 1 2 158 704 
2 3 4 150 563 
1 0 4 145 304 
0 0 5 92 921 
1 0 3 52 855 
3 1 12 62 1327 
2 0 12 75 615 
1 1 2 125 821 
0 1 7 143 1390 
0 2 9 141 535 
0 2 5 64 412 
1 0 9 73 443 
0 0 10 51 1058 
0 0 8 105 1085 
0 2 17 48 925 
0 2 21 56 839 
1 4 17 60 578 
0 7 19 91 367 
0 14 13 106 2046 
1 5 14 119 3928 
0 0 7 143 3618 
0 2 14 189 705 
0 1 12 168 1263 
0 1 25 185 2252 
0 1 17 75 2456 
0 2 20 88 680 
1 7 7 96 1387 
0 0 8 43 324 
1 3 7 159 650 
1 3 4 66 247 
1 1 13 24 199 
1 2 5 86 274 
1 1 10 140 245 
2 1 6 47 141 
1 1 4 56 123 
0 1 0 35 152 
0 1 2 198 141 
0 3 2 46 78 
0 0 0 46 151 
0 0 1 76 62 
2 0 1 60 27 
2 1 0 69 56 
0 2 0 9 19 
0 0 1 14 23 
0 0 0 10 21 
0 1 0 8 21 
1 0 1 5 60 
2 0 1 17 24 
0 0 1 5 75 
0 0 3 9 32 
1 1 3 9 81 
1 2 0 6 46 
1 0 0 19 38 
0 1 2 25 32 
0 1 0 7 11 
1 0 0 8 39 
0 0 0 6 44 
1 0 0 10 66 
1 1 0 11 31 
0 1 4 10 75 
0 0 2 11 51 
0 0 2 1 43 
0 0 1 9 8 
0 0 1 5 57 
0 0 0 13 50 
0 0 1 12 85 
1 0 0 10 231 
1 0 1 6 187 
0 2 0 10 129 
0 0 5 24 173 
1 0 1 10 229 
0 0 2 8 151 
0 0 6 24 237 
0 0 4 9 360 
0 0 2 2 408 
0 0 8 16 133 
1 2 5 12 252 
0 1 10 13 218 
0 0 5 14 422 
0 0 1 15 175 
0 1 6 17 195 
0 2 6 5 249 
0 0 3 27 236 
2 2 0 20 329 
0 2 1 18 281 
1 0 3 31 244 
1 1 7 40 334 
1 3 1 61 692 
0 3 12 78 660 
1 0 7 183 194 
0 1 3 101 299 
0 0 2 119 754 
0 0 5 91 277 
0 0 4 107 264 
0 2 4 90 241 
0 1 2 80 271 
0 0 8 92 163 
0 0 4 84 210 
0 1 0 37 195 
0 0 8 51 109 
1 1 6 50 273 
0 2 8 82 333 
0 6 9 235 382 
1 1 8 63 377 
0 1 2 52 250 
0 2 8 77 277 
0 8 5 120 501 
1 9 0 108 313 
0 3 5 175 704 
1 3 23 117 782 
0 7 3 60 1151 
0 11 10 118 685 
0 4 14 124 1069 
0 5 9 169 1592 
0 4 9 190 1643 
0 7 6 262 591 
1 2 6 216 929 
0 5 12 138 1044 
0 2 12 176 1090 
0 1 6 269 2429 
0 2 11 81 1636 
0 3 11 125 1373 
0 4 46 134 1163 
0 2 22 157 1996 
0 6 23 70 903 
1 2 17 153 1394 
3 5 4 104 1030 
1 2 18 139 792 
0 2 14 44 1256 
6 3 29 54 1288 
3 2 9 33 739 
6 1 7 119 489 
3 3 4 108 701 
0 1 5 23 507 
7 0 3 150 285 
0 0 1 122 617 
3 4 4 137 840 
1 2 4 73 878 
11 4 2 49 196 
2 0 14 95 523 
1 1 5 121 319 
2 3 0 53 426 
4 1 6 50 192 
2 1 8 56 319 
0 3 2 35 252 
0 1 4 42 469 
0 1 9 48 488 
1 3 2 13 150 
0 1 6 29 167 
0 1 4 13 259 
2 0 5 13 154 
1 0 3 19 328 
0 0 4 42 100 
1 0 1 24 175 
0 0 1 17 212 
1 0 0 19 175 
2 0 4 8 175 
0 0 7 17 85 
0 1 6 14 378 
0 0 1 23 585 
0 2 6 15 778 
1 0 4 19 327 
0 0 6 34 223 
1 0 2 32 601 
1 1 5 38 243 
1 0 4 19 292 
0 0 8 4 460 
0 0 6 17 189 
1 0 5 23 218 
0 0 4 23 215 
0 0 3 23 376 
0 2 4 24 255 
1 0 5 9 420 
0 0 1 12 541 
0 0 10 24 586 
0 0 6 19 553 
0 1 4 31 304 
0 0 13 31 126 
0 3 8 31 422 
1 3 8 44 198 
0 2 6 25 224 
0 0 7 33 80 
0 0 2 23 237 
0 8 2 26 239 
0 7 4 12 147 
1 0 0 21 260 
1 4 0 10 143 
0 11 1 35 129 
0 11 4 28 218 
0 5 3 53 177 
0 2 2 56 277 
2 1 4 29 160 
2 0 4 10 428 
1 3 12 20 388 
0 2 14 26 731 
1 0 11 58 308 
0 2 10 65 383 
1 1 7 16 420 
0 2 5 65 353 
0 0 2 69 331 
1 2 6 48 217 
2 3 3 12 169 
0 1 2 44 407 
0 0 1 25 238 
0 0 11 60 245 
2 2 4 57 116 
1 0 10 48 310 
0 0 4 157 523 
0 1 6 77 299 
0 0 5 45 641 
1 0 2 112 532 
0 0 9 123 173 
0 0 8 177 126 
0 0 11 69 423 
1 3 6 314 179 
1 1 16 96 427 
0 0 11 99 264 
0 0 7 106 452 
0 1 23 153 377 
1 2 4 180 638 
1 1 16 109 416 
0 2 11 106 485 
1 0 8 98 406 
0 2 16 47 482 
1 1 17 119 394 
0 1 25 73 872 
0 2 7 115 1233 
1 1 8 92 1038 
0 2 20 95 846 
0 2 10 124 1521 
0 2 7 142 1720 
2 2 24 103 789 
1 2 12 149 1300 
1 4 16 125 1669 
0 1 6 137 540 
0 0 13 55 1057 
0 1 5 71 426 
0 4 10 98 399 
1 5 7 86 547 
0 4 2 76 522 
1 0 8 60 539 
2 7 9 130 647 
0 6 17 53 860 
0 8 8 34 614 
0 3 7 37 516 
0 8 19 138 813 
0 5 5 130 284 
0 1 9 104 506 
1 3 7 61 978 
0 4 0 32 961 
0 2 1 39 284 
2 0 2 15 304 
0 0 1 21 259 
1 0 1 22 209 
0 0 2 44 124 
0 0 1 16 82 
0 1 3 18 53 
0 0 0 14 193 
0 1 4 20 119 
0 0 3 29 457 
1 2 3 43 128 
0 0 3 43 241 
0 0 2 33 167 
1 0 7 61 271 
1 0 13 49 424 
0 0 5 76 147 
0 2 4 127 352 
0 0 9 38 254 
0 1 4 95 203 
0 1 15 39 148 
0 0 8 48 145 
0 0 8 85 184 
0 0 3 76 115 
2 0 5 53 101 
0 0 7 64 146 
0 0 7 88 249 
0 1 8 50 223 
0 1 4 69 123 
0 1 16 78 139 
2 0 4 28 128 
1 0 10 35 140 
0 0 8 36 141 
1 1 7 38 361 
0 1 8 63 352 
0 0 7 44 253 
1 0 3 94 595 
0 1 3 127 230 
0 4 2 92 208 
0 1 7 110 226 
0 3 4 123 223 
0 0 1 75 464 
0 1 2 102 617 
0 3 1 161 430 
1 2 0 114 660 
2 1 8 146 951 
0 1 6 120 811 
1 1 4 109 601 
2 9 5 53 1639 
0 5 11 78 1298 
0 4 25 88 1082 
2 1 6 85 497 
1 2 7 30 647 
0 4 6 33 557 
1 6 4 31 745 
0 4 9 46 471 
0 0 4 19 336 
0 1 0 22 484 
1 4 5 38 425 
0 4 23 96 994 
1 0 13 102 1269 
0 1 9 112 838 
0 4 12 151 1093 
0 0 17 172 1071 
1 4 7 259 1430 
1 8 10 108 2462 
0 6 25 126 2189 
0 2 24 281 1951 
1 6 18 223 1675 
1 5 35 231 1965 
