0 7 0 0 0 12 1 0 39 87 33 127 134 623 993 400 442 103 56 410 
0 0 0 0 1 2 1 0 13 70 48 83 69 316 486 127 663 66 94 393 
1 0 0 0 0 2 0 0 19 49 96 70 76 250 417 165 474 67 79 376 
1 0 0 0 1 4 4 0 39 39 109 71 40 153 305 112 474 41 97 394 
0 0 0 0 0 0 0 0 55 18 124 64 48 130 161 130 248 110 68 350 
0 0 0 1 1 0 0 1 53 33 133 57 32 107 254 123 218 61 60 432 
0 0 0 0 1 1 1 0 42 32 127 32 8 62 143 282 203 102 62 384 
0 0 0 0 1 0 3 0 95 67 128 28 6 50 86 250 140 120 44 522 
0 0 0 0 1 0 1 0 158 39 191 25 9 37 75 370 74 66 44 453 
0 0 0 0 0 0 0 0 164 39 291 21 2 37 58 319 44 123 38 463 
0 0 1 2 0 0 1 0 168 19 342 4 0 12 70 210 36 110 31 423 
0 0 0 1 0 1 0 3 133 26 151 8 0 15 27 235 41 217 42 675 
0 0 1 0 0 0 2 0 144 22 290 2 0 5 19 172 22 220 63 185 
0 0 1 0 0 2 5 0 118 11 265 10 1 1 22 243 36 169 45 508 
0 0 0 0 2 0 4 0 124 10 191 5 3 1 4 99 14 195 31 298 
0 0 1 1 1 0 0 0 54 14 168 6 0 1 12 74 29 256 19 370 
2 0 0 0 0 1 1 1 49 3 82 8 1 0 7 97 26 286 15 169 
0 0 0 1 0 1 1 0 33 2 47 0 2 0 4 140 14 227 22 87 
0 1 0 0 0 0 0 0 19 6 71 3 3 1 1 116 21 221 19 87 
1 0 0 0 0 0 0 1 12 6 73 1 0 0 2 134 19 137 53 152 
1 0 0 0 1 0 0 0 14 4 35 2 1 0 0 56 9 87 19 80 
0 1 0 0 1 0 0 0 16 2 80 0 0 0 0 129 16 227 24 124 
1 0 1 0 0 0 0 1 9 2 48 0 2 1 3 86 14 156 61 118 
0 0 0 0 0 0 0 1 5 4 47 1 0 1 1 66 10 311 62 81 
0 0 0 0 0 1 0 0 3 3 36 0 0 0 0 60 5 213 58 97 
0 1 0 1 0 0 0 0 3 3 29 0 0 0 1 64 2 162 66 50 
0 0 0 0 2 1 0 0 4 1 24 0 1 0 0 49 0 167 59 39 
0 0 0 0 0 0 0 0 0 0 20 0 0 0 0 51 2 261 127 25 
0 0 0 0 0 0 0 0 1 2 22 0 1 1 2 35 1 257 61 68 
0 0 3 0 1 0 0 0 3 0 22 1 1 0 0 37 0 201 103 34 
0 0 0 0 0 0 0 0 1 1 16 0 0 0 0 29 1 166 75 26 
1 0 0 1 1 0 0 0 1 0 5 0 0 1 0 22 1 104 42 31 
1 0 0 0 1 1 1 0 1 0 5 2 0 2 0 18 3 78 70 7 
1 0 0 0 0 0 0 0 0 0 5 1 0 0 0 17 3 49 60 15 
0 0 0 0 1 0 0 1 0 2 2 0 0 0 0 21 1 52 50 23 
0 0 1 0 0 0 0 0 0 1 5 0 0 1 0 8 0 80 38 10 
0 0 0 0 1 0 0 0 0 1 1 0 0 0 1 9 0 64 48 13 
0 1 0 0 2 0 0 0 1 0 0 0 0 0 0 6 0 60 76 13 
0 1 0 0 1 0 1 1 0 1 1 0 1 0 0 4 0 17 75 2 
0 0 2 1 0 0 0 0 0 0 0 2 0 0 0 3 0 57 107 3 
1 1 2 0 0 0 1 0 0 2 0 0 0 0 1 8 0 59 94 6 
0 0 0 0 0 1 0 0 0 0 0 0 2 0 1 4 1 104 100 3 
0 1 0 0 0 0 1 0 0 0 2 0 0 0 1 7 1 91 179 5 
1 1 1 0 1 0 1 0 0 0 0 0 1 0 1 3 0 86 138 7 
0 0 3 0 0 0 0 0 0 0 0 0 0 1 0 8 0 45 89 5 
0 1 1 0 0 0 0 0 0 0 1 0 1 0 0 4 1 143 160 1 
1 1 0 0 0 0 0 0 0 0 0 0 1 2 0 1 1 108 218 8 
0 0 0 0 1 0 1 0 0 0 0 0 0 0 0 3 0 96 301 15 
0 0 0 0 1 0 1 1 1 0 0 0 2 0 0 4 0 90 555 9 
0 1 1 0 0 0 2 0 0 1 1 0 0 1 0 8 0 87 495 19 
0 0 0 0 1 2 2 0 0 1 0 1 0 0 0 9 0 148 1077 12 
1 1 0 2 1 0 1 0 1 0 0 0 2 0 1 17 0 113 851 11 
1 1 0 1 0 0 1 0 0 0 0 0 0 0 0 27 0 87 1544 14 
0 1 0 0 1 0 1 1 1 0 0 0 1 0 0 4 1 78 995 11 
0 1 0 0 1 0 0 0 1 0 0 0 0 0 0 8 0 98 880 10 
0 1 0 0 0 2 0 0 0 0 0 0 0 0 1 16 0 62 1814 6 
0 0 1 0 0 0 0 0 0 0 1 0 0 0 1 19 0 114 1320 3 
0 1 0 0 0 2 0 1 0 0 2 0 0 1 0 15 2 143 1217 10 
0 0 0 0 0 0 0 0 0 1 0 1 0 0 0 16 0 165 809 11 
0 0 0 0 0 0 0 0 1 1 1 2 1 0 0 14 1 69 543 8 
0 2 1 2 2 0 0 2 0 2 0 0 0 0 1 25 0 164 441 13 
2 1 1 0 0 0 0 1 2 0 2 0 0 0 0 35 1 261 635 11 
0 2 1 1 2 1 1 1 0 0 0 0 0 0 0 28 1 236 838 29 
0 0 1 0 0 0 0 2 3 0 0 0 1 1 0 59 0 146 347 37 
1 0 0 0 0 1 1 1 0 0 0 0 0 0 0 19 0 238 380 79 
2 1 0 0 0 1 0 0 0 1 0 0 0 2 1 19 1 284 131 74 
3 1 1 0 1 0 0 1 1 0 0 0 0 0 0 20 0 312 160 40 
1 0 0 1 0 1 0 2 0 0 2 0 0 0 1 29 0 318 122 43 
0 0 2 0 0 0 1 0 0 0 1 0 1 0 0 31 0 166 116 60 
0 1 1 0 0 0 1 1 0 0 0 0 0 0 1 15 0 205 76 65 
0 1 2 0 0 0 0 0 0 0 1 0 1 0 0 15 0 228 62 102 
1 0 0 0 0 1 0 0 0 2 0 2 0 0 0 28 2 117 68 97 
1 0 1 0 0 2 0 0 0 0 0 0 0 1 1 31 0 180 26 133 
1 0 0 0 2 0 0 1 1 0 0 0 0 0 0 49 0 133 30 119 
2 0 0 0 0 0 0 0 0 0 0 1 1 0 0 39 1 201 26 198 
0 0 1 0 1 0 0 0 0 1 0 0 0 0 0 50 0 106 28 145 
1 0 1 1 2 1 0 0 0 1 2 1 0 0 2 42 0 99 23 146 
2 0 2 0 0 0 0 1 0 0 1 0 1 1 1 35 0 66 18 237 
1 0 0 1 0 0 0 0 1 0 0 0 0 1 0 32 0 118 10 225 
2 0 1 1 0 0 1 0 0 0 0 0 1 0 1 24 0 69 4 223 
0 0 0 0 0 0 1 1 0 2 2 1 0 1 1 65 2 97 10 184 
0 0 1 0 0 0 1 0 1 0 0 1 1 0 0 58 1 105 10 612 
0 1 0 0 1 0 0 0 1 0 0 0 2 0 2 84 1 71 5 303 
0 0 0 1 1 0 0 0 0 0 1 0 0 0 0 32 1 26 7 598 
0 0 2 1 0 0 0 0 0 0 0 0 1 0 0 46 1 48 5 543 
0 0 0 0 0 0 1 0 0 0 0 0 0 0 0 31 0 38 1 193 
0 0 0 0 0 0 0 0 1 0 0 1 0 1 0 32 0 29 1 397 
0 1 0 1 0 0 1 0 0 1 1 0 0 1 0 16 1 29 3 140 
0 1 0 0 0 1 0 0 0 0 0 0 0 0 1 25 0 17 2 286 
0 0 0 0 0 0 0 0 1 0 0 0 0 0 1 31 0 26 4 296 
0 1 0 0 1 0 0 0 0 0 1 1 0 1 1 30 1 20 0 710 
0 1 0 0 0 0 0 1 0 2 0 0 0 1 2 59 0 41 3 708 
1 0 0 0 1 0 1 0 1 0 0 1 0 0 0 58 2 36 9 1239 
1 1 1 1 0 0 0 1 0 1 0 0 0 1 0 83 0 57 11 1880 
0 1 0 0 1 0 0 0 1 0 0 2 0 1 0 120 0 12 5 2089 
0 0 0 0 0 0 1 2 1 0 1 1 2 0 0 206 0 110 13 2355 
1 1 1 1 0 2 0 1 0 0 1 0 0 0 1 305 1 73 14 2131 
0 1 0 0 0 1 0 2 0 1 0 2 1 1 0 388 1 65 16 2480 
0 0 0 0 0 2 1 0 0 0 1 0 0 0 0 306 0 71 27 2766 
0 0 0 1 0 1 0 0 0 0 0 0 1 1 0 397 0 86 30 5119 
1 1 0 0 1 0 0 1 2 0 0 0 0 0 1 605 1 108 26 5804 
0 0 2 0 0 0 1 0 0 1 0 1 0 0 0 548 1 254 36 5686 
2 0 0 0 1 1 0 0 0 0 1 0 1 0 0 383 0 184 31 6848 
0 0 0 0 1 3 0 0 0 1 1 0 0 0 0 638 0 134 6 10112 
0 1 0 2 0 0 1 0 0 0 0 1 0 0 0 503 0 305 49 5208 
0 1 0 0 0 0 0 1 1 2 0 1 0 0 1 468 0 205 22 2649 
2 0 0 3 0 2 0 0 0 0 1 0 0 1 0 293 0 215 27 1730 
1 0 1 0 0 1 0 0 1 0 2 1 0 0 0 249 1 132 26 1241 
0 0 2 0 1 2 0 0 0 3 1 0 0 0 0 280 0 356 50 1231 
0 0 0 0 1 0 0 1 1 1 0 0 0 0 0 169 0 378 38 769 
0 1 0 0 0 0 0 1 0 0 0 0 1 0 0 308 0 389 45 723 
1 0 1 0 0 1 1 0 1 0 0 1 0 0 1 163 0 358 72 736 
0 1 0 0 0 0 0 0 1 0 0 0 1 0 0 328 0 626 93 392 
1 0 0 0 1 1 0 2 1 1 1 0 1 0 0 306 1 926 126 312 
2 0 0 0 0 1 1 0 0 0 0 1 1 1 0 450 0 736 133 247 
0 0 0 0 2 1 2 1 0 2 0 0 0 0 0 295 0 382 199 261 
0 1 1 0 0 1 0 1 1 0 1 0 2 0 0 136 0 320 150 118 
1 0 1 0 0 0 0 0 0 0 0 0 0 0 2 279 0 361 177 116 
3 2 0 0 0 0 0 0 0 0 0 0 0 0 0 258 1 489 152 121 
0 0 0 1 0 0 2 0 0 0 0 0 0 1 0 118 0 336 155 99 
0 0 1 0 1 0 0 0 0 0 0 0 1 0 0 102 0 344 187 40 
0 0 0 0 0 0 1 0 0 0 2 0 0 0 2 109 0 345 175 41 
1 0 0 0 0 2 0 0 1 0 0 0 1 0 0 49 0 365 157 23 
0 1 0 0 0 0 0 0 0 0 1 0 0 0 1 62 0 266 217 8 
0 0 0 0 0 1 0 0 0 1 2 0 0 0 0 92 0 254 323 16 
1 1 0 1 0 0 1 0 1 0 1 2 0 1 0 44 0 217 404 23 
0 1 0 0 0 0 0 0 0 1 0 0 0 2 0 39 0 189 335 9 
1 0 0 0 0 0 0 0 0 0 0 2 0 0 0 49 0 216 377 8 
0 0 0 1 2 0 0 2 0 0 0 2 0 0 1 44 1 136 410 9 
0 0 0 0 0 0 1 1 0 0 0 0 0 1 0 34 0 217 200 6 
0 0 1 0 0 0 0 0 0 0 1 0 0 0 2 59 0 85 406 10 
0 0 1 0 0 0 0 1 0 0 0 0 1 0 0 26 0 115 370 1 
1 1 0 0 0 0 1 0 0 0 0 1 0 0 0 21 0 129 138 2 
2 1 0 0 0 0 0 0 0 1 0 1 0 0 1 34 0 110 393 5 
0 0 1 0 2 0 0 0 0 0 0 0 1 0 1 20 1 60 190 0 
0 0 0 0 0 0 1 0 3 1 0 1 0 1 0 22 0 27 289 0 
1 1 0 0 0 1 1 0 0 1 2 0 0 0 0 9 0 13 139 1 
1 0 0 0 0 0 1 0 2 0 2 0 0 1 1 5 3 14 174 1 
2 0 0 0 1 0 1 0 0 0 0 0 1 0 2 1 0 13 100 2 
0 0 0 1 1 0 1 3 0 0 1 0 0 0 0 6 0 5 120 0 
0 1 0 1 1 0 0 0 1 0 0 0 0 0 0 1 1 8 56 0 
0 0 0 1 0 1 0 0 0 0 0 0 1 1 0 2 1 6 96 2 
1 0 0 0 0 2 1 0 1 0 0 0 0 0 0 1 0 11 79 0 
2 0 1 1 1 0 1 0 1 0 0 0 0 0 1 0 0 11 145 0 
0 1 1 1 0 2 0 0 0 0 1 0 0 1 0 0 0 12 155 0 
1 0 1 2 0 0 0 0 0 0 1 0 0 0 1 0 0 17 236 1 
0 1 1 0 0 0 0 0 0 2 1 0 0 0 0 2 0 22 119 0 
0 0 0 0 0 0 0 1 1 0 0 0 0 1 0 1 1 25 166 1 
1 1 0 1 0 0 0 0 0 0 0 0 0 0 0 1 0 45 187 0 
0 2 0 0 0 0 0 0 0 0 1 0 0 0 0 0 0 34 337 0 
1 0 0 0 0 0 0 0 0 1 0 0 1 0 0 0 0 48 235 1 
0 1 0 0 0 1 0 0 0 1 2 1 1 1 0 0 0 28 352 0 
0 0 0 0 0 0 0 0 0 0 1 1 0 0 0 0 2 48 426 0 
0 0 0 0 0 0 0 0 0 0 0 0 0 0 0 1 0 71 401 1 
0 0 0 0 0 0 2 0 2 0 0 0 0 2 0 1 1 79 282 0 
0 0 0 2 1 0 2 0 0 2 1 0 0 2 0 0 0 61 385 3 
0 1 0 2 1 0 0 0 0 0 0 1 0 0 0 0 2 82 445 1 
0 0 0 0 1 0 0 0 0 0 0 0 0 0 0 0 0 63 467 0 
0 0 0 1 0 0 1 0 1 2 1 1 0 0 0 0 0 69 439 0 
1 1 0 0 1 0 0 0 0 1 0 0 0 0 0 0 1 59 477 0 
0 0 1 0 0 0 0 0 1 1 2 1 0 0 1 1 1 98 530 0 
0 1 0 1 0 1 1 1 1 1 1 0 2 1 0 0 0 177 733 1 
0 1 0 0 0 0 0 0 0 0 0 0 0 0 2 0 0 185 953 0 
1 0 1 0 0 0 0 3 0 0 0 0 0 1 0 0 1 300 565 0 
0 0 1 0 2 1 0 0 0 0 0 0 0 0 1 1 0 245 839 0 
1 0 1 0 0 1 0 0 0 0 0 1 1 2 0 0 0 307 549 1 
0 0 0 1 1 0 0 0 0 0 0 2 0 0 0 1 0 238 668 1 
0 1 0 0 1 1 0 2 0 0 0 0 0 0 1 0 1 413 498 0 
0 0 1 1 1 0 0 0 0 0 1 0 0 2 0 0 1 364 526 1 
1 1 0 0 0 1 0 0 0 0 0 0 0 2 0 0 0 446 663 0 
0 0 0 0 1 0 0 0 0 0 1 0 1 0 0 0 1 416 438 0 
0 1 3 2 0 1 0 0 0 0 1 0 0 1 0 0 0 371 485 2 
0 2 0 1 0 0 1 0 1 0 1 0 0 0 0 0 1 482 115 1 
0 0 0 1 0 0 0 0 0 0 0 0 1 0 0 2 0 351 247 0 
0 1 1 0 0 1 0 0 0 1 0 0 0 0 0 2 0 325 158 1 
0 0 1 0 2 1 1 0 2 0 0 0 1 1 0 0 0 321 195 0 
0 0 0 1 0 1 1 0 0 1 0 2 0 0 0 2 1 329 222 1 
1 0 0 0 1 1 0 0 1 2 1 0 2 0 1 2 0 351 233 0 
0 1 0 0 0 0 0 0 0 1 0 0 2 0 0 1 0 244 229 1 
0 0 2 0 0 1 0 0 0 0 1 1 0 0 1 0 0 313 245 1 
0 1 0 0 0 0 0 1 0 0 0 0 0 2 0 0 0 195 138 0 
2 0 0 0 1 0 0 1 0 0 2 0 0 2 0 0 0 212 239 1 
0 3 0 0 0 1 0 0 1 0 0 0 0 0 0 0 0 183 201 0 
0 0 0 0 0 0 0 0 0 0 1 0 0 1 0 0 1 125 209 0 
0 0 0 0 0 0 0 0 0 0 1 0 0 0 0 0 3 151 315 0 
0 2 1 1 0 0 0 0 0 0 2 0 0 0 0 2 0 135 122 1 
0 0 0 0 2 0 1 0 2 0 0 0 1 1 0 1 2 159 116 1 
1 1 0 1 0 2 0 0 1 1 0 2 0 0 0 0 0 101 86 1 
0 0 2 0 0 0 0 0 0 0 0 1 2 1 0 0 0 69 51 2 
0 0 1 0 0 0 2 1 0 1 0 0 1 0 1 1 0 83 67 0 
0 0 0 1 0 1 0 0 2 0 0 1 0 0 0 1 0 49 26 0 
0 1 0 0 0 0 0 0 0 0 2 0 0 1 0 0 0 20 27 0 
0 0 0 0 0 1 0 0 2 0 1 1 0 0 0 0 0 23 20 0 
0 0 0 0 0 0 0 0 0 0 0 0 2 0 0 0 1 34 36 2 
0 0 2 0 0 0 1 1 0 0 0 2 0 1 0 0 0 18 20 1 
0 0 0 1 0 2 0 0 0 0 0 0 0 0 0 0 0 18 29 0 
0 0 0 0 1 0 0 0 0 2 0 0 1 0 2 1 0 8 32 0 
0 1 0 0 1 1 0 0 0 0 0 0 0 0 0 0 0 46 30 0 
0 0 0 0 0 0 0 0 0 0 1 0 0 0 0 1 0 47 30 1 
0 2 0 0 0 0 0 0 0 1 0 0 0 1 0 0 0 23 44 0 
1 0 2 0 0 0 0 0 0 0 1 1 0 0 0 0 0 48 46 0 
1 0 0 0 1 2 0 0 1 0 0 1 3 2 0 0 0 33 49 1 
2 1 2 0 0 0 0 0 0 0 0 0 0 1 0 0 1 21 47 0 
1 0 0 0 0 0 1 0 0 0 1 1 0 1 0 2 0 31 68 0 
0 1 1 0 0 0 0 0 1 0 0 0 1 0 0 2 0 26 55 0 
1 0 0 0 1 0 0 0 0 1 0 1 0 0 1 0 0 31 50 1 
1 0 0 0 0 0 0 1 1 0 0 0 0 0 1 0 0 27 47 0 
0 0 0 1 0 0 2 0 0 0 1 0 1 0 0 2 1 48 115 0 
1 0 1 1 0 2 0 0 0 0 0 0 0 2 0 0 0 43 81 0 
0 1 0 0 1 0 2 3 0 0 0 0 0 0 1 0 1 45 52 0 
0 0 0 0 0 0 0 0 0 1 0 0 1 1 1 0 0 24 45 1 
0 0 0 0 0 0 0 0 0 0 0 2 1 1 0 0 0 20 73 0 
0 0 0 0 1 1 0 0 1 2 1 0 0 1 1 1 0 29 106 0 
0 0 0 0 0 0 1 0 0 0 0 1 0 1 0 0 1 23 91 0 
0 1 0 1 0 0 0 0 0 0 0 1 0 0 0 1 1 35 51 0 
0 0 2 0 1 0 0 2 1 2 0 1 0 1 2 2 0 44 58 0 
0 0 1 0 0 0 0 1 0 0 0 0 0 0 0 0 1 46 66 0 
0 0 0 0 0 0 0 0 0 0 0 0 0 0 1 0 2 51 138 0 
2 0 0 1 0 2 0 0 2 0 0 0 2 0 1 0 0 58 84 0 
0 0 0 0 0 0 1 1 0 1 0 0 0 0 0 0 1 63 80 0 
0 0 0 1 1 2 0 0 0 1 0 0 0 1 0 0 0 45 112 1 
1 0 0 1 2 1 0 0 1 0 0 0 0 0 0 1 0 118 182 1 
0 2 2 0 1 0 0 0 1 0 1 2 2 1 1 0 0 151 74 0 
0 0 1 0 0 0 0 0 0 0 0 0 0 0 0 0 0 133 171 0 
0 1 0 0 0 2 0 0 0 0 0 0 1 0 0 1 0 190 131 0 
1 0 0 0 0 0 0 0 0 1 0 0 0 0 2 1 0 97 182 0 
1 1 0 1 0 0 0 1 0 1 0 2 0 0 1 0 2 151 417 1 
0 0 1 0 2 0 0 0 0 0 0 0 0 0 0 0 0 174 364 0 
1 0 0 0 1 0 2 0 1 0 0 0 0 0 0 0 1 137 705 0 
0 2 0 1 1 0 0 0 0 0 1 0 0 0 0 2 0 125 590 1 
1 0 0 3 0 2 0 0 1 1 0 0 1 1 0 1 0 201 707 0 
0 0 0 0 0 0 0 0 0 0 0 1 0 0 0 1 2 150 250 1 
0 0 0 1 1 0 0 2 0 0 1 1 0 0 2 0 0 230 557 0 
0 0 0 0 0 0 0 0 1 0 0 0 0 1 2 0 0 276 467 0 
0 1 0 0 0 0 0 0 1 0 0 0 0 0 0 0 1 201 460 0 
0 1 1 0 0 0 0 0 0 0 2 0 0 0 1 1 0 354 652 0 
0 0 0 0 0 1 0 0 0 1 1 1 1 0 1 0 0 358 412 0 
2 0 0 0 1 0 0 0 1 0 0 1 0 0 0 0 0 349 216 0 
0 0 0 0 1 1 1 0 2 0 0 0 0 1 0 0 0 486 191 0 
1 1 1 0 0 0 1 0 0 1 0 1 0 2 0 0 2 186 83 0 
0 0 0 0 0 0 1 0 0 0 0 0 1 1 0 0 1 128 131 0 
1 0 0 0 0 0 0 0 0 0 0 0 1 0 0 0 0 191 151 0 
1 0 0 1 0 1 1 2 0 0 0 0 1 0 0 1 0 136 88 0 
0 0 0 0 0 0 1 0 2 0 0 0 0 2 0 0 0 166 110 0 
0 1 1 0 0 0 0 0 0 0 0 0 0 1 0 1 0 109 84 0 
0 0 1 1 0 1 2 1 0 0 0 1 0 1 0 2 0 78 62 0 
0 0 0 0 0 2 0 1 0 0 0 0 0 0 1 0 1 106 113 0 
1 0 0 0 1 1 0 1 0 0 2 0 0 0 0 0 0 197 164 0 
1 2 0 0 0 0 0 0 0 0 0 0 0 0 2 0 0 232 166 1 
0 0 0 1 1 0 0 0 0 0 1 0 0 0 0 0 0 306 197 1 
1 0 0 0 2 0 0 2 2 0 1 0 1 1 0 1 1 244 405 0 
1 2 0 0 0 0 0 0 1 0 1 0 0 0 0 0 2 217 388 2 
1 0 0 0 0 0 0 0 0 1 0 0 0 2 0 0 0 318 314 0 
1 0 0 0 1 1 0 0 0 0 1 0 0 0 0 0 0 206 390 1 
2 1 1 2 0 0 1 0 0 1 2 0 0 0 0 1 0 221 518 2 
1 1 1 1 3 1 1 0 0 0 1 0 0 2 0 1 0 376 661 1 
1 0 0 1 1 0 0 0 0 1 1 0 1 1 0 1 0 563 389 2 
0 1 2 1 1 0 1 0 0 0 1 0 1 1 0 0 0 415 544 0 
0 0 0 0 0 0 0 1 0 0 0 0 1 1 0 0 0 809 828 1 
0 0 0 0 0 0 0 0 1 1 0 0 1 0 0 0 0 534 734 0 
1 0 2 0 0 0 0 2 1 0 0 2 0 0 0 0 1 673 327 0 
0 2 0 1 0 0 3 0 2 1 0 0 1 0 0 1 0 377 775 0 
2 0 1 0 0 0 0 0 2 0 1 1 0 0 0 1 1 338 245 2 
0 0 0 0 0 0 1 0 0 1 1 1 0 0 0 0 0 304 334 0 
0 0 0 1 0 0 0 0 1 0 0 0 0 0 0 0 0 396 282 1 
0 0 0 0 1 0 1 1 2 0 0 1 1 0 1 0 1 413 234 1 
1 0 0 0 0 0 1 0 1 0 0 0 1 0 0 0 0 507 248 2 
1 0 1 0 0 2 1 0 0 1 1 0 0 0 0 1 0 421 177 0 
0 0 0 1 0 0 0 1 0 0 1 1 0 0 1 1 0 493 184 0 
0 0 0 0 1 2 1 0 0 0 0 0 0 0 0 0 0 255 232 0 
0 0 1 0 1 0 1 0 0 0 1 0 0 1 0 0 0 204 253 0 
0 0 0 0 0 1 0 0 1 0 0 0 0 0 0 1 1 411 245 0 
0 0 0 0 1 0 1 0 0 0 1 1 0 1 0 0 0 205 140 0 
0 0 0 0 1 2 0 0 1 0 2 0 1 0 1 1 2 142 182 1 
0 0 2 0 0 2 0 0 0 0 0 1 0 0 0 0 0 263 192 2 
0 0 1 0 0 0 0 0 1 0 0 1 0 1 0 0 0 228 237 0 
2 1 1 1 0 0 1 0 2 1 0 0 0 0 0 2 1 100 153 0 
0 2 1 0 0 1 0 1 0 0 0 0 1 1 0 2 0 49 110 0 
0 0 0 1 2 0 1 1 0 0 1 0 1 0 1 0 1 37 77 0 
2 0 0 0 0 0 0 1 0 0 2 0 1 0 1 2 0 28 105 0 
0 0 0 0 1 0 0 0 0 0 0 0 0 0 1 0 0 27 144 0 
0 0 1 1 0 1 0 1 1 0 3 0 1 0 0 3 0 24 166 0 
0 1 0 1 0 0 0 0 0 0 0 0 0 1 0 0 1 11 170 1 
0 0 0 2 0 0 0 0 1 0 0 1 1 0 0 0 0 22 117 0 
0 0 2 0 1 0 1 0 1 0 1 1 2 0 0 0 0 16 154 0 
0 0 0 1 0 0 0 0 0 0 0 0 0 1 2 0 0 23 120 1 
2 0 0 1 0 2 0 0 0 0 0 0 1 0 0 0 0 19 75 0 
0 0 0 0 0 0 0 0 0 1 0 0 2 1 0 0 1 21 42 0 
0 0 0 2 0 0 0 0 0 0 0 0 1 0 1 0 0 10 55 0 
2 0 0 0 1 1 1 2 0 0 0 0 0 0 0 0 0 7 62 1 
0 1 0 0 0 0 1 0 0 1 1 0 0 0 0 0 1 1 55 0 
0 0 1 0 3 0 1 0 1 0 0 1 0 0 0 0 1 0 27 0 
0 0 1 1 2 0 1 0 0 0 0 0 0 0 0 0 0 0 19 0 
0 0 0 1 0 0 0 0 0 0 1 1 1 0 0 0 1 2 34 0 
0 0 0 0 1 0 0 1 0 0 1 0 0 0 0 0 0 4 15 0 
1 0 0 0 0 0 1 2 1 1 0 1 0 0 0 1 1 3 18 1 
2 0 1 0 0 1 0 1 0 0 1 1 1 0 0 0 0 2 8 0 
0 0 1 0 0 0 0 0 0 0 0 0 2 0 0 1 0 2 8 0 
0 0 0 1 0 0 0 1 1 0 0 0 0 0 1 1 2 0 10 0 
0 0 0 0 0 0 0 0 0 1 1 0 1 0 0 1 0 0 11 0 
0 0 0 1 0 2 0 0 1 1 0 0 0 1 0 0 0 0 18 0 
0 0 0 0 0 2 0 0 0 0 0 0 1 0 0 0 0 2 9 1 
0 0 0 0 0 0 0 0 1 2 1 3 1 0 0 0 0 3 11 0 
0 0 0 0 1 0 2 0 0 0 2 2 0 3 2 1 0 0 6 0 
0 0 0 0 0 0 0 0 1 0 0 0 1 0 0 1 1 1 2 1 
0 0 0 0 0 0 2 0 0 0 0 0 0 0 1 0 0 0 2 0 
0 1 0 1 1 0 0 0 2 1 0 1 1 0 2 1 1 0 4 1 
0 0 0 2 0 0 0 0 0 0 0 1 0 0 0 0 1 3 12 0 
0 1 0 2 0 0 0 0 0 2 1 0 0 0 1 2 0 7 0 0 
1 0 1 0 0 0 1 1 0 0 0 0 1 0 2 0 0 3 2 0 
0 1 0 0 0 1 0 0 0 1 0 0 0 1 0 0 0 2 1 1 
0 1 0 0 2 0 0 1 0 0 1 0 0 1 0 1 0 0 2 0 
0 0 0 0 0 1 1 0 0 1 2 1 2 1 1 0 3 3 2 0 
0 0 0 0 0 0 0 0 0 1 0 0 1 0 2 0 0 2 2 0 
0 0 0 0 0 0 1 2 0 0 1 0 1 0 0 1 0 1 1 2 
0 1 0 0 1 0 0 0 0 0 0 0 0 1 0 0 0 0 0 2 
0 0 2 0 0 0 2 1 0 1 1 0 0 1 0 1 0 0 0 0 
0 0 0 0 2 0 0 1 0 1 1 0 1 1 0 0 0 0 1 0 
0 0 0 0 0 0 1 0 0 0 0 2 0 0 0 0 1 0 1 0 
1 0 0 0 0 0 1 0 0 1 1 1 0 0 0 0 0 0 0 0 
0 1 2 0 0 0 0 1 0 1 1 2 0 0 0 0 1 1 0 0 
1 0 0 0 0 1 0 0 1 1 0 0 0 0 0 0 0 1 0 1 
0 0 0 1 0 0 0 1 1 1 1 0 0 0 1 1 1 0 0 0 
1 0 0 0 1 1 1 1 2 0 0 1 0 0 0 0 2 1 0 0 
0 0 0 0 1 1 1 0 2 3 0 1 2 0 2 0 0 0 0 0 
0 0 2 0 0 0 0 1 0 1 0 1 0 0 0 0 0 0 0 0 
2 0 0 0 0 1 0 1 0 0 0 0 0 1 0 0 0 1 0 2 
1 1 0 0 1 0 0 0 0 0 1 0 0 1 0 1 0 0 0 0 
0 1 0 0 0 0 0 0 0 0 1 0 0 1 0 0 0 1 0 0 
0 0 0 1 3 1 0 0 0 0 0 0 1 0 0 1 0 0 0 0 
2 0 0 1 1 0 0 1 0 0 0 0 0 0 2 0 0 1 1 0 
0 1 1 0 0 0 0 0 2 1 2 2 0 0 0 1 0 0 1 0 
0 1 0 0 1 0 1 0 0 0 0 0 1 0 1 0 1 0 0 0 
0 1 1 0 0 0 2 0 0 0 1 0 0 0 0 0 0 0 0 0 
0 0 1 2 1 0 2 0 2 0 1 0 0 0 2 0 0 1 0 2 
0 0 0 0 2 1 0 0 2 0 0 0 0 0 1 1 0 2 0 0 
0 0 1 0 0 1 0 0 0 1 0 0 0 1 0 1 0 1 1 0 
0 1 0 1 1 1 1 0 2 0 0 0 1 0 0 0 0 0 0 0 
1 0 0 0 0 0 0 0 1 0 1 1 0 0 0 0 2 0 1 0 
1 0 1 0 0 0 0 1 0 0 0 0 0 0 0 0 2 1 0 0 
2 1 0 0 0 0 0 0 0 0 3 0 0 0 0 0 1 0 0 0 
1 0 0 1 1 1 0 0 0 0 1 0 0 0 0 0 0 1 0 0 
0 1 0 0 0 0 1 1 2 0 0 0 1 0 0 0 0 0 0 0 
0 0 0 2 1 0 0 1 0 0 1 1 0 0 0 0 0 1 0 1 
0 0 0 0 0 0 0 0 0 0 0 0 1 0 1 1 1 1 3 1 
0 0 2 0 2 0 0 1 3 1 0 0 1 0 0 0 2 0 1 0 
2 0 0 2 0 1 2 0 0 0 0 0 0 0 0 0 0 0 0 0 
0 0 0 1 0 1 0 1 1 3 0 2 0 0 0 0 0 0 1 1 
0 1 0 0 0 0 1 0 0 1 0 0 0 1 0 0 0 0 0 0 
1 0 0 0 0 0 0 0 1 1 0 0 0 0 0 0 0 1 0 1 
0 2 1 0 1 1 0 0 0 0 0 0 0 0 0 0 0 0 1 2 
0 0 1 0 0 0 0 0 0 1 0 1 1 0 0 0 0 2 0 0 
0 0 0 1 0 0 1 0 0 3 0 0 0 1 1 1 0 0 0 0 
3 0 0 0 2 0 1 1 0 1 1 0 1 0 0 2 2 0 2 0 
0 0 0 0 1 0 0 1 3 0 1 0 2 1 0 0 0 0 0 0 
0 0 0 0 1 2 0 0 0 1 0 1 0 1 0 0 1 0 0 0 
2 0 2 0 1 0 0 0 0 0 1 0 0 0 0 2 2 1 1 0 
1 0 1 0 0 1 0 1 0 0 1 0 0 0 0 1 2 1 0 0 
0 1 0 0 0 0 0 0 0 0 0 1 0 1 0 2 0 0 0 1 
0 0 1 0 0 1 1 0 1 0 0 0 1 1 2 1 0 1 0 0 
0 2 0 0 0 0 0 1 0 1 2 1 0 3 0 0 1 0 0 0 
0 0 0 0 0 1 1 0 0 0 0 0 0 0 0 2 1 0 0 0 
0 0 1 0 1 0 0 0 0 1 0 1 0 1 0 0 0 0 0 0 
0 0 1 0 0 0 0 0 1 0 0 0 0 0 1 0 1 1 0 0 
1 2 2 1 1 0 0 0 1 1 2 1 0 0 0 0 0 1 0 0 
0 0 0 0 1 1 0 0 0 0 0 1 0 0 0 0 1 0 1 0 
1 1 0 1 0 1 0 1 0 0 1 0 0 1 0 1 0 2 0 0 
0 0 1 0 1 1 1 0 0 0 0 0 0 0 0 1 0 0 1 0 
0 0 1 0 1 0 0 0 0 2 0 0 0 0 1 0 0 0 2 0 
0 0 0 1 0 0 0 0 0 2 1 0 0 0 0 0 0 1 1 0 
2 0 1 0 0 0 1 0 0 1 1 1 0 0 0 0 0 0 0 1 
0 1 2 0 0 1 1 1 0 1 1 0 0 0 0 1 1 0 0 0 
0 1 1 0 0 0 0 0 0 1 0 0 0 1 1 0 0 0 2 1 
0 0 0 0 1 3 1 0 1 0 1 0 0 1 0 1 0 0 1 1 
1 2 0 0 2 2 0 0 0 0 0 1 0 2 1 0 0 1 0 1 
0 0 1 0 0 2 0 0 1 0 1 0 0 1 2 0 3 0 0 1 
0 0 1 0 0 0 0 2 0 2 0 0 0 0 0 0 1 0 0 1 
0 1 0 0 0 0 0 0 0 0 0 0 2 0 1 0 0 0 0 0 
0 0 0 0 1 0 0 1 2 0 1 0 0 0 0 0 0 0 0 1 
1 0 0 0 0 0 0 0 1 0 0 0 0 0 0 0 0 0 1 0 
0 1 0 0 0 1 0 0 0 0 1 1 0 1 1 0 0 0 0 0 
0 0 0 2 0 0 0 1 1 0 0 0 0 1 0 2 1 0 2 0 
0 0 0 0 0 0 0 0 0 0 1 0 1 0 0 0 0 0 0 0 
1 0 2 0 0 0 0 0 0 1 0 1 0 0 0 0 1 0 0 1 
1 0 2 0 0 0 0 0 0 0 0 3 0 0 1 1 0 2 2 1 
0 1 0 0 0 0 2 0 1 0 2 0 0 1 0 1 2 0 1 0 
1 0 0 0 0 0 1 0 1 0 0 0 2 0 0 0 0 1 0 1 
1 0 2 1 0 1 0 1 1 0 0 1 0 1 1 1 0 2 0 0 
0 0 0 1 0 0 0 0 0 0 1 0 0 0 0 0 0 0 1 0 
1 0 1 0 1 0 0 1 0 0 1 0 0 0 0 0 2 1 2 0 
0 0 0 0 0 1 1 0 0 0 1 0 0 0 1 0 0 0 0 1 
0 0 0 1 3 0 0 0 0 0 1 0 0 0 1 0 0 1 0 0 
0 0 1 0 0 0 0 2 0 0 0 0 0 1 0 0 0 0 1 1 
0 1 0 0 0 0 0 0 0 0 0 0 0 0 0 1 0 0 0 0 
1 0 0 0 0 0 0 0 0 0 1 0 1 0 0 0 0 0 1 0 
0 1 0 0 1 0 0 1 1 0 0 0 0 0 0 2 1 0 1 0 
1 0 1 1 0 0 1 0 0 0 0 0 0 0 2 0 0 1 0 1 
0 1 0 0 0 0 1 0 0 0 1 1 0 0 0 0 0 0 2 0 
0 0 0 0 0 0 0 0 0 0 1 0 0 1 2 1 0 0 0 0 
0 1 0 0 0 0 1 0 0 0 0 2 0 2 0 0 1 0 0 0 
0 0 1 0 0 0 0 1 0 0 0 0 0 0 0 0 0 1 1 0 
0 0 0 0 0 2 0 0 0 0 1 2 1 1 0 0 0 1 0 0 
0 0 2 1 0 1 0 0 0 0 1 0 0 1 0 0 0 0 1 0 
0 0 0 0 0 0 1 2 1 1 0 1 0 1 0 1 0 0 1 0 
0 2 0 0 0 0 0 0 0 0 1 1 1 2 0 1 1 1 0 0 
0 0 1 2 0 0 1 0 1 0 1 0 0 0 0 0 1 0 0 0 
0 1 0 0 3 0 1 0 1 1 0 0 0 0 0 2 0 1 0 0 
0 2 1 0 1 0 0 0 0 0 0 0 0 0 0 0 0 1 0 0 
0 0 1 0 0 0 0 0 1 1 0 0 0 0 1 0 0 0 0 2 
0 0 0 0 0 0 0 1 1 1 2 1 0 0 0 0 0 0 1 1 
0 0 0 1 1 0 0 0 3 0 0 0 0 0 0 1 1 0 0 0 
0 0 0 0 2 0 0 2 0 0 0 0 0 0 0 0 1 0 0 0 
0 2 1 0 0 1 0 0 1 0 1 0 0 1 0 0 1 0 0 0 
0 0 0 0 0 0 0 0 0 1 0 0 0 0 0 1 0 0 1 0 
0 2 0 0 0 0 1 0 0 0 0 2 1 0 0 0 0 0 0 0 
0 0 0 0 0 1 0 0 1 1 0 0 0 0 0 1 0 1 0 1 
0 0 0 0 0 2 0 0 0 1 0 0 2 0 0 0 0 0 0 0 
1 0 0 0 0 0 2 0 0 0 0 0 0 0 0 2 0 0 1 2 
2 0 1 0 1 0 0 0 0 0 0 1 0 0 0 0 0 0 0 1 
0 0 2 0 0 2 0 0 0 1 0 2 0 0 0 0 0 1 0 0 
0 0 0 0 0 0 0 0 0 0 0 1 0 0 0 0 0 0 0 0 
0 0 1 0 1 0 0 0 0 1 0 0 0 2 1 0 0 0 0 0 
0 1 1 0 2 1 1 0 0 0 0 0 0 1 0 0 2 0 0 0 
1 0 0 0 0 2 0 0 0 1 0 0 0 0 1 3 1 1 0 1 
0 0 0 0 0 0 1 1 0 0 0 0 0 0 0 0 1 0 0 1 
0 0 2 0 0 0 0 0 2 0 0 1 0 2 0 0 2 0 0 0 
0 1 1 0 1 0 0 0 2 1 0 0 0 0 1 0 0 0 0 0 
1 1 0 0 0 0 0 1 0 0 0 0 0 0 0 0 2 1 0 0 
0 1 0 1 1 0 0 0 0 1 0 1 0 1 0 0 1 0 1 0 
0 1 0 0 0 0 1 1 0 0 0 0 0 1 0 0 0 0 2 0 
0 0 0 1 2 0 1 0 0 0 0 0 1 0 0 0 0 0 1 0 
0 0 1 0 1 0 0 0 0 0 0 0 0 1 1 0 2 0 0 0 
0 1 0 0 0 0 2 1 0 0 0 0 0 1 1 1 0 0 0 1 
1 0 2 0 0 1 1 2 2 0 0 1 1 1 0 0 0 1 1 0 
0 1 0 1 0 1 0 0 0 0 0 0 1 0 1 0 0 0 0 0 
1 0 2 0 1 0 0 1 1 0 2 1 1 1 1 1 1 1 0 0 
0 0 0 1 0 0 0 0 0 0 1 1 0 0 0 0 0 0 0 0 
2 0 0 1 0 0 0 0 2 0 2 1 0 0 0 0 0 0 1 2 
0 0 0 0 0 1 1 1 0 1 0 0 0 0 0 1 0 1 1 0 
0 0 0 0 1 0 2 0 1 2 1 0 0 0 1 1 0 0 0 0 
1 0 0 1 0 0 0 0 0 0 1 0 0 0 0 0 0 0 1 0 
2 0 0 0 1 0 1 0 0 1 0 0 0 1 1 0 0 0 0 0 
1 1 0 1 0 0 0 1 0 2 0 0 0 2 0 0 1 0 2 1 
1 0 0 0 0 1 0 1 0 0 0 1 0 2 1 0 0 0 1 0 
1 0 0 0 2 1 0 0 0 0 0 1 0 0 0 0 0 0 0 1 
0 0 2 1 1 2 0 0 0 0 0 0 1 0 0 1 0 0 1 2 
0 0 0 0 0 0 0 0 0 0 0 0 0 0 1 1 0 0 1 0 
1 0 0 0 1 1 0 0 0 1 0 1 0 0 0 0 2 1 2 0 
2 0 1 0 0 0 0 0 0 0 0 2 0 0 0 0 2 0 0 0 
0 1 0 1 0 0 0 0 0 1 1 2 0 1 0 1 0 1 0 0 
1 0 0 0 1 0 1 0 1 0 0 0 1 0 0 0 0 0 0 0 
0 1 0 0 0 0 0 0 0 0 0 0 1 0 0 1 1 0 0 0 
0 1 1 1 0 0 0 0 0 0 0 1 0 0 1 0 0 0 1 0 
0 0 0 1 1 0 0 1 0 1 2 0 1 0 0 1 2 1 1 0 
0 0 1 0 0 1 0 2 0 0 0 0 0 0 0 0 0 0 0 2 
0 0 0 0 0 1 0 0 0 0 0 0 0 0 0 0 1 0 0 0 
0 0 0 0 0 0 1 0 0 1 1 0 0 1 1 0 0 0 0 1 
0 0 0 0 0 0 0 0 0 1 0 0 0 0 0 0 2 0 0 0 
0 1 0 0 2 0 0 0 0 1 1 1 0 0 0 1 0 0 2 0 
0 1 0 0 1 0 0 0 0 0 1 0 0 0 0 2 0 0 0 0 
0 0 0 1 2 0 0 0 1 1 0 1 0 0 1 0 1 0 0 0 
0 0 1 1 1 0 0 0 0 0 0 0 0 0 0 1 0 1 1 0 
0 1 0 1 0 2 1 0 0 0 0 0 0 1 1 0 0 0 1 0 
0 0 1 0 0 1 2 0 0 1 1 0 0 2 0 0 3 0 1 0 
0 1 1 0 0 1 0 1 0 0 1 0 0 0 1 0 0 1 0 2 
1 1 0 0 0 1 1 0 1 0 0 0 0 1 0 0 0 3 0 1 
0 1 0 0 0 1 0 0 1 0 0 0 0 0 0 0 0 0 1 0 
2 0 0 0 0 1 0 1 0 2 1 0 2 0 1 0 0 0 0 0 
0 0 0 0 0 0 0 0 1 0 0 0 0 0 0 0 0 1 0 1 
0 0 0 0 0 2 0 0 0 0 0 0 1 0 0 1 1 0 0 1 
1 0 0 1 0 0 0 0 1 0 0 0 0 1 0 1 0 0 0 1 
1 0 0 0 0 0 0 1 2 0 0 1 0 1 1 0 0 1 0 0 
1 1 0 0 0 0 1 0 2 1 0 0 0 1 0 0 1 1 0 1 
0 1 1 0 0 1 2 2 0 0 0 0 0 0 0 0 0 0 1 0 
0 1 1 0 1 2 0 0 1 0 1 1 0 1 0 0 1 1 0 0 
1 1 0 0 1 0 1 1 0 1 0 0 1 1 0 2 0 0 0 0 
0 0 0 0 2 0 0 0 0 2 0 0 0 0 2 0 1 0 0 0 
0 1 0 0 0 1 0 0 0 1 0 0 0 0 0 0 0 0 0 1 
0 0 0 1 2 1 0 0 2 1 1 0 1 1 1 0 2 0 0 0 
0 0 0 0 1 0 0 1 0 0 0 0 0 0 0 0 0 1 0 1 
1 0 0 1 0 0 0 0 0 0 0 0 0 0 1 0 0 1 0 0 
0 1 2 0 0 0 0 0 1 0 0 1 0 1 0 0 0 1 0 0 
1 0 0 0 1 0 0 0 0 1 0 1 0 1 0 2 1 0 2 0 
1 0 0 1 0 0 0 0 0 1 0 0 0 0 1 2 0 1 0 0 
0 0 0 0 0 1 0 1 0 1 0 0 0 0 0 1 0 1 0 1 
1 1 1 0 1 0 0 0 0 0 0 1 0 1 1 1 0 0 0 0 
0 1 0 0 0 0 0 0 1 0 0 0 0 1 0 1 0 0 1 0 
1 0 0 0 0 0 0 0 0 0 0 0 0 1 0 0 0 1 0 0 
0 0 1 0 2 0 2 0 0 0 2 1 0 0 0 0 0 0 1 1 
2 0 0 0 0 0 0 1 0 2 2 0 0 0 1 1 0 0 0 0 
0 0 0 2 1 0 1 0 1 0 1 0 1 0 1 0 0 0 1 0 
1 0 0 1 0 0 0 0 0 0 1 0 0 0 0 0 0 0 0 1 
1 0 0 0 0 0 0 1 0 0 0 0 2 1 0 0 1 0 2 2 
1 0 0 2 1 0 0 0 0 2 0 0 0 1 0 0 2 0 0 0 
0 1 1 1 2 0 1 0 1 1 0 1 0 0 1 0 0 1 1 1 
1 0 0 0 0 0 2 0 0 1 0 0 2 0 0 1 0 0 0 0 
0 0 0 1 0 0 0 0 3 0 2 1 0 0 0 0 0 1 0 0 
0 0 3 1 1 2 0 0 0 0 1 0 0 0 1 0 0 0 0 0 
0 1 0 0 0 2 1 1 1 0 0 0 0 1 0 0 0 0 0 1 
1 0 2 1 0 0 1 2 0 0 1 0 0 1 0 0 0 1 0 0 
0 0 1 1 0 1 0 0 1 1 0 0 3 0 0 0 1 0 0 0 
0 0 1 0 0 0 0 0 0 0 0 1 0 0 0 0 1 0 2 0 
1 0 0 1 0 1 1 0 0 0 0 0 0 0 0 1 0 1 0 0 
0 1 0 0 0 0 0 0 2 0 1 2 0 1 0 0 0 0 1 1 
0 0 0 0 0 1 0 0 1 0 0 0 1 0 0 1 0 0 0 0 
0 0 2 0 3 0 0 0 0 0 0 0 1 0 2 0 1 0 1 0 
0 0 0 0 1 0 0 1 1 1 2 0 1 0 0 0 1 0 1 2 
0 1 0 0 2 0 0 0 1 1 0 1 0 1 0 0 1 1 0 1 
0 0 2 0 0 0 0 0 1 1 0 0 1 1 0 1 0 0 0 0 
0 1 1 0 1 1 1 0 0 0 1 0 0 0 2 0 1 0 1 1 
0 1 0 0 0 0 1 0 1 0 0 0 1 2 0 0 1 0 0 1 
0 0 1 0 1 0 0 0 0 0 0 1 0 0 2 0 0 1 1 0 
0 1 0 0 0 3 0 1 1 0 2 0 0 0 0 0 0 1 0 0 
0 2 0 1 0 1 1 2 0 0 0 0 1 0 0 0 0 2 0 1 
1 0 0 0 0 0 1 0 1 0 1 1 0 0 0 0 0 1 0 0 
0 2 0 0 1 0 0 1 0 0 0 0 1 0 0 0 0 0 0 0 
0 1 2 0 1 0 1 1 1 1 0 0 0 0 0 0 0 0 0 1 
0 0 1 0 0 1 0 2 1 1 0 0 0 0 2 0 0 0 1 0 
0 1 1 0 0 1 0 1 2 0 1 0 0 1 0 0 0 0 0 0 
0 1 1 0 0 0 1 0 0 0 1 0 0 1 0 0 1 0 1 0 
2 0 0 0 0 0 1 0 0 0 0 0 0 0 0 0 2 1 0 0 
0 0 0 0 1 0 0 0 0 0 0 0 0 1 0 1 0 0 0 1 
0 0 2 0 0 0 1 1 0 0 1 0 0 0 0 0 0 1 0 0 
0 0 0 0 0 1 1 0 0 0 0 1 0 1 0 0 1 0 3 0 
1 0 1 1 1 0 1 0 0 1 1 0 0 0 1 0 0 0 1 0 
0 0 0 0 0 0 1 0 2 0 0 0 0 0 1 0 0 2 1 0 
0 0 0 0 0 1 1 0 1 0 0 0 0 0 2 1 0 0 0 0 
1 1 0 0 0 1 0 1 0 0 0 1 0 0 0 1 0 0 0 0 
2 1 0 0 1 0 0 0 0 0 1 0 0 0 0 0 0 0 1 0 
0 0 0 0 0 0 0 0 0 0 1 1 0 0 0 1 0 2 0 0 
0 0 0 0 0 0 0 2 0 0 0 0 0 0 0 0 1 0 0 0 
0 0 0 0 1 0 0 1 0 0 0 0 1 0 0 2 0 1 0 0 
1 0 0 0 1 1 0 0 0 0 0 0 1 1 0 0 0 0 0 0 
1 0 0 0 0 0 0 0 1 1 0 0 1 0 0 1 0 0 1 0 
0 1 0 0 0 0 0 0 1 1 2 0 0 0 0 0 0 0 0 0 
0 0 0 0 0 1 1 1 0 0 1 0 1 1 0 0 0 0 1 0 
0 0 0 0 0 0 0 1 0 2 1 0 1 0 0 0 0 0 0 0 
0 0 1 0 1 1 0 0 0 0 0 0 0 0 0 1 0 0 0 1 
0 0 0 0 2 1 0 0 4 0 1 0 0 1 1 0 2 1 0 0 
0 1 0 0 0 0 0 0 0 0 0 0 0 0 0 0 0 0 1 0 
0 0 0 1 1 1 0 0 0 1 0 0 0 0 1 0 0 1 2 0 
0 0 1 0 0 0 0 2 1 0 0 2 0 0 1 0 0 0 0 0 
0 0 2 0 0 1 0 0 1 0 1 0 0 1 0 0 0 0 0 0 
0 0 0 0 0 0 0 1 0 0 0 1 0 0 1 0 0 2 0 1 
2 1 1 0 0 0 0 0 0 1 0 1 0 0 0 1 0 0 0 1 
0 1 0 2 0 1 1 0 0 0 0 0 1 0 0 0 0 0 1 2 
0 0 0 0 0 0 1 0 0 1 2 0 0 1 0 0 1 1 0 1 
0 0 0 0 1 1 2 0 1 0 0 1 0 0 2 1 0 0 0 0 
0 0 0 0 0 0 0 1 0 1 2 0 0 0 0 0 0 1 0 0 
0 0 1 0 0 0 1 0 0 0 0 1 1 0 0 0 0 0 1 0 
0 0 0 0 1 0 1 0 0 1 0 0 0 0 0 1 0 0 0 0 
0 0 1 0 1 0 0 1 0 0 0 0 0 0 0 0 0 0 0 0 
0 0 0 0 0 0 0 0 0 0 1 0 0 0 0 0 0 0 0 0 
1 0 1 0 0 0 0 2 1 0 0 0 0 2 0 1 0 0 2 0 
1 0 0 0 0 0 0 0 0 0 0 0 1 0 1 0 0 0 0 0 
0 0 0 0 0 0 0 0 0 1 1 0 0 0 1 0 0 1 0 0 
0 1 1 2 0 0 0 0 0 0 0 1 0 0 0 0 0 0 0 0 
0 0 1 0 0 0 0 0 0 0 0 0 1 0 0 0 0 0 2 0 
2 0 0 1 0 0 1 0 0 0 0 0 1 0 0 0 0 2 0 0 
0 2 0 0 1 0 0 3 0 0 0 2 0 1 2 0 0 0 0 0 
0 0 0 0 0 0 0 0 0 0 0 0 1 1 0 0 0 0 1 2 
1 0 0 1 1 1 0 0 0 0 2 0 0 0 0 0 0 0 1 2 
0 0 1 0 1 0 1 0 0 0 0 0 0 1 0 0 0 1 0 0 
0 0 1 1 0 2 0 2 0 0 1 0 0 0 0 0 1 0 0 0 
0 0 0 0 1 0 1 0 1 0 2 0 0 0 0 1 0 0 2 0 
0 0 1 0 1 0 0 0 0 0 1 0 0 0 1 0 0 0 0 0 
0 0 1 0 0 1 1 2 1 0 0 0 0 2 0 2 0 0 1 0 
1 1 0 0 0 0 0 0 0 0 0 0 0 0 0 0 0 1 1 0 
2 0 0 0 0 1 0 0 0 0 0 0 0 0 0 1 0 0 0 2 
0 0 1 0 0 0 0 1 0 1 0 1 1 0 0 0 0 1 1 0 
0 0 0 0 0 0 0 0 0 0 0 1 0 0 2 1 2 0 0 0 
0 0 0 0 0 0 0 0 1 0 0 1 1 0 0 0 1 0 1 1 
0 0 0 0 0 0 0 0 0 0 1 0 0 0 2 0 0 0 0 0 
0 0 0 0 0 1 1 1 0 1 0 0 0 1 0 0 0 1 0 0 
0 0 0 0 0 1 0 0 1 1 0 1 0 0 1 1 0 0 1 0 
0 0 0 0 0 0 0 0 1 0 2 1 0 0 1 1 0 1 2 0 
0 0 0 1 0 0 0 0 0 0 0 0 1 0 0 0 1 0 0 0 
0 0 0 1 0 1 0 1 0 0 0 0 0 0 0 0 0 1 0 0 
0 0 0 1 1 0 0 1 1 1 0 0 1 0 2 1 1 1 0 0 
0 1 0 1 2 0 0 1 1 1 0 0 0 0 0 1 0 1 0 1 
0 1 0 1 0 0 0 0 0 1 0 1 0 1 0 1 1 0 1 1 
0 1 1 0 0 0 1 1 0 0 2 0 1 0 1 0 0 0 0 0 
0 0 0 1 1 0 1 0 0 0 0 1 1 0 0 2 0 1 0 0 
0 0 0 0 1 0 2 0 0 0 0 0 0 0 0 0 0 2 1 2 
0 0 2 2 0 0 0 2 2 0 0 0 0 0 1 2 0 1 1 0 
0 1 0 1 1 0 0 1 0 0 0 0 0 0 0 1 0 0 1 2 
0 0 0 1 1 0 0 0 0 0 0 2 0 1 0 0 0 0 0 0 
2 0 0 0 0 1 0 0 1 1 1 0 0 0 1 1 0 1 1 0 
0 0 1 1 0 0 1 0 0 1 0 0 0 0 0 2 1 0 1 0 
0 1 2 0 0 1 0 0 0 1 1 0 0 0 0 0 0 1 1 1 
0 0 2 0 0 1 0 0 1 1 0 0 1 1 0 2 0 1 0 1 
0 0 0 1 0 1 1 1 0 0 1 0 0 0 0 0 1 0 1 0 
0 0 0 0 0 0 2 0 0 0 2 0 0 1 0 0 1 0 2 0 
1 2 0 0 0 1 1 0 1 1 0 0 1 0 0 1 1 1 0 0 
0 2 0 0 0 0 0 1 3 1 1 0 0 1 0 0 0 1 0 0 
1 2 0 0 0 0 0 0 2 1 0 0 0 2 0 0 2 0 0 0 
0 0 0 0 0 1 1 1 0 0 0 1 1 1 0 2 0 1 1 0 
1 2 0 1 2 2 0 0 1 0 0 1 0 0 0 1 1 2 2 1 
0 0 0 0 2 1 0 0 0 1 2 1 0 0 0 1 0 0 1 0 
1 0 0 0 0 0 0 0 0 0 0 0 1 0 0 0 1 1 0 0 
0 1 2 1 0 1 0 0 0 1 0 0 0 1 0 2 0 0 0 0 
0 1 0 0 0 1 0 0 0 1 1 0 0 0 0 2 1 0 1 0 
1 0 0 0 0 2 1 0 0 0 0 1 2 1 1 1 0 1 0 0 
0 0 0 0 1 2 1 0 0 1 0 1 0 0 0 1 0 0 0 2 
0 0 1 0 1 2 0 0 0 0 0 0 1 0 1 0 0 1 0 0 
0 1 1 1 0 0 2 0 2 0 0 0 0 0 3 1 0 0 0 1 
0 0 0 2 1 0 1 0 0 0 1 0 0 0 0 1 0 0 0 0 
0 0 0 2 0 1 0 0 1 0 0 0 0 0 0 0 0 0 1 0 
1 0 0 0 1 0 0 0 0 0 0 0 0 0 0 1 0 0 0 1 
1 0 0 0 0 0 0 1 0 1 0 0 1 1 0 0 0 1 0 0 
0 1 1 1 2 1 0 1 0 1 0 0 1 0 1 1 0 0 0 1 
0 0 2 0 0 2 2 0 1 0 0 0 2 1 0 0 0 1 0 0 
1 0 0 1 0 0 0 0 0 0 0 0 1 0 1 0 0 0 1 0 
3 2 0 0 0 0 0 0 1 0 0 1 1 1 1 1 0 0 0 1 
0 0 0 1 1 0 0 0 0 1 0 0 0 0 0 0 0 0 1 0 
1 2 0 1 2 0 1 1 0 0 1 0 0 1 0 0 2 1 0 0 
0 0 1 0 0 1 0 0 0 0 0 1 0 0 0 1 0 1 0 0 
0 0 0 1 0 1 1 2 0 0 1 0 2 0 0 0 0 0 0 0 
0 0 1 0 0 0 0 2 0 2 0 0 1 0 0 0 1 2 0 0 
0 1 1 0 0 0 0 0 1 0 0 1 0 1 1 0 0 0 0 0 
0 1 2 0 0 0 0 1 0 0 0 1 0 0 0 0 1 0 2 0 
0 0 0 1 0 1 1 0 1 0 1 1 2 0 0 0 0 0 0 0 
0 0 1 1 0 0 1 2 0 1 0 0 0 1 0 0 0 0 2 0 
0 0 0 0 1 0 0 2 0 0 1 0 0 0 0 0 0 1 0 1 
0 0 0 0 2 0 0 0 0 0 1 0 1 0 0 1 1 0 0 0 
1 2 0 0 1 0 0 1 0 0 0 0 1 0 0 0 3 0 1 0 
0 1 1 0 1 1 0 0 0 0 0 1 1 0 0 0 0 0 0 0 
0 0 0 1 1 0 1 0 3 0 1 1 0 0 0 0 0 0 0 0 
1 2 0 0 0 2 1 0 0 0 2 0 1 0 0 0 0 0 0 1 
0 1 0 0 1 2 0 0 0 0 0 1 0 3 0 0 0 1 0 0 
0 0 0 0 0 0 0 1 1 2 0 0 1 0 0 0 0 0 0 2 
0 0 0 0 1 0 1 1 0 0 0 0 1 0 0 0 0 2 0 0 
2 0 0 1 0 0 2 0 1 0 1 0 1 0 0 0 0 0 0 0 
0 0 1 0 1 0 2 1 1 0 0 1 1 0 1 0 1 0 0 0 
0 0 0 0 1 0 1 0 0 2 0 1 0 1 0 1 2 0 0 1 
1 1 0 0 1 0 1 0 1 0 2 0 0 0 0 0 0 1 0 1 
0 2 3 0 0 0 0 1 0 0 0 0 4 0 0 3 0 1 0 0 
0 0 1 0 0 1 0 0 0 0 0 0 0 0 2 0 0 0 0 0 
0 0 0 0 1 1 0 1 2 0 1 1 0 1 0 0 0 0 0 1 
0 1 0 0 0 1 0 0 0 0 3 1 0 0 0 0 0 0 0 0 
0 0 0 0 0 0 0 1 2 0 0 0 0 0 0 0 1 3 1 0 
0 0 0 1 1 0 0 1 0 1 0 0 1 0 0 1 1 0 0 0 
1 0 0 0 0 0 1 0 0 1 0 0 1 1 0 1 0 2 0 2 
1 1 0 0 0 1 0 0 0 0 2 0 2 1 0 1 0 0 1 0 
0 0 1 0 0 1 0 2 0 1 0 1 0 2 0 1 0 0 0 0 
0 0 0 0 0 1 0 0 1 1 0 2 0 0 1 0 2 0 0 1 
1 3 1 0 0 1 0 0 0 0 0 0 0 0 0 1 0 1 0 1 
0 0 0 0 2 0 0 1 0 0 1 2 0 1 0 0 1 0 0 0 
0 1 1 0 0 1 0 0 1 1 0 1 1 1 1 0 0 0 0 0 
0 0 1 1 0 0 0 0 0 0 0 0 0 0 0 0 0 0 1 0 
0 2 0 0 0 1 0 0 0 0 0 0 0 0 0 0 2 1 0 0 
0 0 0 0 0 2 0 0 0 1 2 1 1 0 0 0 0 0 0 1 
0 2 0 1 0 1 0 1 2 2 2 2 1 0 1 0 0 0 0 1 
0 0 0 1 0 0 0 1 1 0 0 0 0 0 1 0 0 1 0 0 
0 2 0 0 1 0 2 0 0 0 0 0 2 1 1 1 0 0 1 0 
0 1 0 0 1 0 1 0 0 2 0 0 0 0 0 0 0 1 1 0 
0 0 1 1 0 1 0 0 0 0 0 0 1 1 1 0 0 0 0 0 
0 0 0 0 1 0 0 0 0 0 0 0 0 0 0 1 1 1 0 1 
0 1 0 2 0 0 0 0 1 0 0 0 0 0 1 1 0 0 0 1 
0 0 0 1 1 0 0 0 0 0 2 2 0 0 0 1 1 0 1 1 
1 0 0 0 0 0 0 0 0 0 0 1 0 0 0 0 0 0 1 0 
0 1 0 0 0 0 0 0 0 0 0 1 0 0 1 0 0 0 1 0 
0 0 1 1 1 0 0 0 0 0 0 0 1 0 0 2 0 0 0 0 
1 0 0 0 0 0 0 0 1 0 0 0 1 0 0 1 0 0 0 1 
0 1 2 0 0 0 0 0 1 1 0 2 0 0 0 0 0 0 1 0 
0 0 0 1 0 1 0 0 0 0 1 0 0 1 0 1 2 0 0 1 
0 0 0 0 0 0 0 0 1 1 0 0 0 1 0 3 0 1 0 0 
0 0 0 0 0 0 0 0 0 1 0 0 0 0 1 0 1 0 1 0 
2 0 2 2 0 2 0 0 2 1 1 1 0 0 0 0 1 1 0 0 
0 1 0 0 0 0 1 0 1 2 1 0 1 1 0 2 0 0 1 0 
1 1 0 1 0 1 0 0 0 0 1 0 1 0 0 1 0 1 1 1 
0 0 0 0 2 0 0 0 0 1 0 0 1 0 1 1 0 1 0 0 
0 0 0 0 0 0 0 0 1 1 0 2 0 0 0 2 0 0 0 0 
1 1 0 1 1 1 0 0 0 0 0 0 1 0 0 0 2 2 0 0 
0 1 0 0 2 0 1 1 0 0 0 0 0 0 3 0 0 1 0 2 
1 0 0 0 1 0 0 1 0 1 0 1 0 0 1 1 0 0 0 0 
0 1 0 0 2 1 0 1 0 1 0 0 0 0 1 0 0 0 0 0 
0 0 0 0 0 0 1 0 1 1 2 0 0 0 1 1 0 0 1 1 
1 0 1 0 0 3 0 0 0 1 0 0 0 0 0 0 0 0 0 0 
0 0 0 0 0 1 1 2 0 0 0 1 0 1 0 2 0 0 0 1 
1 0 0 0 1 0 0 0 0 0 1 0 1 0 0 0 0 0 1 0 
1 0 0 0 1 1 0 1 1 1 0 0 0 0 1 0 0 0 0 0 
0 1 0 0 1 1 0 0 0 0 0 0 0 0 0 1 0 1 0 0 
0 0 0 1 0 0 0 0 0 0 1 0 0 0 1 0 0 1 0 0 
1 0 0 1 1 0 0 1 0 0 0 2 2 0 1 0 0 0 2 1 
1 0 0 0 0 0 0 0 1 2 1 2 0 0 0 0 0 0 1 0 
0 0 0 0 2 0 0 0 1 0 0 0 0 1 0 0 1 0 1 0 
1 0 2 0 0 0 0 0 0 0 0 0 1 0 1 0 0 0 1 0 
0 0 0 0 2 0 0 0 1 0 0 1 2 0 2 0 1 0 0 0 
2 0 0 0 0 0 0 1 1 2 0 0 1 0 0 0 0 1 0 0 
1 0 0 0 1 1 0 0 1 0 1 2 0 1 0 0 1 1 0 1 
0 0 0 0 1 0 0 0 1 1 0 2 1 0 0 0 1 1 1 1 
1 0 0 0 0 0 0 1 2 2 0 0 0 2 0 1 0 0 0 2 
3 0 0 0 0 0 0 0 1 1 0 0 0 2 0 0 0 0 0 0 
1 0 0 0 0 0 0 2 0 0 0 0 0 0 1 0 1 0 1 0 
0 1 0 1 1 0 0 0 0 1 3 1 1 0 0 0 0 2 0 0 
0 0 0 0 0 0 0 1 0 0 0 0 0 0 0 0 0 1 1 0 
0 1 0 0 0 0 1 0 0 1 1 0 0 1 0 0 0 0 0 0 
0 0 0 0 1 0 0 0 0 1 1 0 0 1 1 1 0 0 0 0 
0 0 0 1 0 1 0 0 0 0 1 0 0 0 0 0 0 0 1 0 
0 0 1 0 0 1 0 1 0 0 0 0 1 0 0 1 0 0 0 1 
0 0 0 0 0 0 1 0 0 0 0 0 1 0 2 0 0 0 0 1 
1 1 1 0 0 1 0 0 0 0 0 1 1 0 0 0 2 0 0 0 
0 0 0 0 1 1 0 0 0 0 2 1 1 0 2 2 0 0 1 0 
1 1 0 1 0 0 1 0 0 1 0 2 2 2 0 0 0 1 1 0 
1 1 0 0 1 0 0 0 0 0 0 0 2 0 0 0 1 0 0 0 
0 0 0 0 0 0 0 1 0 0 0 0 1 0 2 0 0 1 0 2 
0 1 0 0 0 0 1 0 0 0 0 1 0 2 0 0 0 0 0 1 
1 1 0 1 0 1 0 1 0 0 0 0 2 0 0 0 0 0 0 1 
0 0 0 0 0 0 0 1 0 1 1 0 0 0 0 1 1 0 1 1 
3 0 2 3 0 1 0 0 0 0 1 0 1 0 0 0 0 0 0 0 
0 0 0 0 0 0 0 1 0 0 1 0 0 1 0 0 0 0 0 0 
0 0 2 0 0 0 1 0 1 0 0 1 0 0 0 1 0 0 0 0 
0 0 0 0 0 1 1 0 0 1 0 1 0 1 0 0 0 1 0 0 
0 0 2 0 0 1 2 0 1 0 0 0 2 0 0 1 0 0 1 0 
0 0 1 2 0 0 0 1 0 0 0 0 0 0 1 0 0 0 0 1 
0 0 0 2 1 0 0 0 0 1 0 1 0 0 1 1 0 0 0 1 
2 0 0 1 1 1 1 1 0 1 0 0 0 0 0 0 0 0 0 0 
1 0 0 1 1 1 0 0 0 0 0 0 2 0 0 0 0 0 0 0 
0 0 2 0 0 0 0 0 0 0 1 2 0 1 1 0 0 0 0 1 
0 0 1 0 0 0 0 0 1 2 0 0 0 0 0 0 0 0 0 0 
0 1 0 0 0 0 0 0 0 0 0 0 1 1 2 2 0 1 0 0 
0 1 0 0 0 0 0 0 0 0 2 0 0 1 1 0 2 0 0 1 
1 1 0 0 0 0 0 1 0 0 1 0 0 0 1 2 0 0 1 0 
0 0 0 0 1 2 0 0 0 0 0 0 1 0 1 0 0 0 1 2 
0 2 0 0 1 0 0 0 0 0 0 0 0 0 1 1 1 0 0 2 
0 0 0 0 1 0 0 0 0 0 0 0 0 0 0 0 0 0 0 0 
0 0 0 1 0 0 0 0 0 1 2 1 0 0 0 2 0 0 1 0 
0 1 0 0 0 0 0 0 0 0 0 0 0 0 1 1 0 0 1 1 
1 0 1 0 0 0 1 0 1 0 1 0 0 1 0 1 0 1 1 0 
0 1 0 0 0 0 0 1 0 0 0 0 0 0 1 2 0 0 0 2 
0 0 2 0 0 0 0 1 1 0 1 0 0 2 0 0 0 1 3 0 
0 0 0 0 0 1 0 0 0 0 0 0 0 1 0 1 0 1 0 0 
1 0 0 0 1 1 0 0 2 0 0 1 0 1 0 1 1 0 0 0 
0 1 0 2 0 1 0 0 1 0 0 2 0 2 0 0 0 0 0 0 
0 0 0 0 1 0 0 0 2 0 0 0 0 0 0 0 1 1 0 1 
1 0 1 0 1 0 1 1 1 0 0 0 0 0 1 1 1 0 0 1 
1 2 1 0 0 1 2 0 1 1 1 1 0 0 0 0 0 0 0 1 
0 1 0 0 0 0 1 2 0 0 0 0 1 0 0 1 0 0 1 1 
0 0 1 1 0 0 0 0 1 0 1 0 0 1 1 0 0 0 1 0 
0 0 1 1 2 1 0 0 1 0 1 2 0 0 0 0 1 1 0 0 
0 0 0 2 0 0 0 0 1 2 1 0 0 0 0 1 0 0 0 0 
0 0 0 0 0 0 0 0 1 0 0 0 0 1 1 0 0 0 0 0 
0 1 2 2 0 1 0 0 0 0 0 0 1 0 2 1 2 0 0 1 
0 0 0 0 1 0 3 0 0 0 0 0 0 0 1 0 1 0 0 0 
2 1 0 0 2 0 0 1 1 0 0 0 2 0 1 0 0 0 1 0 
0 0 0 0 0 1 0 1 0 0 0 1 0 1 2 1 0 1 0 0 
1 0 0 0 0 1 0 0 2 1 0 1 1 2 1 1 0 0 0 0 
1 0 0 1 0 0 0 0 0 2 1 0 0 0 0 0 0 0 0 0 
0 1 1 0 0 1 0 0 0 1 0 0 0 0 0 0 1 1 0 1 
0 1 0 0 0 0 0 0 1 0 0 0 0 1 0 0 0 0 0 1 
0 1 0 0 0 0 0 0 0 1 0 0 0 0 2 0 0 1 0 0 
0 0 0 0 1 0 0 0 1 0 0 1 0 0 1 0 0 0 0 0 
0 0 0 0 0 2 0 0 0 2 1 1 0 0 0 1 0 3 0 0 
0 0 0 0 0 0 0 0 1 1 0 1 0 0 1 1 0 0 1 0 
0 0 0 1 0 2 0 1 1 0 0 1 0 0 0 0 0 0 2 1 
0 0 2 3 1 0 0 0 0 0 0 0 1 0 0 1 1 2 1 1 
0 0 0 0 0 1 1 0 0 0 0 0 0 0 1 0 1 0 0 0 
1 1 0 1 1 0 0 1 0 0 1 0 0 0 0 0 1 2 0 1 
0 0 0 1 0 0 0 0 2 1 0 0 1 0 0 0 1 0 2 0 
0 0 0 0 0 0 0 0 0 0 0 1 1 0 0 0 0 1 1 0 
1 0 0 2 0 3 1 0 2 0 0 0 0 0 0 0 0 1 1 0 
0 0 1 0 0 0 0 0 1 1 0 0 0 0 0 0 2 1 0 0 
0 1 0 0 0 0 0 1 0 0 1 0 0 0 0 1 1 0 0 1 
0 0 0 2 0 1 1 2 1 0 0 0 0 0 0 0 1 0 0 1 
0 1 0 0 0 0 1 0 0 0 0 1 0 1 0 1 0 1 1 0 
0 0 0 0 0 0 0 1 0 0 0 0 0 0 1 0 1 2 0 0 
0 1 0 0 0 0 0 0 1 1 0 0 1 0 0 1 0 1 1 1 
0 0 0 0 0 0 0 1 0 0 0 0 1 0 0 0 0 0 0 2 
0 1 0 1 0 0 2 0 1 0 0 1 0 0 0 0 0 1 0 0 
0 0 2 1 0 0 1 1 1 1 1 0 0 0 0 0 0 0 0 0 
0 0 0 0 0 0 0 0 1 0 0 0 0 1 2 0 0 0 0 2 
1 0 0 1 0 1 0 0 1 0 1 0 1 0 0 0 0 1 1 0 
0 0 0 1 0 1 0 0 0 2 1 1 0 0 0 0 0 0 0 0 
0 1 2 0 0 1 1 1 0 0 1 0 0 0 0 0 2 1 0 1 
0 0 1 0 2 0 0 0 0 0 1 1 1 0 1 0 0 1 0 0 
0 1 0 0 1 0 2 1 0 0 0 0 0 0 1 1 0 0 1 2 
2 3 0 1 0 0 0 0 0 0 1 0 0 1 0 1 0 0 0 0 
0 0 0 0 0 0 1 0 0 0 0 0 0 2 0 0 0 1 1 1 
0 1 0 2 1 1 0 0 0 0 1 0 1 1 0 0 0 2 1 0 
0 0 0 2 1 1 0 0 0 0 0 0 0 0 2 1 0 2 0 0 
1 1 0 0 0 0 0 1 1 0 0 0 0 0 0 0 0 1 0 0 
0 0 0 0 1 1 0 1 1 0 2 0 0 0 0 0 1 0 0 0 
1 0 0 0 0 0 0 0 1 0 1 0 0 0 1 0 1 1 1 0 
0 0 2 0 0 0 0 1 0 0 1 1 0 1 0 0 1 0 2 0 
1 0 0 0 1 1 0 0 3 0 0 1 0 0 0 2 2 0 1 1 
0 0 2 0 0 0 3 0 0 0 0 0 0 0 0 0 2 0 0 0 
0 0 0 0 1 0 0 0 0 0 0 0 0 0 1 0 0 0 0 0 
0 1 0 0 1 0 0 2 1 0 0 0 0 0 1 1 0 0 2 0 
0 0 2 0 0 0 1 1 1 1 2 0 1 0 0 0 1 1 0 0 
0 1 1 0 1 1 0 0 0 0 1 1 0 0 1 2 0 0 1 1 
1 0 0 0 1 0 0 1 0 0 2 0 1 0 1 0 0 0 0 0 
1 0 0 0 0 0 0 1 0 2 1 0 0 0 0 0 0 0 0 0 
0 1 0 1 0 0 0 0 1 1 0 0 1 1 1 0 0 0 0 0 
1 0 0 2 1 0 1 1 0 0 0 0 1 0 0 1 0 2 0 0 
0 0 0 0 0 2 0 0 0 0 0 0 0 0 3 0 1 0 2 0 
1 1 0 0 1 0 0 1 0 1 1 0 0 0 0 1 0 0 0 1 
0 2 1 0 1 1 0 1 0 0 0 0 0 0 0 0 0 2 0 0 
0 1 0 0 0 0 1 0 0 0 0 1 0 1 0 1 0 0 0 0 
0 0 1 0 0 0 0 0 0 0 0 0 1 0 0 0 0 0 0 0 
2 0 1 2 0 0 1 0 0 0 1 2 1 0 1 0 0 2 0 0 
0 0 0 0 0 2 2 0 0 1 2 0 0 0 0 1 0 0 1 0 
0 0 1 0 0 2 0 1 1 0 1 0 1 0 0 1 1 0 0 1 
0 1 0 0 0 2 1 0 0 1 0 1 1 0 0 0 1 1 0 0 
2 0 2 0 0 0 0 0 0 0 0 0 0 0 1 0 0 0 0 2 
0 0 1 0 0 0 0 0 0 2 0 0 0 1 0 0 0 2 1 0 
1 0 0 0 0 0 0 2 1 1 1 0 0 1 1 0 1 0 0 1 
0 0 0 0 1 1 0 1 0 0 0 0 1 1 1 0 0 0 0 0 
0 1 0 1 1 0 0 0 0 0 2 2 1 1 1 0 0 2 0 1 
0 0 0 0 1 0 0 0 1 1 1 0 0 0 1 0 1 0 1 0 
0 0 0 1 0 0 1 1 0 0 0 0 0 0 0 0 1 0 0 0 
0 0 2 0 2 1 0 1 0 0 0 0 1 0 0 1 1 0 0 0 
0 1 2 0 0 0 0 0 0 0 2 0 0 1 0 0 0 0 0 0 
0 0 0 0 0 0 1 0 0 0 1 2 2 1 1 0 0 1 0 1 
0 0 0 0 0 0 0 0 0 0 0 0 0 0 1 0 1 0 2 1 
1 1 0 0 0 0 0 0 0 1 1 2 0 0 0 1 0 1 0 1 
0 0 1 0 1 0 0 0 0 0 1 0 1 2 0 2 1 0 2 0 
1 0 1 0 0 0 0 1 3 0 1 0 0 0 0 0 1 0 0 0 
0 0 0 0 1 2 0 1 0 0 0 0 0 0 0 0 0 0 0 0 
1 1 0 0 0 2 0 0 0 2 0 1 0 2 0 0 2 1 0 1 
0 2 0 0 1 0 0 0 0 0 1 0 0 0 2 0 0 0 0 0 
1 0 1 1 0 1 2 0 1 0 1 0 1 0 0 2 0 1 0 1 
0 0 0 0 0 0 0 0 0 0 1 1 0 0 1 0 0 0 0 0 
0 0 1 0 1 0 1 0 0 0 0 1 0 0 0 0 0 0 1 0 
0 2 0 0 2 0 0 0 0 1 0 0 0 2 1 0 0 0 0 0 
0 0 1 0 1 1 0 2 1 0 1 0 0 1 1 0 0 0 0 0 
0 1 1 0 0 0 0 0 0 0 0 0 2 0 1 0 0 0 1 0 
0 0 0 0 0 1 0 0 1 0 1 0 0 0 1 0 2 0 1 0 
0 0 1 1 1 0 0 0 0 1 0 0 0 0 1 0 0 0 2 0 
0 0 0 3 1 0 0 0 1 0 2 0 0 0 1 0 0 0 0 0 
0 0 0 0 2 0 0 0 0 1 1 0 0 0 1 0 0 0 0 1 
1 0 0 1 0 0 0 1 1 0 1 0 1 1 1 0 0 0 0 0 
