1 3 0 0 1 4 1 0 28 64 31 86 143 532 880 537 296 61 36 292 
1 0 0 0 0 4 1 0 24 66 42 110 78 242 533 305 425 52 77 283 
0 1 0 0 1 0 3 0 25 31 32 116 43 338 291 284 534 120 111 448 
0 0 0 0 0 0 1 0 38 65 116 66 42 215 286 333 265 133 92 276 
1 1 0 0 1 3 0 1 54 30 113 109 35 112 192 236 245 116 124 345 
0 1 0 0 2 2 1 0 64 27 99 57 16 136 298 292 147 157 64 176 
0 2 2 1 0 0 0 0 72 15 178 45 23 40 107 348 268 89 186 336 
0 2 0 0 0 1 1 0 57 18 81 68 22 32 56 133 198 145 134 249 
1 0 0 0 0 0 0 0 74 13 111 33 10 24 71 273 211 186 79 197 
0 2 0 1 0 1 0 2 122 20 99 27 8 19 81 203 118 149 66 176 
1 0 0 0 0 0 2 0 169 20 124 22 8 6 68 151 200 201 84 117 
2 0 0 1 0 2 2 2 80 15 111 14 7 6 23 162 113 210 106 139 
1 0 0 0 1 1 2 0 77 15 88 1 8 7 25 108 97 147 122 144 
0 2 0 1 0 0 0 0 98 28 81 6 2 5 17 82 56 213 80 115 
0 0 0 0 0 0 1 0 49 11 76 3 6 4 11 87 79 201 77 113 
0 0 0 1 0 1 7 1 30 21 65 4 2 1 12 79 78 163 83 78 
0 1 0 0 1 1 1 1 19 29 67 1 1 1 3 52 39 117 88 118 
0 3 0 0 0 0 2 1 11 10 33 4 0 8 3 29 29 136 68 80 
0 1 1 0 0 0 5 2 13 26 45 1 1 5 0 40 13 98 136 115 
0 0 0 0 1 1 9 0 4 15 32 3 2 2 1 18 19 96 168 95 
0 1 1 1 0 1 6 1 15 21 53 0 1 2 6 19 6 91 76 104 
0 1 0 0 0 0 5 0 3 29 46 0 0 1 4 18 18 61 145 141 
0 0 0 0 0 0 3 0 3 9 54 1 0 1 9 14 12 70 44 196 
0 0 3 0 0 0 9 0 1 13 71 0 0 2 7 9 7 55 76 93 
0 0 1 0 0 0 6 0 0 8 73 1 0 0 1 29 8 47 43 100 
0 0 0 1 0 1 9 0 2 13 88 1 1 0 2 9 8 45 89 95 
0 0 0 1 1 0 8 0 5 6 30 1 1 0 2 21 4 34 104 166 
1 1 0 0 0 1 3 0 1 2 107 0 2 0 3 21 8 18 142 93 
0 0 0 2 0 0 6 0 3 2 66 2 0 0 1 26 4 31 103 76 
2 0 0 0 1 0 5 1 0 5 97 4 2 1 2 14 9 35 93 104 
0 0 0 1 1 0 7 0 0 2 55 1 0 0 0 3 5 23 74 92 
0 0 0 2 0 0 11 0 0 0 76 0 0 0 0 5 1 15 19 96 
0 0 0 0 0 2 8 0 1 1 45 0 2 0 0 0 0 14 26 50 
0 0 0 2 0 0 8 0 2 0 28 1 1 1 1 4 0 20 23 58 
0 0 0 1 0 0 8 0 4 0 10 0 2 1 0 3 0 15 14 79 
0 1 0 0 0 0 10 0 3 0 12 1 0 0 0 1 0 4 34 61 
0 0 0 0 0 0 8 0 0 2 12 1 0 1 0 0 0 7 33 59 
0 0 0 0 0 0 5 1 2 0 8 1 0 0 0 3 0 7 37 59 
0 0 1 0 0 1 10 0 0 0 9 0 0 2 0 6 0 15 36 77 
2 0 1 0 0 2 11 0 0 1 18 0 1 0 1 13 0 9 36 69 
0 0 0 2 0 0 14 1 2 0 11 0 0 1 0 8 0 15 38 125 
0 0 0 0 0 0 10 0 0 0 15 0 0 0 0 8 0 30 30 136 
1 1 0 0 1 0 23 1 0 0 27 0 0 1 0 22 0 30 40 212 
0 0 2 0 0 1 9 1 2 1 10 0 0 0 0 19 1 41 45 188 
1 0 1 1 1 1 7 0 0 6 22 0 1 1 1 34 2 32 48 314 
0 0 1 0 0 0 7 0 1 9 23 0 2 0 0 30 1 28 51 350 
0 0 0 0 0 0 7 0 1 10 48 0 1 1 0 24 1 31 78 474 
0 1 1 0 1 0 7 0 0 15 71 1 0 1 2 15 2 31 46 496 
0 1 0 1 0 1 3 0 4 17 47 1 0 0 2 37 3 53 52 405 
0 0 1 0 3 0 7 0 1 12 41 0 1 1 3 53 0 51 66 322 
0 1 1 0 0 0 2 0 3 38 52 6 1 1 7 42 1 46 149 607 
2 0 0 2 0 0 6 1 6 35 44 3 0 2 3 50 0 99 197 735 
1 2 0 0 3 0 2 0 7 32 48 2 0 0 3 34 2 93 141 945 
0 1 0 0 3 1 0 0 4 22 59 7 1 1 5 41 0 84 183 580 
0 1 0 0 5 1 1 3 3 24 94 5 3 0 6 50 0 75 183 536 
0 0 0 1 6 0 1 1 3 26 83 16 1 2 6 52 3 71 134 1015 
0 0 0 0 10 0 0 0 6 67 90 13 1 4 6 44 0 142 256 1067 
0 0 0 1 11 0 0 0 1 95 145 17 2 5 8 59 1 94 316 981 
0 1 1 1 6 1 2 0 5 74 149 13 2 8 6 66 3 146 471 791 
0 2 1 1 20 0 0 0 5 105 149 49 9 6 10 72 1 155 465 1007 
0 0 2 2 16 1 1 0 5 119 133 26 4 13 21 58 3 193 603 1172 
0 0 3 1 14 0 0 0 1 119 266 51 1 6 17 116 10 159 855 1238 
0 0 0 0 4 0 0 0 6 104 189 47 5 7 46 42 9 278 1252 1501 
0 0 0 1 8 1 0 1 5 145 154 34 0 20 17 55 15 522 947 1623 
0 1 3 0 11 0 1 1 4 125 238 49 3 12 20 96 26 362 1198 2033 
0 1 0 1 7 1 2 0 3 76 212 24 3 14 31 78 39 449 1155 2409 
1 2 1 0 4 1 0 0 2 122 138 68 4 12 28 95 65 528 731 1639 
0 1 3 0 6 0 1 1 4 127 76 63 4 11 28 118 75 633 358 1768 
0 0 0 2 5 0 0 0 1 86 141 44 12 11 25 63 58 253 451 1707 
0 2 2 0 5 1 3 2 3 48 76 51 7 7 15 75 59 366 513 1253 
1 2 0 1 8 0 0 0 6 26 69 48 10 7 34 107 92 316 315 1142 
0 0 2 1 2 1 1 0 1 20 56 94 12 2 24 102 111 382 792 1204 
0 0 0 0 1 0 0 1 1 14 64 57 10 5 46 93 114 280 618 1348 
0 1 2 0 3 0 0 1 3 38 62 80 9 2 23 114 152 653 399 755 
0 0 1 0 0 1 2 3 3 25 47 125 22 8 21 172 184 414 256 670 
0 0 0 0 0 2 0 0 2 34 90 71 19 12 17 132 100 518 265 322 
0 0 0 0 0 0 0 2 0 26 113 65 27 8 18 144 264 527 234 512 
1 0 2 0 1 0 1 0 3 23 89 83 17 12 25 128 186 649 212 282 
0 0 0 0 0 0 0 1 5 21 101 99 11 4 33 199 228 275 294 360 
1 0 0 0 0 0 0 0 2 9 90 127 19 9 21 112 173 260 145 291 
0 1 1 0 1 0 1 2 7 14 67 86 16 4 24 353 207 375 98 356 
0 0 3 0 0 0 1 1 3 5 41 51 11 0 23 154 137 304 107 231 
0 2 0 0 0 0 0 0 3 7 58 72 19 6 12 133 180 286 74 125 
0 0 1 1 0 0 0 0 7 3 31 25 25 8 23 90 106 308 35 97 
1 0 0 0 0 0 0 0 6 8 21 34 20 4 9 40 94 146 68 98 
0 2 0 0 0 0 1 0 5 1 9 48 58 5 7 57 89 155 61 67 
1 0 0 1 0 0 1 0 7 0 17 39 35 11 13 63 24 58 35 35 
1 0 0 0 0 2 0 0 0 0 11 33 29 1 20 43 77 85 19 41 
0 1 0 0 0 1 0 0 0 1 5 29 29 2 15 31 25 45 28 42 
0 1 0 0 0 2 0 0 9 6 1 10 47 2 17 46 29 44 48 16 
1 0 0 0 1 1 1 0 7 2 8 26 108 4 36 60 39 53 23 24 
0 0 0 1 0 8 0 0 23 5 5 25 151 6 37 131 58 66 36 29 
0 0 0 1 0 8 3 1 22 8 1 62 189 3 74 156 72 73 30 21 
0 0 0 1 0 19 1 1 21 14 11 78 183 8 148 122 62 62 19 22 
1 0 1 0 0 34 1 2 17 24 7 48 295 8 232 138 156 86 18 27 
0 0 0 1 0 33 0 1 21 10 9 95 253 12 288 356 78 37 27 25 
0 1 0 1 1 24 0 0 30 9 15 158 427 10 301 350 86 41 36 18 
0 2 0 0 0 28 1 2 14 11 6 118 337 19 204 236 60 33 20 26 
0 2 0 0 2 41 0 3 19 9 11 61 356 31 322 205 126 30 91 31 
1 0 0 0 0 38 0 1 32 19 18 72 424 22 425 265 199 25 69 52 
0 0 3 2 0 38 0 6 21 16 21 89 611 30 213 196 168 57 67 106 
0 0 0 1 0 38 0 4 38 23 8 140 648 20 333 463 377 72 91 147 
1 0 0 0 0 48 3 4 42 43 27 119 458 24 657 346 433 70 147 124 
0 0 0 0 0 27 0 3 41 59 27 67 309 36 1131 486 509 52 110 170 
0 2 1 0 0 28 3 6 38 90 23 129 228 25 486 262 244 82 89 215 
0 1 0 0 0 33 4 8 23 34 24 121 180 46 607 335 357 65 48 92 
2 0 0 6 0 9 0 11 34 46 18 277 138 37 661 276 348 95 54 122 
0 0 0 2 1 13 2 19 34 100 42 352 94 69 463 386 632 127 129 319 
0 1 0 4 0 8 8 35 46 82 25 344 72 149 513 302 488 92 55 280 
1 0 1 1 0 1 17 22 34 80 30 342 78 99 277 442 553 84 88 230 
1 1 1 10 0 0 33 59 49 252 58 327 99 168 493 384 458 161 87 535 
1 2 0 18 0 14 30 66 50 102 56 423 65 281 409 509 350 189 59 608 
0 1 0 12 1 4 47 141 59 184 53 187 35 312 435 555 850 246 86 364 
0 1 0 13 2 6 44 90 52 187 71 255 18 512 356 158 482 230 93 661 
0 0 1 13 2 4 33 76 44 264 97 216 39 406 226 399 555 241 47 992 
0 0 0 28 0 3 25 85 51 405 55 174 26 399 213 324 496 186 62 1886 
1 0 0 27 3 1 14 54 33 205 64 113 23 437 150 465 310 168 68 2186 
1 0 0 35 0 0 7 49 27 231 63 120 16 446 107 210 395 343 75 1419 
2 0 0 21 0 0 12 55 18 238 72 89 16 257 109 192 456 265 125 1709 
1 0 0 12 0 0 6 47 20 125 51 58 8 293 63 101 268 266 105 2052 
2 0 0 6 1 0 9 33 10 112 39 47 0 202 50 106 180 233 130 560 
0 0 0 3 0 0 4 24 6 192 115 30 2 237 30 110 225 221 52 980 
1 0 0 0 0 2 1 21 9 193 75 11 6 224 48 69 151 120 53 843 
0 0 4 0 0 0 1 20 6 149 123 20 4 159 42 61 109 134 76 794 
1 0 0 0 3 0 0 25 3 113 147 25 3 189 46 30 105 145 66 1236 
0 0 6 1 0 0 2 15 6 138 144 14 7 162 40 22 87 234 84 695 
0 0 3 0 1 1 0 4 12 116 96 23 4 125 24 30 44 83 77 1490 
1 1 1 0 1 0 1 6 2 93 131 11 9 67 26 15 43 188 80 799 
0 0 3 0 1 1 0 3 5 65 106 11 6 124 21 14 44 181 78 1468 
1 1 1 0 1 0 0 1 19 96 95 4 10 52 16 13 42 210 78 1117 
0 0 0 0 0 1 2 1 23 94 100 4 5 106 16 3 9 165 80 596 
1 1 1 2 0 1 2 2 11 32 72 0 8 100 16 15 38 193 44 724 
0 1 1 0 0 0 0 1 16 52 136 5 4 89 27 9 17 141 58 647 
2 1 2 0 2 0 2 1 15 59 36 5 4 96 28 13 11 319 81 401 
0 0 1 0 0 0 0 3 10 26 67 4 0 64 18 8 16 208 50 341 
1 2 0 0 1 0 0 5 3 25 32 0 1 39 8 6 8 189 93 263 
0 1 1 0 0 1 1 1 6 6 22 0 2 13 2 3 7 155 128 84 
1 0 1 0 0 0 1 0 3 2 44 0 2 24 1 0 5 114 55 190 
2 0 1 1 0 1 0 1 0 1 19 2 0 14 0 4 5 99 144 92 
4 0 0 0 0 1 0 0 0 3 10 0 0 30 1 1 3 112 154 116 
5 1 1 0 0 1 1 2 0 0 8 1 0 22 4 3 0 34 99 59 
20 0 0 0 0 2 0 1 0 2 9 0 0 18 2 3 5 84 89 57 
92 0 0 0 1 1 0 0 0 1 11 0 1 12 1 5 2 114 129 103 
37 0 1 0 1 0 1 1 0 0 10 2 1 22 2 8 8 46 169 58 
35 0 2 0 0 1 0 0 0 0 29 2 1 20 1 4 4 106 145 87 
15 0 0 0 0 0 0 0 0 0 25 0 0 9 0 5 15 40 323 96 
5 0 1 0 0 0 0 1 3 3 31 1 1 17 9 9 9 52 402 279 
0 0 1 1 0 3 0 0 0 0 49 0 0 21 9 10 17 82 421 216 
1 0 0 1 0 4 1 0 1 2 62 1 0 8 13 18 11 16 462 167 
0 0 0 0 1 0 1 0 1 1 63 1 1 10 5 14 13 86 566 208 
0 0 1 1 1 0 0 1 1 0 73 0 2 7 4 8 12 148 587 162 
2 2 0 0 0 0 0 0 0 2 99 0 4 12 2 14 20 220 753 548 
0 0 1 0 0 1 1 1 5 2 72 1 1 33 12 8 30 238 699 395 
0 0 0 1 0 1 0 2 2 0 36 5 5 35 19 3 20 369 668 301 
0 1 0 0 0 2 0 0 3 0 102 8 5 45 34 14 42 467 1106 475 
0 1 0 0 2 0 2 0 4 3 125 8 9 112 21 10 42 657 1123 840 
0 0 0 1 0 0 0 0 6 0 97 14 18 108 18 14 35 448 1057 751 
1 0 0 1 2 0 1 0 3 7 69 9 18 46 16 16 26 453 1804 995 
1 0 1 2 1 0 2 0 3 2 60 10 23 64 26 14 38 379 1199 1101 
0 0 1 1 1 0 0 0 4 1 69 23 30 128 37 19 46 297 605 1085 
2 2 0 1 0 0 1 1 0 3 74 26 46 188 10 9 27 304 1037 1429 
1 0 1 0 0 1 0 3 0 2 60 44 39 155 25 22 59 330 1510 1853 
3 0 0 1 1 0 0 2 1 4 106 49 59 153 51 30 108 208 794 1402 
1 0 0 0 0 0 0 5 1 9 100 106 56 200 44 59 87 211 1098 1321 
0 0 0 0 2 1 0 19 0 8 88 144 84 185 73 75 76 228 651 2331 
0 0 0 1 0 0 0 5 1 3 75 169 52 202 102 55 92 252 769 1199 
0 0 0 0 1 1 1 14 0 17 136 222 165 349 121 73 274 257 557 2162 
0 0 2 0 2 1 0 17 1 19 108 255 157 242 102 69 518 293 725 3455 
0 1 1 0 0 0 0 27 0 26 78 272 161 441 119 62 468 216 363 2336 
0 0 3 0 0 0 1 20 0 40 77 248 211 442 263 46 452 285 280 1741 
1 0 1 0 1 0 0 7 0 17 91 237 214 383 339 27 390 251 621 1685 
0 0 0 2 0 1 0 10 1 40 83 226 155 292 244 49 417 167 318 1374 
0 0 1 0 0 1 0 3 1 19 71 205 148 143 294 27 283 174 246 1526 
0 1 0 0 5 0 0 12 1 17 87 238 154 187 378 14 263 95 160 386 
1 0 1 0 25 1 0 9 0 25 58 253 112 176 217 24 198 66 98 439 
0 0 0 0 31 0 0 9 1 25 58 208 136 175 179 41 297 84 81 468 
0 1 0 0 34 0 0 3 0 15 61 191 123 92 125 18 262 72 60 516 
0 1 2 0 30 0 0 6 1 42 47 174 94 176 338 42 160 96 42 403 
0 0 1 0 13 0 0 11 0 20 59 218 84 141 230 67 232 82 47 543 
0 0 1 1 22 0 0 5 2 53 79 134 71 98 159 68 240 51 57 424 
0 0 0 0 13 1 0 8 0 57 43 77 59 61 159 58 368 55 27 397 
0 0 1 0 15 1 0 15 0 111 58 63 86 88 94 50 354 60 26 380 
0 0 0 1 11 3 0 3 0 47 65 58 70 68 130 65 531 77 12 535 
2 0 1 0 20 13 0 3 0 82 70 51 74 49 206 53 441 54 9 438 
3 0 0 0 6 7 1 14 2 96 66 77 65 32 223 73 286 151 18 292 
0 0 0 0 12 8 0 11 0 96 89 71 68 10 158 102 349 128 9 219 
0 0 0 0 1 7 1 12 1 31 51 37 39 12 175 126 255 129 12 209 
0 2 0 0 3 7 0 22 3 45 71 69 69 29 208 139 212 91 9 169 
0 0 0 0 0 4 1 10 1 58 36 23 15 10 60 164 202 127 10 104 
2 2 0 1 1 6 0 8 0 78 34 22 16 19 33 109 140 67 4 133 
1 0 1 0 0 18 0 4 0 69 23 16 10 22 11 103 103 30 10 77 
0 1 1 0 0 14 0 1 0 66 22 4 9 20 28 100 65 39 0 78 
0 0 0 0 0 5 0 5 0 35 21 4 10 12 19 151 81 25 8 65 
0 0 0 0 0 6 0 4 0 42 22 9 10 22 26 217 94 30 8 32 
1 0 0 0 0 11 0 3 1 92 16 12 9 6 12 180 62 37 7 16 
0 0 0 0 2 23 0 2 0 57 20 6 5 14 11 367 53 52 8 62 
0 0 0 1 1 28 1 1 1 41 25 7 12 12 34 538 34 103 14 62 
0 0 0 0 0 23 2 4 1 54 35 13 11 16 6 394 29 135 12 56 
1 0 0 0 2 34 1 3 0 110 37 9 17 18 13 477 46 247 15 79 
1 0 0 0 0 72 0 4 1 96 37 8 10 13 22 1139 71 164 13 54 
0 0 0 0 0 43 1 8 0 71 52 7 18 12 33 1164 47 258 18 110 
0 1 0 0 1 68 3 6 2 158 43 24 7 15 39 1141 67 235 15 116 
0 0 0 0 0 17 5 3 3 189 80 23 18 17 49 1039 45 448 37 124 
0 0 0 0 0 12 10 5 1 175 97 21 8 20 17 587 67 547 29 152 
2 1 0 0 0 8 11 4 0 187 85 43 6 39 37 668 93 285 36 216 
0 0 0 0 0 17 13 3 2 183 144 74 9 36 24 1117 63 508 50 297 
1 1 1 0 0 15 39 4 1 244 165 74 12 65 37 562 130 552 29 259 
0 1 1 2 0 3 54 1 0 166 155 164 13 120 44 528 116 419 36 456 
1 0 1 0 0 1 24 2 0 179 116 92 10 71 20 595 175 524 20 229 
1 1 0 0 1 2 20 1 0 86 145 89 13 122 30 196 104 485 15 214 
0 0 1 0 0 2 17 6 1 160 137 64 7 75 28 114 174 486 34 164 
1 5 0 0 0 0 8 2 2 123 192 83 31 99 27 115 344 367 29 249 
0 1 1 0 0 0 11 3 2 216 180 129 33 108 31 56 358 420 15 175 
0 0 0 0 0 1 12 0 3 134 263 82 25 181 39 45 251 325 35 262 
0 0 0 1 0 1 5 8 2 136 163 153 18 138 70 45 390 331 27 268 
1 1 1 1 1 1 15 0 2 138 161 149 29 111 86 23 238 208 49 262 
0 1 1 0 0 0 6 1 1 229 307 125 25 174 137 29 445 224 78 296 
0 4 0 1 0 0 8 1 3 257 230 157 52 119 79 28 175 146 98 426 
1 6 0 0 2 0 9 2 3 118 210 318 79 111 194 14 329 250 74 469 
0 19 0 1 0 0 15 2 3 80 181 199 64 63 223 9 304 155 74 469 
0 13 0 0 0 0 7 2 3 73 126 414 49 69 186 8 219 279 107 761 
0 20 0 2 0 0 3 2 2 94 142 161 109 65 171 12 166 267 120 419 
1 14 0 0 0 0 6 7 12 54 117 255 136 107 158 4 252 258 110 884 
2 13 0 1 0 0 3 15 16 57 110 183 122 51 181 5 106 319 145 824 
2 5 0 1 0 1 5 14 9 36 49 163 150 18 179 6 91 130 146 369 
0 7 1 0 0 0 4 15 2 32 49 110 127 32 107 2 67 42 190 446 
0 0 1 0 0 0 0 15 2 40 35 96 101 28 156 7 64 61 236 800 
1 0 0 1 0 2 1 8 16 46 10 144 83 31 150 2 58 55 425 751 
1 3 1 0 0 0 4 4 23 18 22 101 153 12 163 5 90 49 308 464 
1 0 0 1 1 2 2 7 42 16 20 59 117 28 319 6 84 45 391 666 
1 0 1 0 0 2 2 12 44 11 13 29 76 44 528 2 49 28 622 644 
0 1 2 0 1 1 1 13 77 14 19 14 87 35 653 6 19 32 299 762 
0 0 0 0 0 0 1 21 104 11 14 14 155 15 419 0 17 25 471 550 
0 2 2 1 0 0 0 10 156 11 12 22 125 30 822 2 24 15 701 1184 
0 0 1 1 2 1 0 8 194 5 8 5 264 25 1042 8 15 16 644 791 
0 0 0 0 0 0 0 23 177 10 20 16 155 48 444 1 28 28 836 1144 
2 2 0 2 1 2 1 17 211 7 10 4 177 40 262 2 18 13 580 1206 
0 0 0 0 0 0 0 16 134 1 9 14 231 30 241 6 7 3 505 807 
1 2 2 1 1 0 0 21 163 3 5 20 158 49 191 1 14 14 485 683 
1 0 0 0 1 0 0 21 90 1 0 6 67 21 299 3 4 15 305 841 
0 1 0 0 0 0 0 13 53 3 1 15 53 52 129 0 7 18 460 298 
0 1 0 0 1 0 1 9 29 4 2 1 76 34 65 1 2 8 302 290 
1 0 0 2 0 0 0 5 35 2 0 16 33 27 45 2 0 2 308 334 
0 0 2 0 1 0 0 6 13 2 0 4 15 57 39 0 3 2 255 209 
0 0 0 0 0 0 0 9 19 4 0 2 9 54 28 0 3 3 272 160 
0 0 0 1 0 0 0 7 16 2 0 2 25 44 15 1 1 0 124 141 
1 0 0 0 0 0 0 10 6 1 0 0 16 63 24 1 0 2 152 114 
1 0 1 0 0 0 2 21 24 0 0 0 23 55 18 0 2 4 448 138 
0 0 1 0 1 0 0 15 17 1 1 0 18 69 2 0 1 6 275 160 
1 0 0 0 0 0 1 11 18 0 3 0 53 127 0 0 5 5 248 183 
0 0 0 0 1 0 1 14 15 0 0 2 41 106 6 2 7 13 277 349 
0 0 1 0 0 0 1 6 19 0 2 2 29 75 4 1 5 25 260 259 
0 2 0 0 0 0 0 5 8 0 0 0 27 107 6 1 7 9 243 337 
1 1 0 1 2 0 0 5 4 0 2 0 39 108 9 0 7 14 178 244 
0 0 0 0 0 0 0 4 5 0 5 1 34 125 5 0 9 19 363 228 
2 0 0 0 1 2 1 11 3 1 1 14 27 276 8 3 14 14 416 280 
0 0 0 0 0 0 0 9 8 2 6 9 71 138 14 1 12 31 250 475 
0 1 0 0 0 1 0 7 7 0 6 7 145 250 16 1 17 27 241 546 
1 0 0 2 0 0 0 9 4 1 5 2 110 191 15 1 35 33 201 528 
0 2 1 0 0 1 2 13 0 0 8 4 90 131 13 0 42 39 259 264 
1 0 0 2 0 0 5 11 4 0 7 2 114 137 16 2 59 33 164 578 
0 1 0 0 0 2 4 15 4 1 4 8 70 113 11 3 41 40 130 513 
0 0 1 0 1 0 10 8 3 0 6 9 82 120 7 1 71 14 104 289 
1 0 0 0 0 0 5 13 0 4 10 1 136 87 9 3 65 35 93 320 
1 0 0 0 0 0 8 23 8 1 9 8 88 134 6 0 122 33 138 532 
0 1 1 0 0 0 5 20 4 0 16 11 195 94 17 1 90 39 164 494 
0 0 0 1 0 0 3 8 4 0 13 15 332 138 6 1 167 55 219 831 
0 0 0 1 1 0 7 28 8 0 17 9 306 130 9 1 105 70 180 623 
0 0 1 1 0 0 7 25 1 2 10 5 183 110 6 2 202 91 133 1189 
0 1 1 1 0 0 4 23 3 3 22 8 372 113 8 0 205 112 360 1367 
1 1 1 0 0 0 12 43 3 6 11 21 169 90 1 0 191 95 90 1975 
0 1 1 0 0 0 11 32 1 1 11 18 146 139 4 3 154 121 135 1797 
1 1 0 0 1 1 16 20 6 16 16 29 155 121 3 3 315 65 285 1920 
0 0 1 0 1 1 2 38 2 20 22 30 159 189 12 4 379 90 241 2870 
0 1 0 0 1 0 6 35 3 23 31 23 164 274 17 4 278 148 266 4323 
0 0 0 0 1 1 5 10 3 30 26 45 148 215 7 5 260 149 365 4169 
0 2 0 0 1 2 7 16 1 29 23 18 122 231 31 7 273 245 156 3041 
1 0 0 1 0 0 2 13 6 57 11 24 63 196 28 16 343 153 202 2419 
0 0 0 2 0 1 6 5 7 93 10 19 68 122 23 29 146 205 107 1030 
1 0 2 0 1 0 3 11 7 69 16 23 96 163 18 23 232 336 110 1410 
1 0 1 0 1 0 4 7 11 89 10 30 140 81 27 13 204 213 79 1237 
1 0 0 0 0 2 4 3 6 51 17 26 63 93 9 29 198 363 87 1263 
1 0 1 2 3 2 0 3 3 60 27 34 90 157 40 16 156 257 93 879 
0 0 2 4 0 1 5 1 9 70 17 28 52 126 46 16 133 347 74 1286 
0 0 1 0 0 2 5 2 0 87 7 31 52 168 26 20 95 146 76 687 
0 0 0 1 0 0 1 1 3 100 15 37 41 110 31 13 96 223 91 487 
0 0 1 1 0 0 3 0 0 120 18 51 29 62 41 23 94 268 105 501 
1 0 1 0 1 1 6 1 3 115 28 38 24 49 73 13 110 181 56 482 
2 1 0 2 0 2 0 0 2 179 20 49 33 67 35 35 89 256 59 317 
1 2 0 3 4 0 4 0 1 197 39 57 43 101 68 38 62 232 53 209 
0 0 0 3 0 0 6 0 0 231 33 79 14 36 57 18 67 230 86 186 
1 0 0 10 8 1 2 0 0 189 26 88 18 36 53 13 88 126 45 148 
0 0 0 4 4 0 3 0 1 94 18 85 11 26 12 30 73 106 66 81 
1 3 0 13 11 0 2 0 0 137 29 35 2 15 15 16 62 206 31 86 
0 1 2 17 15 0 3 0 0 115 22 102 5 8 23 17 59 78 28 28 
0 0 1 13 15 0 0 1 0 98 40 142 3 10 18 17 20 64 30 10 
0 0 0 16 16 0 5 1 2 48 9 125 9 9 18 12 40 116 14 11 
0 2 0 16 12 0 1 1 0 32 25 119 7 5 21 13 42 124 12 12 
0 0 1 30 6 0 2 0 0 67 37 155 16 8 27 4 26 150 18 14 
0 2 2 24 7 1 0 0 1 61 32 317 11 8 30 6 47 118 24 11 
0 0 8 35 9 0 0 0 0 36 43 332 2 7 44 4 57 202 27 25 
0 0 8 30 8 0 0 0 2 81 31 274 10 18 26 14 82 255 33 38 
0 0 10 17 2 0 3 1 0 78 38 456 17 12 15 11 91 167 37 29 
0 0 12 18 16 0 0 0 0 80 78 475 28 3 33 14 184 178 45 18 
0 0 9 34 20 0 1 0 2 51 60 341 19 4 40 19 142 245 32 20 
0 0 9 2 21 2 1 1 1 39 104 234 11 3 29 23 125 379 58 21 
0 1 3 7 12 1 1 1 1 42 99 294 17 6 39 42 190 313 83 13 
0 1 2 8 13 2 2 0 0 69 187 262 18 3 113 42 152 290 43 38 
0 1 3 1 20 1 7 0 7 47 235 354 11 2 101 41 192 362 43 21 
1 1 3 1 13 1 5 0 2 49 227 330 14 7 90 88 141 581 35 17 
0 0 2 0 8 0 12 0 0 75 592 167 2 8 150 81 161 339 48 13 
0 0 1 0 7 1 5 1 0 42 606 155 1 4 176 89 214 283 44 15 
0 1 0 0 14 2 3 0 1 76 519 140 2 10 170 88 235 507 55 15 
0 0 0 0 9 1 7 0 0 50 578 73 2 13 171 77 219 446 100 24 
0 0 0 0 0 1 3 0 0 34 415 53 0 4 180 93 232 411 52 30 
0 1 0 1 0 1 2 0 0 45 209 40 0 8 211 133 171 254 179 34 
0 0 1 0 1 0 3 0 0 61 165 16 0 7 204 106 273 243 228 19 
0 0 0 2 2 0 1 0 1 68 130 44 2 36 272 106 183 120 381 45 
1 0 0 0 0 0 0 1 0 47 123 19 0 47 307 216 140 159 328 54 
0 2 1 1 0 2 1 1 0 79 155 16 2 43 276 215 152 223 542 15 
1 0 0 1 1 0 0 1 0 69 32 8 2 46 326 266 155 151 702 52 
0 0 1 1 5 1 1 2 0 59 44 11 5 38 621 441 170 121 517 64 
0 0 1 0 3 0 0 2 0 83 44 6 8 39 253 541 112 111 612 42 
1 1 2 0 3 0 0 3 0 53 53 5 3 45 637 428 236 50 819 68 
0 1 0 0 1 0 0 1 1 37 48 9 9 71 551 518 269 73 714 32 
0 0 0 0 0 1 0 1 2 45 20 9 10 76 344 481 225 76 800 54 
0 1 0 1 0 3 0 3 0 35 46 8 6 32 345 450 421 70 948 82 
0 0 0 0 1 1 0 5 0 46 43 16 15 28 182 417 423 52 1515 46 
1 0 0 0 1 0 0 3 0 34 29 14 24 58 179 260 179 18 1660 104 
0 2 1 1 0 0 0 10 1 27 11 12 15 36 217 213 180 16 660 68 
2 1 1 1 1 2 0 2 0 33 10 12 25 32 158 390 204 21 490 62 
1 0 0 1 0 1 0 5 2 16 10 1 30 24 94 420 241 19 536 53 
0 0 0 0 1 0 1 0 0 27 3 0 31 37 265 208 278 18 322 56 
1 1 0 1 1 0 0 1 0 24 6 2 12 24 117 184 278 12 465 91 
0 0 0 0 0 0 0 1 0 23 13 3 26 42 87 120 292 20 339 82 
1 0 1 1 0 2 0 0 1 18 3 1 50 35 82 118 333 6 321 128 
0 0 0 3 0 0 0 0 1 27 7 3 17 69 110 92 334 16 244 88 
0 1 0 1 0 1 0 2 1 32 2 4 23 68 45 120 174 24 258 66 
0 0 0 0 3 0 0 0 2 15 4 7 18 69 78 97 161 7 202 95 
0 0 0 1 1 1 0 1 0 26 5 7 14 65 83 76 123 14 353 124 
0 0 0 2 1 1 0 0 1 24 5 2 20 127 62 72 200 11 175 115 
0 0 0 2 0 1 1 0 1 32 0 2 20 130 68 106 188 10 114 97 
1 0 0 1 0 0 0 0 0 15 1 4 11 108 40 72 127 6 114 130 
0 0 0 0 0 0 0 0 1 27 3 1 18 72 22 34 78 11 84 115 
0 0 0 0 1 1 1 0 0 8 2 0 8 37 17 26 65 11 66 74 
1 0 0 1 1 1 0 2 1 14 0 1 10 39 12 20 44 4 40 58 
1 1 0 1 0 1 0 0 0 7 0 1 17 16 14 25 31 4 23 50 
1 0 0 0 0 0 0 2 0 13 1 2 20 29 3 19 43 5 8 44 
0 0 1 0 0 0 0 4 1 10 0 0 10 51 2 48 16 8 15 61 
0 0 1 0 0 0 0 8 1 24 0 2 9 38 0 30 19 6 13 45 
0 1 0 1 0 2 1 4 0 16 1 0 1 73 4 53 36 8 5 55 
0 1 0 0 2 0 0 6 0 33 0 1 11 22 1 17 13 20 5 94 
0 0 0 0 1 0 1 1 1 20 0 0 3 38 0 19 15 21 13 103 
1 1 0 0 0 0 0 4 0 40 1 1 24 62 0 29 27 4 12 59 
0 0 0 1 0 0 0 10 0 40 0 1 16 125 0 28 12 21 1 154 
1 0 0 1 0 0 0 7 0 15 1 0 16 92 0 28 29 11 2 128 
0 0 1 0 0 1 0 7 1 17 2 0 14 80 2 28 36 11 9 169 
0 0 0 1 2 0 0 2 1 27 1 0 5 114 0 12 43 16 4 133 
0 2 0 1 1 1 0 10 0 29 3 0 4 96 1 32 65 20 4 187 
0 2 1 0 1 1 0 20 0 20 4 0 6 141 1 40 34 13 15 216 
2 0 0 0 0 2 0 23 1 37 3 1 6 99 0 26 59 24 11 167 
0 0 0 3 0 1 0 47 1 23 1 0 10 269 2 44 64 42 5 367 
1 0 3 0 0 0 0 35 0 19 2 0 10 268 4 31 33 44 9 460 
0 1 0 0 1 0 0 40 1 17 5 2 6 191 0 34 19 23 27 589 
1 2 0 2 0 2 0 72 0 22 9 1 16 266 3 24 16 29 16 758 
0 0 0 0 0 1 0 73 1 14 3 1 16 240 4 20 12 34 18 460 
0 0 0 0 0 0 0 44 1 8 3 5 10 359 1 18 24 39 15 706 
0 0 0 0 0 1 0 81 2 3 0 6 12 401 0 7 21 57 15 336 
1 0 0 0 0 1 0 47 0 13 1 3 7 252 1 11 38 126 27 656 
0 0 0 1 0 4 0 55 1 10 0 4 42 184 0 29 33 139 23 996 
1 0 0 0 1 1 0 37 0 6 0 4 40 133 4 53 27 238 31 995 
1 0 0 1 1 0 0 26 0 11 2 4 42 453 3 19 33 241 64 1095 
2 1 0 0 1 0 1 42 0 22 0 3 76 342 10 62 40 575 92 1503 
1 0 0 2 0 2 0 34 0 18 4 15 58 282 8 27 29 457 61 1197 
0 0 0 0 0 3 0 23 0 77 5 14 83 215 19 54 30 525 97 1690 
0 0 0 0 0 4 3 24 6 27 4 14 121 255 19 62 25 656 77 1693 
1 4 0 0 1 8 0 6 0 39 7 17 48 176 20 48 30 365 96 1656 
0 0 1 2 0 7 0 16 3 56 7 22 218 247 2 30 20 523 76 2436 
2 0 0 3 1 25 6 24 6 56 2 23 189 170 21 54 51 510 180 1775 
0 0 1 0 0 11 0 7 1 30 4 22 328 131 19 77 52 375 130 4256 
1 0 0 0 1 15 3 3 0 37 5 39 414 106 21 22 67 280 127 2504 
0 1 1 0 0 19 3 1 4 67 8 19 313 61 13 32 80 190 275 2069 
0 0 0 0 0 20 2 0 6 29 1 16 321 36 17 25 58 220 134 1066 
0 2 0 0 0 14 5 4 16 32 5 48 216 70 15 21 64 129 137 1719 
0 1 2 0 0 47 6 1 21 43 1 43 234 57 12 29 90 199 127 1274 
3 0 1 0 1 38 14 1 28 67 1 54 177 41 7 21 77 185 98 1454 
0 0 1 0 0 38 22 1 20 44 2 64 259 33 12 24 49 136 115 866 
0 1 1 0 0 54 32 1 64 74 5 53 347 28 24 32 57 167 118 1113 
0 1 2 1 0 35 55 0 36 95 4 62 223 29 23 44 86 152 157 1041 
0 0 0 1 2 50 27 0 55 80 2 51 304 12 13 44 88 69 131 916 
1 1 0 0 0 23 48 2 42 139 6 58 354 14 22 42 92 263 135 1171 
1 0 1 0 0 13 38 2 21 161 13 73 231 8 35 73 99 115 149 510 
4 1 0 0 0 18 22 0 73 238 13 89 147 7 19 70 97 227 173 478 
7 0 0 0 0 4 10 0 50 281 24 99 158 10 48 63 76 130 117 578 
7 1 0 0 0 9 19 0 80 96 34 52 150 8 40 56 124 89 125 434 
6 0 0 0 1 3 11 0 26 56 24 50 123 0 28 45 70 58 102 302 
0 0 1 1 0 1 5 0 62 97 24 32 80 6 32 34 52 44 81 244 
0 0 0 0 0 1 4 1 42 107 21 38 71 4 19 41 84 88 106 120 
1 1 1 0 0 2 4 1 36 90 8 96 24 1 12 58 52 39 54 122 
0 2 1 2 0 3 1 0 36 33 11 81 22 3 19 50 59 17 72 84 
0 0 0 0 0 4 3 0 28 51 12 43 21 8 19 41 47 15 25 60 
0 0 0 0 2 1 1 0 30 21 9 90 14 1 23 19 35 19 43 65 
0 1 0 0 1 0 1 0 38 73 6 58 9 3 29 77 47 27 35 100 
0 0 0 0 0 0 2 0 38 140 16 84 16 6 19 49 76 20 68 49 
1 0 0 1 0 1 7 1 58 101 16 57 25 5 17 114 76 8 102 53 
0 0 0 2 1 0 11 1 33 38 7 128 25 6 23 171 118 21 86 75 
0 2 0 0 1 0 7 0 87 95 12 125 41 12 16 86 171 24 157 64 
1 0 0 0 0 1 3 0 85 64 13 216 26 13 41 197 196 24 175 30 
0 0 0 0 1 0 11 1 44 148 28 285 29 21 49 153 404 19 73 58 
0 0 1 0 0 0 8 0 96 70 20 198 30 7 26 141 230 4 141 72 
0 0 0 0 0 1 0 0 50 116 27 303 16 24 56 187 322 9 127 74 
0 0 0 0 0 0 5 0 52 112 40 310 7 20 96 221 459 12 84 52 
0 0 0 1 0 0 1 1 29 90 38 396 27 9 101 337 427 19 200 130 
1 1 3 0 1 0 4 0 44 53 75 205 30 30 120 410 487 15 158 93 
0 0 1 0 0 0 2 0 48 64 79 299 27 51 283 340 581 19 133 87 
0 0 0 1 0 0 1 0 33 131 164 284 17 34 292 564 587 30 286 93 
1 0 3 0 0 2 0 0 43 58 252 281 27 72 299 133 1356 20 521 77 
2 1 2 0 0 0 1 1 20 123 175 184 35 82 186 288 1045 38 371 157 
1 0 0 1 0 0 1 0 6 115 261 223 26 71 187 221 1044 76 224 102 
0 0 2 1 1 0 2 0 11 141 184 143 29 83 245 211 749 41 290 89 
0 0 1 0 1 1 2 1 10 93 259 110 35 83 279 462 286 64 417 69 
1 0 2 0 0 0 1 0 9 234 172 96 40 128 153 190 438 96 414 114 
1 1 2 0 0 0 0 1 18 90 341 33 39 95 115 164 287 78 338 85 
0 1 2 2 0 0 3 0 23 71 451 54 35 73 233 195 227 86 335 126 
1 0 1 0 0 1 2 0 8 64 308 60 74 113 234 286 180 179 506 100 
0 1 2 1 0 0 0 2 10 113 225 39 39 103 123 172 275 137 438 70 
1 7 1 2 0 1 1 0 1 47 273 43 41 104 155 77 159 175 445 77 
0 8 2 1 1 0 0 0 2 44 282 20 26 146 232 53 139 169 525 129 
0 14 2 0 0 0 0 0 2 44 212 24 50 227 236 59 67 165 564 145 
0 23 2 0 0 0 0 0 9 65 126 13 38 198 187 74 50 298 655 151 
0 23 0 0 0 1 0 0 12 23 107 11 38 342 280 62 123 426 728 79 
2 13 2 0 0 1 2 0 5 17 95 4 32 211 126 71 47 465 481 72 
0 17 1 1 0 0 0 1 4 10 70 9 27 286 183 39 52 322 450 89 
0 11 1 0 0 0 1 0 0 22 42 6 58 180 101 40 22 124 253 59 
0 5 0 1 0 1 0 0 3 18 42 6 36 174 255 24 23 392 625 54 
0 4 0 0 0 1 0 2 3 23 36 6 29 207 325 18 14 243 398 104 
0 0 0 0 0 0 0 1 2 7 36 5 23 157 207 25 16 238 535 91 
1 0 0 0 2 2 0 1 3 16 15 3 18 156 276 22 20 201 506 94 
0 0 0 0 0 0 1 0 0 6 31 2 14 174 273 16 20 160 448 139 
1 0 0 1 0 1 1 0 0 7 23 2 25 113 259 21 12 254 361 104 
0 0 0 0 0 0 0 2 1 27 21 0 27 88 140 21 4 285 345 135 
0 1 0 1 0 0 0 0 3 10 6 0 39 127 159 21 9 206 746 91 
0 0 1 1 0 1 0 0 1 4 2 0 39 89 86 32 12 140 227 131 
2 0 0 2 0 2 1 1 0 11 3 3 54 57 152 33 18 185 584 162 
1 0 0 0 2 1 0 0 0 8 3 0 44 47 139 36 12 204 464 175 
1 0 1 1 1 1 0 0 1 7 10 0 61 52 128 27 20 107 387 231 
0 1 0 0 1 0 1 1 0 15 9 0 56 53 81 13 15 166 264 281 
1 3 2 0 0 0 1 3 1 4 5 1 39 60 103 10 16 87 218 180 
2 0 1 1 1 2 0 0 1 7 11 1 40 44 59 6 17 77 272 223 
0 0 0 0 0 0 1 1 0 3 11 0 53 18 45 2 7 56 13 102 
2 0 0 1 0 0 0 0 0 2 4 1 14 8 56 1 6 34 75 152 
1 0 1 0 1 1 0 1 0 2 3 2 28 16 33 5 5 30 47 264 
0 0 0 1 0 0 0 0 0 1 4 0 30 3 17 1 2 26 62 182 
1 0 0 1 0 0 1 0 0 1 1 1 24 3 10 2 8 30 30 98 
0 0 0 2 0 2 0 0 0 0 4 0 14 7 15 3 8 33 23 86 
1 0 0 0 0 0 0 1 0 0 1 2 17 7 21 5 18 35 31 152 
0 0 1 0 0 0 1 0 0 0 4 0 4 12 6 3 20 27 36 87 
1 0 0 1 1 0 2 0 0 0 4 0 9 27 10 3 29 29 27 84 
0 0 0 0 0 0 0 0 0 0 0 0 3 24 10 6 35 64 28 94 
0 0 1 0 1 1 0 1 0 2 0 0 9 47 12 2 84 71 43 183 
0 0 2 1 0 0 1 0 1 0 8 0 11 48 8 5 40 64 28 139 
1 1 0 2 0 0 2 0 1 0 15 0 5 35 10 4 22 127 56 152 
0 1 0 0 0 0 0 0 0 0 10 1 6 9 10 3 67 127 56 332 
0 0 1 0 0 0 0 0 0 1 13 2 4 26 16 2 26 95 43 221 
0 0 0 2 0 1 0 0 1 1 12 1 11 23 8 4 37 143 41 603 
0 1 0 0 0 2 2 0 0 1 13 12 1 14 7 3 25 175 12 549 
0 0 1 0 0 0 0 0 1 0 8 10 10 22 9 0 45 171 34 816 
0 0 1 0 2 0 0 1 4 3 11 13 9 16 11 4 37 241 37 836 
0 1 1 0 0 0 0 0 3 0 26 18 7 29 6 0 40 183 36 1105 
0 1 0 1 1 0 0 0 1 1 9 21 14 25 7 7 23 220 33 598 
0 0 0 0 1 1 0 1 0 0 23 15 8 15 5 6 14 173 30 1022 
0 0 0 0 0 0 2 0 0 0 19 23 23 7 11 3 29 161 19 1310 
0 0 0 0 0 0 0 2 0 2 29 23 8 11 13 0 34 111 13 787 
0 0 0 0 0 0 0 4 0 6 32 36 12 4 17 3 47 123 26 1375 
1 0 0 0 0 0 0 1 0 5 38 40 19 1 17 2 70 143 20 1749 
0 1 0 0 0 0 0 0 0 11 60 58 19 21 12 8 92 219 21 1726 
0 0 1 1 1 0 1 1 0 11 39 115 39 12 22 16 103 253 35 1779 
0 0 0 0 1 0 0 1 0 12 26 194 101 12 21 31 96 295 32 1654 
0 2 0 0 0 0 1 0 2 5 47 80 123 27 54 14 138 392 93 2229 
0 0 1 0 1 0 1 0 0 5 59 115 103 28 121 23 245 212 109 1322 
0 1 2 1 0 1 0 1 3 4 53 93 108 41 101 22 109 282 100 1257 
0 0 2 0 0 0 1 0 2 11 70 194 207 52 74 18 300 243 66 2267 
0 1 0 0 2 0 0 0 0 21 27 257 100 79 90 63 269 425 58 2720 
0 0 1 0 0 0 2 2 2 32 50 118 111 73 63 39 205 575 63 2038 
0 0 0 1 2 0 0 1 0 29 43 146 186 66 85 54 172 795 65 1404 
0 1 0 1 0 0 0 0 3 18 36 167 80 77 112 44 186 432 68 1210 
1 0 0 0 0 0 0 1 0 17 33 161 62 54 77 22 169 383 85 1274 
0 0 1 1 0 2 1 0 2 21 21 189 75 98 50 57 106 254 58 584 
0 0 0 0 1 0 0 0 1 22 37 173 66 48 80 69 152 221 79 1959 
0 1 1 0 0 0 0 2 1 30 31 156 66 58 100 76 211 257 95 768 
0 0 0 0 0 0 1 1 4 33 51 91 66 162 119 63 123 319 122 640 
1 0 0 1 0 1 4 2 3 20 54 75 58 167 176 95 162 189 104 1235 
0 2 0 0 0 1 3 4 2 75 80 51 59 105 84 77 94 262 162 600 
0 0 0 1 0 7 4 7 0 39 83 115 64 237 236 104 92 317 148 506 
0 2 1 0 0 2 8 9 1 64 117 109 169 246 277 54 101 295 97 226 
0 0 0 4 1 0 20 18 3 74 91 80 74 248 221 81 164 277 150 273 
0 2 0 0 0 5 27 24 3 34 63 99 80 211 321 72 80 129 98 438 
0 0 0 7 0 0 31 49 3 60 106 36 85 186 275 146 201 227 94 289 
1 0 0 8 0 0 28 55 1 73 63 84 170 192 244 108 192 98 137 224 
0 1 1 6 1 1 17 62 0 84 45 54 87 218 257 127 121 83 197 135 
0 0 0 23 0 0 16 68 0 127 43 39 32 116 163 87 146 73 124 140 
0 0 0 18 1 1 14 72 0 100 35 31 73 62 160 144 76 36 86 139 
0 0 0 29 0 0 4 41 1 62 36 25 25 99 61 149 67 51 65 71 
0 1 0 19 1 0 13 65 0 51 17 41 49 82 49 139 58 42 97 62 
2 0 0 21 0 0 11 35 0 95 15 17 29 52 75 133 40 16 97 16 
0 0 0 16 1 0 12 37 0 96 19 11 31 51 64 104 25 28 106 21 
0 0 0 20 0 0 9 40 0 139 15 18 35 42 42 99 33 33 38 24 
0 0 0 0 1 0 9 53 1 141 11 18 31 21 78 126 42 23 121 22 
1 0 0 4 0 0 3 65 1 118 32 16 44 28 78 142 53 5 107 37 
1 0 0 3 0 0 18 57 0 141 47 30 19 32 107 244 71 23 198 11 
0 0 0 5 0 0 6 54 1 199 40 67 26 35 84 156 77 12 139 33 
2 0 1 3 2 0 13 29 1 220 88 42 39 29 127 332 123 18 161 27 
1 1 0 1 2 0 6 56 0 266 94 50 26 23 97 325 67 26 263 23 
0 1 0 4 0 0 3 37 2 113 112 57 19 30 116 602 114 14 616 3 
0 1 0 3 0 0 2 36 0 178 131 60 20 44 30 353 152 23 480 8 
0 0 0 1 1 12 7 46 0 119 161 66 19 52 101 471 84 32 697 8 
0 0 1 0 0 10 2 27 0 86 124 50 49 54 85 606 138 20 798 16 
0 0 0 4 0 4 4 24 0 135 132 113 54 118 119 603 296 13 1183 17 
0 0 0 0 0 14 4 26 2 85 187 99 33 95 159 600 176 17 1197 13 
0 1 1 0 0 16 2 19 0 126 178 76 64 108 111 570 174 14 643 15 
0 0 1 2 1 9 1 6 1 175 194 56 59 150 129 344 512 20 913 52 
1 0 0 1 0 33 3 1 0 79 273 46 78 86 100 207 244 56 767 43 
0 0 0 0 1 17 3 1 0 62 209 30 65 58 120 126 207 29 393 35 
0 0 1 0 1 16 0 2 0 85 183 49 31 74 150 106 239 27 345 57 
1 0 1 0 1 41 6 3 1 44 166 56 37 79 63 89 182 47 532 47 
1 0 0 1 1 32 1 5 2 42 253 44 37 100 60 120 226 59 292 34 
0 1 2 0 0 57 0 1 2 42 143 58 45 133 72 140 178 42 300 18 
0 0 0 0 0 48 0 0 0 31 160 104 89 156 68 178 234 45 302 37 
1 0 0 0 0 23 0 6 2 37 162 63 47 90 75 121 283 53 203 34 
1 0 0 0 0 28 0 3 2 42 118 67 50 91 111 82 126 54 258 58 
0 0 3 1 0 25 1 4 7 58 110 55 35 65 103 79 122 67 298 59 
0 0 3 0 0 18 0 5 10 32 75 66 42 159 135 78 146 103 323 53 
0 1 0 0 0 9 0 4 8 26 54 52 29 184 47 61 96 121 186 82 
0 1 0 0 0 12 1 7 3 45 46 32 42 146 66 49 159 99 231 83 
0 0 5 1 1 12 2 2 7 53 59 45 54 97 85 34 150 188 174 83 
0 1 3 1 0 9 1 3 11 55 28 34 28 154 102 30 135 132 154 119 
0 0 5 0 0 6 2 1 5 82 30 39 18 172 46 66 122 188 304 72 
1 0 0 1 1 1 1 0 14 28 33 30 18 109 49 20 139 104 178 57 
0 0 0 0 0 4 0 0 12 59 21 16 32 106 52 28 107 86 208 40 
1 0 1 1 2 8 0 0 11 22 5 10 19 143 39 13 125 46 141 54 
0 0 2 1 2 1 0 0 10 20 21 14 29 77 35 7 120 127 81 94 
0 1 4 0 1 1 0 0 6 18 13 18 40 103 48 16 93 78 87 53 
1 0 2 0 1 8 1 1 19 33 13 19 45 93 59 5 72 127 56 72 
1 0 2 0 0 4 2 1 17 23 11 26 49 107 46 8 50 136 77 66 
1 0 0 0 0 3 5 0 10 17 9 48 48 106 32 9 108 443 56 162 
0 0 0 0 0 5 4 0 21 19 2 48 23 84 37 8 121 336 62 127 
0 1 0 2 0 2 0 0 28 7 13 25 78 86 25 4 150 296 78 109 
0 4 1 1 11 4 8 0 11 6 1 46 55 118 27 10 115 372 65 167 
0 1 0 1 9 1 1 0 32 4 0 20 67 71 33 3 139 503 72 168 
0 1 0 1 17 0 9 2 53 15 0 22 72 50 19 2 116 438 36 186 
0 3 1 0 35 1 8 0 53 16 0 40 81 32 35 3 134 534 33 167 
1 1 0 0 42 0 3 0 20 8 3 9 105 43 17 9 79 438 47 134 
0 1 0 1 62 1 1 2 35 4 0 27 78 41 19 6 48 187 21 60 
0 2 1 0 37 1 1 0 17 4 1 16 31 27 23 5 43 178 5 59 
0 0 0 0 42 0 0 0 10 3 0 9 30 11 14 6 61 115 10 124 
2 0 0 0 48 0 1 0 15 7 1 7 24 4 10 3 23 251 8 89 
1 2 0 0 25 0 0 0 19 15 3 11 19 5 16 2 15 112 29 123 
0 0 1 0 19 0 1 1 8 3 1 9 15 12 5 2 14 51 7 62 
0 1 0 0 16 0 0 1 7 4 0 7 27 1 1 0 17 44 16 107 
1 1 0 0 14 0 0 0 9 3 1 10 42 0 10 3 23 99 11 54 
0 1 0 0 15 2 0 0 5 0 0 5 30 0 15 1 32 63 13 50 
0 0 1 2 11 0 0 2 20 0 1 11 40 5 11 0 37 53 6 115 
0 0 0 1 24 0 0 0 14 0 2 7 23 3 19 1 47 48 13 211 
1 0 0 0 16 0 1 0 11 8 1 22 74 1 25 0 47 64 12 226 
0 0 0 0 18 1 0 3 12 3 0 22 63 4 39 1 40 106 23 330 
1 1 0 0 4 0 0 1 39 6 1 49 45 4 45 0 40 92 31 312 
0 0 0 0 2 0 0 0 18 3 0 35 76 8 31 0 34 83 24 325 
1 0 0 0 10 0 3 0 23 4 0 88 118 4 24 3 25 35 21 560 
0 0 1 1 5 0 0 1 36 7 3 61 130 11 39 3 55 74 14 606 
0 0 0 0 1 3 1 0 41 2 1 63 130 7 29 5 38 43 23 721 
1 0 1 0 0 1 0 0 54 8 3 95 113 5 43 8 57 52 15 930 
0 0 0 0 3 2 1 1 64 5 0 75 111 3 40 1 51 67 25 633 
1 0 1 0 0 0 0 1 64 9 4 85 112 6 66 15 82 80 31 1701 
0 0 0 0 0 0 0 0 52 13 1 107 100 15 43 12 67 61 26 1632 
1 0 0 2 1 1 0 1 56 7 4 123 69 13 90 8 67 43 30 1458 
1 0 0 0 1 0 0 0 46 8 1 91 102 5 127 8 76 54 39 1253 
0 0 0 0 0 0 0 0 35 19 5 117 132 6 133 20 145 22 46 1059 
0 0 1 0 0 0 0 0 21 15 3 145 90 10 191 30 145 52 29 1406 
0 1 0 0 0 1 0 0 24 11 11 97 158 14 164 34 237 74 37 1241 
1 1 0 0 1 0 0 0 13 19 9 151 186 23 123 42 117 59 32 1075 
1 1 1 0 0 1 1 0 9 13 6 172 189 31 367 43 180 35 55 682 
1 0 0 1 0 3 0 0 5 12 4 201 255 38 454 28 168 64 151 723 
1 3 1 0 0 4 0 1 14 18 6 128 294 43 506 42 136 103 82 741 
0 2 1 1 0 0 2 0 6 24 1 94 273 78 287 102 266 45 169 636 
0 2 0 1 0 2 1 0 12 51 12 165 181 62 422 100 251 89 92 711 
0 0 0 0 0 0 0 0 7 49 6 188 240 41 383 74 202 64 102 1014 
0 2 0 0 1 0 0 0 11 26 8 174 216 73 259 55 323 147 73 566 
0 2 0 1 0 1 1 1 3 63 16 101 181 52 409 102 136 109 113 533 
0 14 0 0 0 2 0 0 1 78 10 121 216 78 275 117 358 104 98 423 
2 13 1 0 0 1 0 0 11 50 5 96 92 43 270 45 340 101 78 295 
0 10 0 0 0 0 1 0 4 62 0 57 81 57 206 29 256 43 156 211 
0 25 0 2 0 1 0 1 3 69 3 36 73 62 175 43 310 86 69 230 
1 4 0 0 1 0 1 0 9 44 4 38 74 33 115 90 280 116 96 368 
1 4 0 2 0 0 1 0 2 53 8 41 41 29 95 140 224 104 97 339 
0 2 0 0 0 1 0 0 7 56 12 39 56 48 62 117 185 78 134 406 
1 1 1 2 2 2 0 1 0 66 12 23 36 75 37 106 102 118 287 573 
0 5 0 0 0 1 0 1 6 86 25 55 49 102 38 219 137 93 362 641 
0 2 1 2 0 0 1 0 13 121 37 36 52 106 33 155 159 95 256 465 
0 3 1 0 0 0 0 0 22 88 47 36 55 135 38 154 234 181 325 794 
2 0 2 0 0 0 0 0 15 150 36 49 54 193 40 305 158 226 416 572 
0 1 1 1 1 0 0 0 9 88 60 50 66 196 32 227 155 92 531 704 
0 0 0 0 2 0 0 0 5 91 62 25 51 187 34 353 114 139 422 751 
0 1 0 0 0 2 1 0 8 46 62 17 42 153 30 325 99 164 347 587 
0 0 0 0 0 0 2 0 7 69 57 49 56 229 26 280 79 162 550 368 
0 2 0 1 1 0 1 0 10 46 28 16 53 147 10 221 94 157 552 443 
1 1 0 0 0 0 0 1 2 45 36 17 21 102 14 309 86 108 589 300 
0 0 0 1 0 1 0 2 3 46 34 7 17 71 12 143 42 53 408 330 
3 2 0 0 1 1 1 1 11 92 10 13 9 51 17 210 44 74 351 414 
0 0 0 0 1 0 0 1 4 68 13 6 7 63 6 210 20 45 308 204 
1 2 2 0 1 0 0 1 7 30 18 2 9 36 8 113 20 48 454 108 
0 0 0 0 1 0 1 0 3 34 16 5 4 41 7 101 17 39 173 281 
0 0 0 0 1 1 0 0 9 34 28 7 6 46 9 145 13 88 188 234 
0 0 1 0 0 1 1 0 4 56 30 4 5 68 13 93 21 108 225 178 
1 0 1 1 0 0 1 0 3 47 36 4 7 99 8 182 19 121 256 144 
0 0 0 0 0 0 2 0 1 36 55 10 6 68 10 152 26 107 172 99 
0 0 0 2 1 0 1 1 0 67 97 2 5 52 8 192 25 475 329 206 
0 0 0 0 1 1 0 0 0 73 66 10 3 46 10 348 48 307 382 191 
1 0 0 2 0 1 0 1 1 43 101 14 5 73 2 375 29 508 403 369 
0 0 0 0 1 0 0 0 0 48 76 18 1 91 8 245 28 522 489 381 
0 2 0 1 0 0 0 0 1 49 128 18 5 84 9 185 22 539 246 394 
0 0 0 0 0 0 0 0 3 74 83 4 0 59 5 186 57 553 399 292 
1 0 0 0 0 4 0 0 1 36 183 16 0 194 3 113 101 567 349 246 
0 0 0 0 0 2 0 0 0 44 170 13 1 136 7 149 102 920 705 425 
1 3 1 0 0 1 1 0 1 20 230 16 6 95 11 163 165 496 487 197 
0 0 1 0 2 8 1 1 0 37 230 15 4 377 6 165 96 849 612 317 
2 1 0 1 0 7 1 0 0 84 637 15 11 158 13 102 125 783 388 392 
0 0 0 0 0 6 0 1 0 71 345 46 4 311 6 197 95 403 469 453 
0 0 0 0 1 11 0 0 0 40 302 33 3 143 0 96 222 281 315 338 
0 0 0 0 1 7 4 0 2 32 246 40 6 106 5 109 137 268 334 757 
1 2 0 0 0 4 1 0 0 68 216 30 3 387 6 119 172 418 522 931 
0 0 2 0 0 8 2 1 1 78 205 73 2 190 19 134 137 315 376 749 
1 0 0 1 0 8 5 0 1 58 197 80 20 244 13 117 228 151 406 954 
0 0 0 0 0 3 4 2 0 106 100 191 20 262 40 119 124 305 618 297 
0 2 0 0 1 0 12 1 5 72 63 156 11 253 24 133 159 242 411 471 
2 2 0 0 1 4 10 2 1 132 121 156 18 232 49 86 317 258 366 913 
4 0 1 1 0 1 8 0 1 149 74 175 12 104 115 90 218 180 291 359 
7 0 2 0 0 0 15 10 1 207 79 233 13 87 66 94 257 115 125 687 
0 0 0 0 0 2 19 14 1 95 54 222 14 264 83 94 283 112 249 311 
3 0 2 0 1 0 30 13 2 218 42 185 18 202 79 83 302 114 199 380 
9 0 0 1 0 0 33 7 7 384 49 164 39 221 68 70 387 101 160 470 
19 0 0 0 1 0 36 8 5 367 21 119 24 131 96 76 260 89 97 351 
11 0 0 0 1 0 27 7 1 182 26 141 12 76 77 96 207 56 114 457 
11 0 0 0 0 0 32 2 8 147 23 81 16 86 101 44 153 15 66 562 
21 0 0 2 1 0 26 7 4 99 23 129 12 51 83 39 89 17 38 464 
20 0 2 0 0 0 21 4 1 71 14 143 18 24 79 21 125 18 22 324 
37 1 0 0 2 1 16 3 0 59 8 90 23 14 80 29 109 28 41 276 
11 0 1 1 0 0 16 7 0 71 7 156 27 21 58 17 63 26 37 395 
6 0 0 0 0 1 19 9 9 33 14 102 43 21 68 32 81 26 43 465 
2 0 1 1 0 0 12 10 0 61 3 129 39 20 120 11 29 8 27 289 
0 2 0 0 0 1 16 2 2 29 6 141 41 4 85 29 60 13 36 331 
0 0 0 0 0 0 13 7 0 38 4 110 63 17 160 18 58 19 31 576 
1 1 0 0 0 0 10 2 1 39 7 69 31 3 144 21 58 5 30 803 
2 0 1 0 0 0 9 4 1 30 9 93 38 12 172 13 55 15 37 671 
0 0 1 2 1 2 11 6 0 62 10 94 63 7 138 6 40 6 23 452 
0 0 0 1 0 0 10 8 1 77 10 73 39 6 69 10 46 5 14 557 
0 0 1 0 0 2 6 6 0 30 4 51 21 7 54 11 57 13 8 520 
1 1 1 0 1 0 7 2 0 74 4 39 27 12 73 7 34 10 12 249 
0 0 0 0 0 2 1 0 0 20 4 47 9 8 59 3 32 3 10 246 
0 0 0 1 1 0 3 5 2 19 1 23 10 5 45 4 15 1 6 130 
1 0 0 0 2 0 0 1 0 7 2 14 5 7 53 5 15 1 9 142 
0 1 0 1 0 1 0 0 0 2 0 12 12 2 51 2 15 0 3 125 
1 0 0 1 2 1 0 2 0 10 0 9 6 1 7 3 20 0 5 91 
0 0 0 0 0 0 0 5 0 5 0 2 5 2 20 3 9 1 13 143 
1 2 0 0 0 0 0 4 0 7 0 6 12 2 31 4 21 1 9 94 
0 0 0 1 1 0 0 3 0 11 0 9 4 0 33 0 22 1 18 143 
1 0 0 0 0 0 0 6 0 2 1 0 16 0 105 3 22 2 16 163 
0 0 0 0 0 0 0 10 0 2 0 7 20 0 32 4 30 0 15 138 
1 0 1 0 1 0 0 6 0 5 0 6 27 2 63 8 16 0 2 172 
0 2 0 2 0 1 0 6 1 12 0 8 89 0 30 2 14 0 22 323 
0 0 1 0 0 0 0 7 1 9 0 13 81 1 34 16 24 1 14 387 
2 0 0 1 2 1 0 9 1 7 0 6 97 0 23 8 26 0 21 382 
0 1 2 0 1 0 0 20 2 2 0 9 84 0 28 26 23 0 13 297 
0 0 1 0 1 0 0 28 5 4 1 5 109 1 50 19 44 2 17 540 
1 0 0 0 0 0 0 26 2 13 5 7 307 3 63 28 52 1 18 257 
0 1 0 0 0 3 0 47 7 11 4 7 267 10 70 24 47 2 27 340 
1 1 0 0 1 0 0 64 0 11 2 13 329 3 172 21 65 0 12 244 
0 0 1 0 0 0 0 61 10 4 5 9 325 3 162 32 51 5 24 247 
0 0 0 0 0 0 0 60 8 6 7 7 281 4 235 32 84 7 42 268 
0 0 0 1 0 1 2 48 14 10 1 11 200 0 198 26 76 3 32 357 
1 0 0 0 1 2 0 56 4 1 2 13 155 2 204 48 117 6 42 276 
0 3 1 1 0 0 2 46 6 2 4 6 152 3 197 52 109 3 31 351 
0 0 0 0 0 0 0 77 21 9 1 8 210 10 222 61 170 6 62 503 
0 0 0 0 0 0 1 30 36 2 2 5 150 31 276 85 138 8 63 499 
0 2 0 0 0 1 0 107 23 8 6 8 111 25 211 77 273 4 59 902 
0 1 0 0 1 0 1 42 15 4 0 1 122 18 329 63 315 18 75 588 
0 0 0 0 1 0 0 49 19 2 4 4 104 42 310 60 556 6 55 751 
0 3 2 1 1 0 2 49 21 0 0 5 149 25 554 44 475 6 45 1052 
0 0 0 0 0 1 0 43 27 2 4 4 47 34 430 31 701 3 79 1057 
1 0 2 0 1 2 0 83 33 4 15 4 62 51 309 71 481 18 134 1782 
0 0 2 0 1 1 1 26 27 3 10 6 60 122 346 100 500 24 153 3980 
0 0 0 1 0 1 0 21 48 0 15 17 36 132 208 51 355 30 99 2233 
0 0 1 0 0 0 0 30 38 3 23 17 41 99 224 75 394 22 185 3484 
0 1 0 1 3 1 0 29 30 4 20 23 27 109 215 122 144 19 110 2758 
0 2 0 1 0 3 0 16 41 0 28 19 66 184 150 148 334 27 292 3421 
0 0 0 0 0 0 0 9 26 0 15 14 39 314 133 65 131 24 181 2037 
1 1 0 0 0 0 1 5 38 3 32 15 53 170 86 46 160 26 176 2003 
0 0 0 0 0 1 1 6 15 9 35 10 16 117 88 45 153 26 194 1669 
0 0 1 0 1 1 0 5 30 5 50 28 41 174 92 64 68 34 226 1436 
1 0 0 0 0 0 0 0 16 11 62 22 30 128 101 102 50 34 319 1288 
2 0 0 0 0 0 2 6 8 5 63 23 27 156 90 101 56 54 254 750 
1 0 1 0 0 0 0 4 8 5 104 25 37 102 76 82 75 79 453 762 
1 0 0 0 0 0 0 1 16 4 80 31 11 238 168 101 65 70 465 569 
0 0 0 0 0 0 1 1 18 7 85 125 21 102 105 116 61 47 375 557 
1 0 2 0 0 0 0 0 13 6 108 64 10 111 59 84 43 98 571 388 
0 0 2 1 0 0 2 0 10 15 192 93 16 159 70 90 71 109 612 465 
1 0 1 0 0 0 1 0 9 21 360 121 9 168 72 101 63 128 605 218 
1 0 2 3 0 1 1 0 7 19 158 114 19 87 48 75 87 108 586 197 
0 1 0 1 0 0 0 0 5 18 460 157 6 106 63 123 72 76 389 101 
0 1 1 0 0 0 0 0 6 8 238 103 12 65 56 83 106 91 272 142 
1 0 0 0 0 0 1 0 4 8 210 65 8 73 54 61 73 82 579 82 
0 0 0 0 0 1 0 0 3 7 114 109 6 34 36 148 65 56 252 49 
0 0 0 0 0 1 0 1 4 6 166 50 3 77 19 138 44 88 194 29 
0 1 0 0 0 1 1 0 0 10 66 58 2 86 8 86 47 53 104 23 
0 2 0 1 0 0 1 0 1 24 66 23 0 68 10 40 38 114 167 33 
0 0 0 1 2 0 0 1 2 17 42 21 1 65 6 61 20 55 56 9 
0 0 1 0 0 1 0 1 0 22 29 22 1 62 6 85 16 55 77 32 
0 0 0 0 0 0 0 0 0 33 38 44 4 62 11 69 14 102 139 41 
0 0 1 0 0 0 0 0 0 52 42 51 3 90 6 58 27 104 175 26 
0 0 0 0 2 0 0 0 1 95 31 49 5 101 6 51 28 120 353 35 
1 0 1 0 0 1 0 0 0 85 56 92 12 104 5 74 27 283 273 47 
1 1 5 0 0 2 0 0 0 101 46 62 14 169 4 65 24 229 253 36 
2 0 7 0 1 0 0 0 0 161 45 58 9 188 6 105 13 510 375 107 
0 0 15 0 0 1 1 1 0 98 33 61 5 91 2 121 18 466 272 91 
0 0 10 1 0 0 0 0 0 161 31 72 8 81 5 280 21 497 332 76 
2 0 2 1 2 1 0 0 1 139 26 42 9 78 11 268 31 557 336 93 
0 1 8 0 0 2 1 0 1 116 25 91 6 87 10 335 32 989 350 106 
0 0 3 0 0 1 1 0 0 148 39 61 13 107 19 307 44 767 311 67 
0 0 4 1 0 0 0 1 0 344 22 106 30 100 11 478 106 947 147 124 
2 0 0 3 0 0 1 0 1 386 25 223 13 175 12 329 74 738 392 107 
1 0 2 7 0 0 2 2 0 510 20 186 27 109 10 494 43 835 507 108 
1 1 1 4 0 0 0 3 0 427 20 195 2 104 2 395 69 452 444 89 
3 0 0 4 2 0 0 3 1 272 14 187 4 120 2 323 56 405 174 94 
0 1 0 13 0 2 1 2 1 191 13 197 8 180 16 367 48 636 374 96 
0 0 0 23 1 0 0 2 0 231 34 202 2 75 15 329 86 520 328 81 
0 0 2 19 0 0 0 6 3 124 47 385 21 100 41 215 95 646 163 80 
1 0 0 43 0 0 0 9 0 147 25 209 12 102 41 168 120 331 181 131 
0 0 1 55 0 0 0 13 0 171 37 121 5 176 16 271 129 315 212 96 
0 0 0 41 1 0 3 21 2 109 34 233 15 97 38 297 93 209 121 179 
1 0 1 57 0 1 0 8 0 89 47 186 21 102 28 194 142 308 132 140 
0 0 1 18 1 0 3 27 1 55 50 171 6 80 52 195 157 306 179 234 
0 0 1 19 0 0 2 17 0 35 35 177 19 91 36 333 86 297 332 161 
0 0 0 9 0 0 5 14 7 59 41 112 26 57 48 223 160 253 118 474 
0 0 2 8 4 0 7 18 8 55 54 161 31 63 38 175 78 433 209 159 
0 2 0 3 2 1 5 7 12 35 91 143 26 81 59 193 242 329 254 202 
1 2 0 3 10 6 8 19 12 35 85 91 28 79 71 151 227 328 162 268 
0 0 0 6 23 9 10 5 4 20 116 66 34 100 38 151 196 239 182 289 
0 0 3 1 46 11 7 6 12 26 91 80 29 83 48 30 284 230 168 197 
2 0 0 0 90 33 7 10 7 22 77 114 24 62 53 55 285 111 195 250 
0 5 0 0 81 19 8 7 16 26 53 70 35 28 54 42 289 80 332 198 
0 3 0 0 28 33 6 7 10 8 57 50 20 81 42 26 202 61 508 124 
0 0 0 0 29 30 6 3 14 13 36 38 66 62 43 39 198 84 292 266 
0 5 1 1 23 74 11 3 13 8 24 35 34 45 48 24 225 32 461 241 
0 8 0 1 16 67 15 2 5 6 28 64 103 57 63 15 287 85 214 307 
0 3 1 1 2 70 13 3 5 7 13 42 152 79 88 23 192 39 205 189 
1 5 0 0 2 51 10 0 2 7 28 39 62 102 65 21 181 45 120 263 
1 0 3 1 1 44 15 0 7 7 41 24 66 93 85 25 176 55 246 209 
1 3 1 0 3 41 18 0 4 3 24 22 80 99 42 28 141 32 163 238 
0 4 0 1 0 19 12 3 7 1 38 19 94 68 63 7 240 12 287 181 
0 2 2 0 0 12 16 2 0 1 44 8 92 83 57 19 210 25 135 282 
0 2 1 0 0 23 16 0 4 1 64 3 110 56 154 16 184 10 136 427 
0 2 0 0 1 14 9 5 2 1 33 1 180 38 48 18 144 9 157 219 
0 0 0 1 0 4 8 1 0 0 19 0 191 40 96 8 180 7 122 239 
1 5 0 1 3 1 6 0 2 0 14 0 255 32 87 5 248 3 111 241 
0 2 0 0 2 5 1 0 8 0 17 0 143 20 97 3 117 3 96 176 
0 0 1 0 0 2 2 2 2 1 10 1 74 13 60 5 79 0 76 195 
0 0 0 0 0 0 1 2 0 1 7 1 107 14 89 4 96 0 62 106 
0 0 0 1 2 0 2 0 1 4 8 1 70 11 32 2 34 0 61 100 
0 0 0 1 1 2 3 0 0 2 19 0 52 12 53 6 56 1 80 198 
0 1 0 0 0 1 3 1 0 0 21 0 119 4 56 5 67 1 66 103 
1 0 1 0 1 2 6 0 0 0 27 1 180 10 125 0 63 3 31 122 
0 0 0 0 0 6 2 0 0 2 10 1 256 10 119 1 103 0 75 148 
0 1 0 1 0 4 0 1 1 1 25 3 198 18 291 1 66 4 92 100 
1 0 0 1 0 3 1 0 3 0 19 3 198 24 197 1 64 1 125 312 
0 0 1 0 1 0 1 1 0 0 25 4 267 32 219 3 52 0 166 334 
0 0 0 0 0 0 0 0 2 0 28 3 266 20 259 1 32 0 134 186 
1 0 0 0 0 5 0 0 0 0 39 5 184 31 298 1 41 1 118 198 
0 1 2 0 0 0 0 0 0 2 36 1 369 18 158 1 50 2 147 231 
0 1 0 0 0 1 0 0 0 1 63 2 156 39 176 4 31 4 152 460 
1 0 0 2 0 2 1 0 0 0 86 5 254 47 292 5 53 1 127 435 
0 0 1 0 0 1 3 0 0 1 124 5 279 77 466 1 48 2 108 635 
0 0 2 1 1 1 1 3 0 1 84 9 214 70 398 9 16 7 80 830 
1 1 0 1 1 1 2 0 0 2 73 5 341 82 403 7 40 0 83 1178 
0 0 0 0 0 1 0 0 0 2 47 6 331 43 218 8 54 6 176 835 
0 0 0 0 1 0 0 0 0 0 73 6 331 60 356 8 28 16 65 734 
0 0 0 0 0 0 1 0 1 0 66 10 285 75 459 16 33 19 104 712 
2 2 0 0 0 0 0 0 1 0 91 31 105 91 380 13 55 20 141 1238 
0 0 0 0 1 1 0 3 0 0 68 58 124 43 433 10 79 8 79 1393 
0 0 0 1 1 1 0 0 1 3 82 44 183 65 275 24 56 19 241 2422 
0 0 1 1 1 0 0 1 1 9 57 47 99 136 201 37 180 17 412 1013 
0 0 0 0 0 1 1 2 5 3 77 63 89 90 191 27 134 9 360 2332 
2 0 0 0 0 1 0 0 2 4 59 82 23 133 345 90 157 19 142 1468 
1 0 0 1 0 0 2 5 6 8 56 97 48 59 253 87 193 13 660 1623 
0 0 0 0 1 1 0 0 2 7 87 77 56 45 186 93 229 9 335 2525 
0 0 0 0 0 0 0 0 4 23 70 44 13 126 297 86 221 27 586 2392 
2 0 0 1 1 0 0 1 0 11 54 81 25 83 213 94 153 78 634 1722 
0 2 0 1 0 0 0 5 0 16 51 39 9 115 201 135 126 94 343 3451 
1 2 2 0 0 0 0 0 5 26 46 40 7 80 251 107 183 56 650 2713 
0 0 0 2 1 0 0 11 13 24 71 53 8 113 183 156 451 20 761 1759 
0 0 2 0 2 0 2 7 9 37 57 44 3 81 106 162 401 79 477 1368 
1 1 0 0 0 1 2 8 8 33 48 45 6 85 70 93 483 60 650 923 
0 7 0 1 0 0 0 16 25 12 33 24 3 37 47 71 421 53 349 1221 
0 3 1 0 0 0 0 24 9 23 33 46 5 102 33 52 675 81 420 561 
0 3 2 0 0 1 2 20 20 37 37 28 5 100 51 36 340 61 311 466 
1 1 0 0 0 0 0 48 38 30 37 38 0 46 49 151 302 55 536 403 
0 0 0 0 1 0 1 47 18 28 57 27 7 87 27 155 287 126 270 231 
0 0 0 1 4 1 0 63 39 11 48 47 4 79 30 138 203 89 245 173 
0 2 0 0 1 3 3 38 39 11 30 37 5 157 21 110 304 52 262 236 
1 0 0 0 1 0 3 56 48 5 40 42 6 82 18 98 276 121 196 126 
0 0 0 3 1 1 4 29 34 34 71 41 6 98 9 69 166 154 248 118 
1 2 0 0 0 0 1 23 32 30 38 59 7 158 19 73 258 132 213 122 
2 2 2 0 0 0 1 27 31 51 51 50 12 195 17 139 100 157 181 60 
0 1 0 0 0 0 0 24 89 42 27 47 15 263 17 168 191 148 58 75 
0 0 0 0 0 0 2 8 47 45 42 52 7 203 13 98 118 160 88 81 
0 0 0 1 0 1 0 6 68 28 40 41 5 165 6 54 76 165 57 67 
0 0 0 1 0 0 0 11 44 18 28 32 2 179 1 26 87 68 43 25 
0 0 0 2 0 0 1 5 36 24 13 19 0 108 5 45 53 114 33 36 
0 1 0 0 0 1 0 4 31 19 12 13 0 140 3 39 20 177 23 23 
0 0 0 0 0 0 2 7 46 13 3 14 0 53 3 23 15 93 20 13 
1 0 0 0 0 2 0 0 23 17 6 17 7 64 2 39 14 90 16 5 
1 0 0 0 0 0 0 0 31 17 17 8 2 68 5 30 23 66 29 2 
1 1 1 0 0 0 2 1 42 28 29 8 17 49 11 68 13 65 37 4 
0 1 0 0 0 1 0 0 24 24 22 13 9 40 6 37 17 139 17 2 
1 0 0 0 0 0 1 0 27 72 52 8 20 125 6 78 10 226 24 3 
0 2 1 0 0 1 2 1 39 104 45 11 11 104 5 74 18 383 20 2 
0 0 2 0 1 0 0 0 31 125 54 19 13 115 7 116 35 667 9 8 
0 1 0 0 0 0 0 0 39 65 41 6 6 93 3 202 40 641 32 23 
0 0 1 0 1 0 1 0 32 87 67 8 6 45 10 268 43 583 27 24 
0 0 0 0 0 0 0 0 12 134 86 9 7 77 8 116 37 740 25 21 
0 0 1 0 1 0 1 0 18 60 55 13 7 111 10 233 57 572 45 29 
0 0 0 1 1 0 0 0 15 184 85 16 5 117 5 195 50 339 42 17 
0 1 1 0 1 1 0 1 8 212 92 12 11 110 9 133 59 212 28 24 
1 0 0 0 0 1 0 0 11 251 98 48 5 123 2 496 89 472 48 61 
