299 
486 
719 
1839 
1058 
1945 
1242 
3492 
2351 
3369 
1596 
2346 
1346 
2041 
1721 
1836 
2684 
906 
1105 
1358 
538 
459 
427 
291 
499 
410 
280 
300 
277 
229 
181 
138 
116 
80 
34 
45 
47 
46 
26 
44 
22 
41 
9 
10 
31 
34 
24 
36 
24 
68 
35 
17 
22 
18 
23 
12 
24 
27 
18 
20 
3 
14 
11 
14 
23 
29 
24 
35 
16 
20 
18 
29 
24 
124 
48 
27 
49 
101 
94 
101 
83 
185 
139 
229 
147 
85 
186 
126 
52 
79 
107 
139 
451 
195 
832 
834 
475 
681 
387 
1126 
1483 
1466 
2210 
1701 
2630 
1184 
2563 
3495 
2627 
2118 
8249 
4931 
2972 
1932 
3295 
2298 
2932 
1347 
2112 
1183 
398 
576 
563 
324 
110 
240 
205 
86 
111 
83 
42 
27 
29 
26 
9 
22 
8 
8 
6 
0 
4 
10 
1 
6 
10 
2 
6 
10 
8 
9 
7 
16 
33 
16 
29 
39 
45 
38 
46 
37 
56 
62 
78 
62 
25 
107 
64 
41 
77 
152 
85 
92 
127 
93 
106 
36 
50 
92 
103 
183 
134 
193 
259 
379 
587 
960 
361 
657 
881 
491 
309 
110 
416 
672 
426 
517 
638 
1969 
1277 
2354 
1884 
2360 
1465 
1646 
5486 
2024 
3147 
3079 
985 
2129 
2950 
1476 
1754 
653 
2707 
451 
724 
1044 
2169 
409 
735 
402 
358 
156 
379 
224 
116 
151 
96 
113 
84 
115 
46 
59 
67 
107 
87 
52 
57 
60 
26 
24 
33 
22 
20 
15 
13 
11 
11 
8 
15 
24 
11 
8 
7 
27 
11 
15 
13 
41 
18 
18 
13 
48 
142 
64 
84 
120 
104 
262 
209 
455 
391 
307 
131 
801 
876 
303 
946 
483 
901 
1833 
3274 
1438 
1903 
1624 
1064 
1269 
1200 
1106 
1012 
1008 
633 
478 
820 
639 
318 
386 
327 
454 
471 
315 
418 
298 
570 
294 
398 
562 
538 
598 
556 
500 
451 
530 
327 
312 
334 
316 
575 
489 
429 
341 
454 
487 
352 
144 
129 
115 
188 
53 
141 
304 
244 
159 
63 
80 
99 
55 
25 
106 
68 
51 
62 
64 
70 
42 
61 
38 
18 
42 
18 
29 
44 
75 
215 
77 
59 
67 
79 
69 
85 
164 
155 
186 
46 
115 
177 
138 
177 
97 
345 
368 
786 
570 
533 
1353 
799 
487 
1704 
679 
908 
1528 
813 
857 
1425 
1186 
469 
954 
1444 
1433 
999 
724 
1288 
2351 
949 
584 
320 
467 
288 
161 
448 
281 
238 
378 
275 
502 
248 
497 
532 
689 
589 
503 
288 
491 
630 
845 
2044 
926 
928 
714 
679 
681 
889 
925 
1012 
1306 
1142 
1041 
983 
497 
530 
621 
454 
668 
1114 
798 
800 
620 
188 
449 
348 
317 
149 
228 
180 
179 
130 
112 
91 
80 
44 
130 
162 
53 
78 
177 
48 
195 
279 
187 
153 
172 
165 
166 
143 
123 
199 
375 
394 
488 
296 
407 
555 
451 
311 
651 
566 
313 
346 
956 
945 
3464 
833 
756 
1690 
700 
1003 
1385 
1694 
444 
929 
1031 
723 
433 
242 
116 
239 
104 
334 
189 
130 
116 
35 
102 
52 
115 
105 
159 
64 
60 
158 
183 
72 
101 
82 
107 
118 
159 
108 
77 
134 
127 
105 
89 
154 
253 
442 
95 
329 
203 
781 
643 
600 
538 
145 
798 
518 
514 
298 
270 
161 
342 
592 
332 
252 
300 
214 
242 
599 
372 
936 
932 
161 
711 
850 
426 
443 
426 
413 
328 
384 
247 
639 
488 
420 
803 
909 
1192 
709 
1002 
811 
1049 
541 
1655 
1450 
1036 
809 
1923 
2242 
524 
1020 
1704 
816 
266 
810 
503 
481 
678 
637 
203 
306 
283 
114 
164 
104 
138 
115 
149 
87 
114 
106 
84 
150 
221 
75 
124 
122 
62 
53 
24 
12 
62 
43 
77 
68 
62 
85 
62 
34 
136 
137 
152 
214 
158 
197 
329 
242 
73 
111 
308 
124 
112 
215 
176 
235 
258 
257 
428 
399 
296 
347 
360 
374 
346 
312 
1042 
782 
769 
547 
935 
779 
1265 
963 
912 
1475 
1526 
759 
650 
538 
419 
234 
610 
381 
251 
144 
385 
232 
388 
327 
433 
242 
238 
291 
210 
340 
295 
606 
478 
594 
387 
439 
916 
491 
1003 
803 
765 
678 
997 
364 
1270 
1218 
1563 
906 
1933 
1198 
1074 
1193 
1601 
1149 
1058 
432 
1189 
1116 
662 
609 
497 
324 
342 
352 
484 
201 
211 
74 
121 
81 
96 
46 
145 
182 
144 
127 
67 
75 
65 
75 
93 
52 
57 
43 
57 
52 
29 
22 
40 
74 
49 
31 
25 
86 
12 
67 
32 
87 
41 
72 
54 
27 
40 
39 
20 
81 
103 
110 
128 
143 
73 
86 
187 
175 
236 
322 
191 
143 
192 
305 
167 
171 
137 
270 
224 
183 
773 
229 
279 
223 
1611 
1178 
1165 
1793 
2826 
1417 
1760 
1896 
861 
1930 
1783 
2402 
1510 
1646 
2165 
2186 
639 
845 
3174 
1115 
1923 
1034 
1361 
646 
225 
957 
369 
534 
746 
968 
568 
952 
539 
1170 
461 
358 
476 
449 
101 
157 
92 
95 
73 
65 
39 
16 
25 
21 
12 
14 
22 
7 
9 
9 
29 
12 
21 
