94513 150 150 0 3375470 
94929 121 100 153 3375470 
95266 154 124 104 3375470 
95681 96 177 80 3375470 
96031 112 145 141 3375470 
96414 117 81 169 3375470 
96772 136 110 91 3375470 
97183 89 133 100 3375470 
97609 91 94 119 3375470 
98061 92 66 81 3375470 
98502 81 81 54 3375470 
98906 91 70 83 3375470 
99321 79 82 74 3375470 
99754 72 63 85 3375470 
100156 78 91 47 3375470 
100594 98 52 77 3375470 
101055 73 62 56 3375470 
101488 55 93 46 3375470 
101953 39 39 115 3375470 
102417 48 27 31 3375470 
102846 58 37 31 3375470 
103296 46 45 37 3375470 
103751 63 41 34 3375470 
104197 50 63 37 3375470 
104629 48 65 62 3375470 
105077 59 48 54 3375470 
105519 39 84 37 3375470 
105922 77 55 67 3375470 
106349 91 51 54 3375470 
106780 50 102 62 3375470 
107213 25 82 78 3375470 
107627 42 38 74 3375470 
108071 40 67 21 3375470 
108542 40 53 38 3375470 
109004 51 58 32 3375470 
109463 58 34 47 3375470 
128250 34 61 26 3375470 
128703 44 29 66 3375470 
129110 80 44 18 3375470 
129582 61 49 42 3375470 
130012 89 69 28 3375470 
130304 134 94 106 3375470 
130638 192 91 98 3375470 
131053 119 111 132 3375470 
131419 138 111 89 3375470 
131790 196 81 97 3375470 
132174 144 166 71 3375470 
132541 150 160 121 3375470 
132879 187 146 128 3375470 
133035 229 255 194 3375470 
133314 212 287 179 3375470 
133537 313 136 308 3375470 
133900 132 216 220 3375470 
134478 124 148 192 3389620 
135044 139 134 162 3389620 
135607 194 150 90 3389620 
136188 198 154 141 3389620 
136775 170 197 131 3389620 
137272 268 201 129 3389620 
137596 429 261 175 3389620 
138120 307 298 291 3389620 
138592 340 200 304 3389620 
138714 571 305 276 3389620 
139147 402 335 425 3389620 
139558 382 400 260 3389620 
139597 380 727 352 3389620 
139733 722 495 491 3389620 
139746 591 677 650 3389620 
140103 605 415 617 3389620 
140391 544 580 304 3389620 
140823 468 434 494 3389620 
140899 569 520 443 3389620 
141164 489 570 480 3389620 
141191 715 616 389 3389620 
141325 610 648 666 3389620 
141066 803 751 693 3389620 
141081 790 640 815 3389620 
141214 741 561 725 3389620 
141197 777 759 516 3389620 
141092 760 878 723 3389620 
140185 1297 1220 734 3389620 
139778 1399 1092 1135 3389620 
139712 875 1466 929 3389620 
138942 1044 1862 924 3389620 
138236 1227 1673 1428 3389620 
137722 1238 1602 1285 3389620 
137665 926 955 1723 3389620 
138019 503 814 921 3389620 
137961 757 570 770 3389620 
164221 869 591 714 3389620 
164227 777 1043 333 3389620 
163816 1022 615 1295 3389620 
163029 1662 717 729 3389620 
162985 707 1336 1077 3389620 
162144 1114 662 1825 3389620 
161891 1265 697 762 3389620 
161781 1094 841 847 3389620 
161177 1420 1007 813 3389620 
160756 1950 808 796 3389620 
160303 2059 780 1075 3389620 
159415 1972 1446 1025 3389620 
158286 2178 1715 1364 3389620 
156893 1579 2358 2027 3389620 
155725 1393 2644 1778 3389620 
155165 1670 1723 1926 3389620 
153986 2004 1689 1601 3358000 
152200 3263 1701 1274 3358000 
150493 2485 2943 1977 3358000 
147016 2929 4267 2436 3358000 
141332 4907 5008 3723 3358000 
137137 5144 6461 3262 3358000 
130193 7497 5350 6490 3358000 
124768 7257 7142 4656 3358000 
121766 4943 5699 7540 3358000 
117740 5149 6079 4199 3358000 
113482 6265 4273 5725 3358000 
109810 3954 4018 6996 3358000 
107159 4032 4240 3127 3358000 
104592 4565 4335 2705 3358000 
102792 3285 3228 4973 3358000 
101750 1919 3269 3164 3358000 
99785 3057 2254 2621 3358000 
98962 2694 2078 2135 3358000 
99124 2225 1499 1663 3358000 
98898 1561 737 2432 3358000 
99200 955 607 1184 3358000 
99417 771 690 665 3358000 
99941 532 629 558 3358000 
100300 452 403 723 3358000 
100854 343 252 479 3358000 
101211 491 301 223 3358000 
101472 618 418 279 3358000 
101960 453 459 409 3358000 
102295 499 478 383 3358000 
102699 524 397 410 3358000 
103149 206 645 397 3358000 
103476 286 615 390 3358000 
103925 358 395 471 3358000 
104543 325 285 311 3358000 
105115 281 286 228 3358000 
105699 255 281 237 3358000 
134444 320 236 258 3358000 
135050 236 247 254 3358000 
135225 418 541 120 3358000 
135563 504 404 489 3358000 
135816 417 795 211 3358000 
135726 845 648 570 3358000 
135302 1277 875 542 3358000 
134656 1144 1707 720 3358000 
133624 1577 1637 1456 3358000 
132893 1977 1390 1353 3358000 
132177 1602 1697 1559 3358000 
130855 1679 1732 1984 3358000 
129608 2401 1296 1752 3358000 
127946 2297 2156 1697 3358000 
126907 1846 1893 2538 3358000 
125531 1893 2027 1973 3358000 
124769 1114 2197 2082 3363000 
123740 1597 1939 1464 3363000 
122153 1555 2055 2181 3363000 
121431 1951 1437 1606 3363000 
120241 1904 2096 1242 3363000 
119049 1894 1014 2963 3363000 
118777 1613 1330 903 3363000 
118123 1975 1149 1154 3363000 
117048 2188 1463 1216 3363000 
116307 1682 1376 2001 3363000 
116005 1014 1331 1667 3363000 
115213 1243 1492 1053 3363000 
114753 1086 1592 1185 3363000 
114190 1087 1486 1325 3363000 
114066 1158 916 1260 3363000 
113765 1242 1037 758 3363000 
113897 711 937 1175 3363000 
114236 580 525 858 3363000 
114370 435 428 790 3363000 
114675 389 542 300 3363000 
114944 551 491 293 3363000 
115120 447 667 392 3363000 
115292 712 458 438 3363000 
115430 711 523 446 3363000 
115516 537 767 510 3363000 
115097 805 1174 390 3363000 
114626 924 939 1245 3363000 
114608 788 791 961 3363000 
114791 673 721 661 3363000 
114966 673 502 715 3363000 
115304 482 587 419 3363000 
115634 380 444 594 3363000 
115989 445 335 344 3363000 
116301 333 487 327 3363000 
116542 242 372 620 3363000 
117005 131 309 370 3363000 
141737 234 264 194 3363000 
142061 352 206 284 3363000 
142257 366 392 236 3363000 
142305 517 475 383 3363000 
142684 326 296 630 3363000 
142941 472 249 312 3363000 
143064 564 510 187 3363000 
143425 546 382 446 3363000 
143460 565 432 542 3363000 
143548 532 568 462 3363000 
143589 619 565 501 3363000 
143834 580 557 449 3363000 
143614 914 548 550 3363000 
143746 879 586 518 3363000 
142971 1241 959 700 3363000 
142567 1036 1094 1114 3363000 
142681 1109 623 929 3343000 
142938 858 683 553 3343000 
142332 1282 875 592 3343000 
142071 1176 1326 508 3343000 
141126 1527 1690 830 3343000 
140500 1518 1016 1922 3343000 
139480 1637 1660 859 3343000 
138797 1748 1305 1514 3343000 
138261 1901 897 1401 3343000 
137771 1701 1275 912 3343000 
136627 1533 1797 1401 3343000 
135710 1814 1700 1321 3343000 
134439 1893 1405 2085 3343000 
132288 3133 2057 860 3343000 
129873 3456 2867 1905 3343000 
128626 2606 2854 2685 3343000 
126976 3003 2380 2340 3343000 
125568 1708 2732 2969 3343000 
123163 3026 2499 1920 3343000 
122010 1018 2433 3828 3343000 
119634 2201 1966 2250 3343000 
118757 2192 1955 1513 3343000 
117043 2711 2300 1461 3343000 
115960 1801 2607 2309 3343000 
113414 3204 1769 2565 3343000 
111350 3885 2601 1183 3343000 
109905 3871 2498 2178 3343000 
108070 3622 2221 2987 3343000 
106688 3251 2980 1602 3343000 
105983 1531 2771 3258 3343000 
104797 1790 3214 1088 3343000 
104021 1877 1943 2563 3343000 
103145 1531 1899 1889 3343000 
102473 990 1962 1768 3343000 
102435 747 1660 1219 3343000 
102004 889 1702 860 3343000 
124257 740 1850 971 3343000 
123472 1007 1509 1465 3343000 
122490 1146 1428 1520 3343000 
121509 1606 1007 1568 3343000 
121312 1295 1268 863 3343000 
120946 1103 826 1596 3343000 
120929 778 1125 656 3343000 
120278 1109 922 1124 3343000 
120384 768 1109 663 3343000 
119957 1379 791 758 3343000 
119452 1483 769 1038 3343000 
118768 1746 1080 733 3343000 
118838 1130 1064 1168 3343000 
118446 1345 876 989 3343000 
117339 1500 1385 1058 3343000 
116852 1492 1464 1045 3343000 
116521 1167 1199 1511 3322000 
116108 1301 870 1194 3322000 
115232 1371 1435 811 3322000 
114141 1820 1649 1014 3322000 
112802 2243 1940 1210 3322000 
111421 2268 1634 2252 3322000 
110956 1634 1181 2149 3322000 
109668 2078 1812 800 3322000 
108736 1684 2740 961 3322000 
107505 2001 1576 2667 3322000 
107097 1766 1349 1465 3322000 
106418 1376 1202 1807 3322000 
106001 825 1531 1218 3322000 
105350 1307 795 1487 3322000 
105327 1132 860 725 3322000 
105358 782 918 828 3322000 
105273 762 705 888 3322000 
105381 773 605 568 3322000 
105226 713 785 613 3322000 
105236 833 471 778 3322000 
105412 939 377 403 3322000 
105622 702 304 669 3322000 
105970 580 310 354 3322000 
106070 478 548 360 3322000 
106238 512 224 711 3322000 
106635 341 199 383 3322000 
107001 318 277 183 3322000 
107435 205 297 235 3322000 
107720 233 282 282 3322000 
108104 199 252 273 3322000 
108547 176 141 281 3322000 
109065 101 142 144 3322000 
109526 77 162 107 3322000 
109964 107 154 111 3322000 
110501 102 109 99 3322000 
111031 66 108 91 3322000 
133035 74 52 91 3322000 
133555 70 51 62 3322000 
134010 105 75 47 3322000 
134422 127 163 53 3322000 
134720 275 171 135 3322000 
135028 212 186 273 3322000 
135372 215 224 179 3322000 
135752 244 225 177 3322000 
136185 183 223 217 3322000 
136498 318 167 168 3322000 
136920 215 222 204 3322000 
137250 346 186 142 3322000 
137620 309 235 206 3322000 
137761 346 410 234 3322000 
137876 457 362 391 3322000 
137843 508 474 429 3322000 
138075 451 351 504 3322000 
138277 509 408 227 3295000 
138062 747 529 391 3295000 
137946 696 723 543 3295000 
137250 1002 1049 624 3295000 
136161 1596 1532 570 3295000 
135427 1211 2191 1001 3295000 
134137 1587 1944 1739 3295000 
132631 2143 1254 2205 3295000 
131783 1822 1627 1353 3295000 
130617 1904 1810 1467 3295000 
128660 2169 2289 1785 3295000 
125957 2636 3116 1972 3295000 
123132 3018 2550 3571 3295000 
120254 3311 3418 2281 3295000 
116017 4965 4827 1743 3295000 
113624 4986 3292 4469 3295000 
112342 2294 4622 3186 3295000 
108703 3486 4829 2804 3295000 
103411 6710 3866 3591 3295000 
99520 5288 6773 2967 3295000 
94923 4767 4405 8045 3295000 
88544 5813 6390 3924 3295000 
85695 6780 2801 6029 3295000 
83991 4330 5158 2385 3295000 
80931 3263 3811 6048 3295000 
79751 3322 2460 3050 3295000 
79166 2815 1826 2304 3295000 
78494 1975 1542 2374 3295000 
78038 998 1624 1934 3295000 
78075 767 838 1553 3295000 
78432 418 323 1084 3295000 
78884 217 386 276 3295000 
79181 266 287 324 3295000 
79676 103 225 310 3295000 
80136 128 162 150 3295000 
101580 106 74 201 3295000 
102078 67 128 69 3295000 
102593 46 106 102 3295000 
103100 68 77 83 3295000 
103612 84 52 69 3295000 
104064 106 96 46 3295000 
104492 88 119 129 3295000 
104944 105 153 66 3295000 
105419 81 103 156 3295000 
105879 67 133 89 3295000 
106362 88 66 131 3295000 
106876 82 68 63 3295000 
107351 92 91 46 3295000 
107907 70 57 81 3295000 
108395 68 94 43 3295000 
108901 93 64 78 3295000 
109416 56 53 89 3295000 
109936 74 42 36 3273000 
110454 71 58 35 3273000 
110940 74 75 50 3273000 
111412 97 51 85 3273000 
111928 69 64 67 3273000 
112430 57 51 79 3273000 
112950 57 39 45 3273000 
113439 75 46 33 3273000 
113940 69 34 61 3273000 
114468 44 41 58 3273000 
115014 25 36 41 3273000 
115519 25 39 32 3273000 
116061 20 25 35 3273000 
116586 25 27 20 3273000 
117140 12 7 40 3273000 
117697 8 10 5 3273000 
118249 13 7 10 3273000 
118797 11 6 10 3273000 
119344 9 8 8 3273000 
119876 21 15 7 3273000 
120411 23 19 15 3273000 
120923 42 19 26 3273000 
121466 36 14 30 3273000 
122008 26 27 16 3273000 
122561 20 18 31 3273000 
123098 36 26 15 3273000 
123627 39 34 24 3273000 
124123 41 57 49 3273000 
124563 48 81 83 3273000 
125071 41 55 73 3273000 
125583 38 40 49 3273000 
126080 34 36 42 3273000 
126578 50 38 29 3273000 
127083 25 64 32 3273000 
127585 27 49 58 3273000 
128087 31 41 46 3273000 
149125 67 47 32 3273000 
149495 143 106 40 3273000 
149865 151 174 101 3273000 
150067 378 159 138 3273000 
150378 290 262 240 3273000 
150724 175 185 383 3273000 
151020 293 98 211 3273000 
151414 212 158 177 3273000 
151840 172 160 157 3273000 
152167 275 162 133 3273000 
152475 347 234 98 3273000 
152811 325 254 216 3273000 
152882 370 349 323 3273000 
153088 318 372 389 3273000 
153027 584 393 297 3273000 
153042 439 557 485 3273000 
153327 432 288 548 3253880 
153421 550 257 355 3253880 
153571 484 428 283 3253880 
153509 727 383 371 3253880 
153612 737 341 485 3253880 
152874 1226 553 570 3253880 
152709 889 940 651 3253880 
152288 1177 974 611 3253880 
151572 1375 1189 848 3253880 
150542 2002 745 1362 3253880 
149807 1491 1363 1156 3253880 
144735 4034 3034 1373 3253880 
141098 3833 3362 4039 3253880 
137841 4820 3579 2589 3253880 
134746 4207 3920 3891 3253880 
131522 5257 3076 3529 3253880 
129470 3116 2943 4871 3253880 
126157 3417 4241 2266 3253880 
123199 3311 3596 4230 3253880 
120289 3959 3342 3060 3253880 
117661 3299 3126 4045 3253880 
115730 2886 3002 3004 3253880 
113319 3084 3646 2108 3253880 
110541 3862 2654 3537 3253880 
108739 2753 2750 3372 3253880 
105397 2747 3598 3030 3253880 
102505 3677 1958 4167 3253880 
101004 2279 4019 1389 3253880 
97686 3156 3480 3537 3253880 
96069 3208 1900 3689 3253880 
95386 1593 2914 1847 3253880 
94821 1276 1661 2689 3253880 
94343 917 1704 1356 3253880 
94161 712 922 1728 3253880 
94362 429 847 724 3253880 
94520 351 845 485 3253880 
114930 405 469 855 3253880 
114795 488 747 336 3253880 
114541 810 454 771 3253880 
114548 588 613 613 3253880 
114586 306 1013 393 3253880 
114235 868 972 380 3253880 
114329 843 519 929 3253880 
114365 746 715 419 3253880 
114612 463 592 706 3253880 
114040 794 920 478 3253880 
113779 994 411 1109 3253880 
113788 795 578 565 3253880 
113873 661 360 825 3253880 
113863 427 704 435 3253880 
113969 391 367 808 3253880 
114196 308 379 393 3253880 
114476 251 303 406 3225000 
114852 211 297 219 3225000 
115243 178 232 260 3225000 
115579 255 152 218 3225000 
115719 328 411 92 3225000 
115878 254 449 425 3225000 
116081 239 468 305 3225000 
116392 232 390 313 3225000 
116573 276 349 358 3225000 
116800 410 309 239 3225000 
116954 597 292 244 3225000 
117055 542 377 406 3225000 
117383 456 407 278 3225000 
117770 222 175 637 3225000 
118150 173 167 192 3225000 
118583 91 180 187 3225000 
119051 84 107 159 3225000 
119509 86 115 64 3225000 
119902 110 135 84 3225000 
120263 107 158 175 3225000 
120665 138 114 148 3225000 
121105 139 80 149 3225000 
121554 116 96 108 3225000 
121964 125 144 80 3225000 
122285 154 170 147 3225000 
122728 150 147 150 3225000 
123057 163 213 136 3225000 
123267 320 207 183 3225000 
123557 221 322 242 3225000 
123832 276 332 218 3225000 
124149 217 297 323 3225000 
124355 243 352 241 3225000 
124448 313 443 281 3225000 
124754 258 316 412 3225000 
125052 208 275 325 3225000 
125437 196 212 249 3225000 
146074 167 259 183 3225000 
146148 443 289 162 3225000 
146079 484 438 388 3225000 
146207 329 629 384 3225000 
146069 330 890 407 3225000 
145845 781 496 700 3225000 
145826 716 693 417 3225000 
145495 1013 639 639 3225000 
145361 867 765 700 3225000 
145040 1096 836 560 3225000 
143982 1239 1367 944 3225000 
143014 1373 927 1794 3225000 
142325 1114 1141 1274 3225000 
141371 1810 1147 813 3225000 
140688 1476 884 1821 3225000 
140286 854 1594 814 3225000 
139779 1031 1285 1188 3204000 
139666 887 612 1443 3204000 
139572 630 793 716 3204000 
139464 912 309 859 3204000 
139370 591 477 774 3204000 
139405 650 459 461 3204000 
139181 880 605 379 3204000 
139400 688 549 555 3204000 
139309 675 541 638 3204000 
138523 948 695 897 3204000 
138293 963 978 468 3204000 
138160 947 1037 627 3204000 
137614 1031 982 1016 3204000 
137195 1081 763 1106 3204000 
136902 1047 792 829 3204000 
136947 663 1010 659 3204000 
136779 857 633 884 3204000 
136554 877 804 562 3204000 
136411 845 779 716 3204000 
136054 617 893 1004 3204000 
135365 728 1288 717 3204000 
134556 1141 1365 854 3204000 
133449 1587 1535 1022 3204000 
130880 2368 2899 944 3204000 
126270 4140 3744 2530 3204000 
122650 3784 4250 4005 3204000 
119005 4264 5538 2413 3204000 
112700 5104 6753 4777 3204000 
107596 4796 6288 6412 3204000 
104916 3758 3425 7111 3204000 
101834 2716 6146 1937 3204000 
97446 4325 4506 4942 3204000 
94109 4531 3799 4373 3204000 
93463 2553 2168 4798 3204000 
93302 1222 2098 2104 3204000 
93235 706 1551 1678 3204000 
112754 1076 887 1249 3204000 
112389 1168 773 904 3204000 
112378 815 907 749 3204000 
111963 721 651 1299 3204000 
111575 811 746 741 3204000 
111294 805 813 747 3204000 
110944 892 905 715 3204000 
110646 693 1144 787 3204000 
110125 881 1410 593 3204000 
109433 948 1062 1512 3204000 
108997 911 897 1181 3204000 
108721 994 764 876 3204000 
108860 617 798 728 3204000 
108268 888 1059 596 3204000 
108160 651 1221 719 3204000 
108181 659 607 1129 3204000 
108438 400 751 385 3194480 
108522 469 509 630 3194480 
108524 581 239 732 3194480 
108689 476 478 279 3194480 
108813 436 437 509 3194480 
108938 452 414 444 3194480 
109057 356 486 470 3194480 
109157 433 423 454 3194480 
109241 637 452 221 3194480 
109438 519 319 618 3194480 
109553 421 514 361 3194480 
109763 360 456 456 3194480 
109949 438 372 397 3194480 
110051 514 563 207 3194480 
110138 413 710 437 3194480 
110504 236 347 741 3194480 
110882 283 282 209 3194480 
111321 236 201 265 3194480 
111700 169 234 227 3194480 
112100 161 154 256 3194480 
112578 146 149 116 3194480 
112986 136 175 133 3194480 
113432 131 159 153 3194480 
113790 185 186 127 3194480 
114123 232 205 159 3194480 
114346 286 297 209 3194480 
114479 379 420 224 3194480 
114757 395 494 204 3194480 
114991 408 328 477 3194480 
115236 290 422 351 3194480 
115406 384 278 428 3194480 
115751 222 354 296 3194480 
116056 186 304 332 3194480 
116572 151 152 248 3194480 
117030 126 117 169 3194480 
117523 64 133 106 3194480 
138841 72 137 71 3194480 
139171 172 127 128 3194480 
139540 250 161 102 3194480 
139879 246 218 159 3194480 
140119 215 302 255 3194480 
139886 534 563 199 3194480 
139551 764 628 613 3194480 
139180 818 843 669 3194480 
138739 990 867 800 3194480 
138056 897 1181 1026 3194480 
136814 1480 1206 1182 3194480 
136670 1049 1221 1099 3194480 
136135 1018 1161 1167 3194480 
136019 769 732 1363 3194480 
135946 646 551 932 3194480 
136007 380 837 478 3194480 
136144 358 536 744 3194480 
136464 304 334 494 3179980 
136385 654 259 372 3179980 
136387 403 570 491 3179980 
136062 649 676 529 3179980 
136190 443 527 810 3179980 
136241 509 363 596 3179980 
136463 438 366 408 3179980 
136481 419 552 379 3179980 
136607 406 467 532 3179980 
136843 273 334 608 3179980 
137065 350 388 197 3179980 
137301 426 250 393 3179980 
137411 406 452 286 3179980 
137455 654 352 351 3179980 
137567 558 461 420 3179980 
137893 395 378 472 3179980 
138063 451 471 233 3179980 
138117 606 411 433 3179980 
138292 482 506 435 3179980 
138496 323 531 503 3179980 
138197 793 531 368 3179980 
138239 519 763 548 3179980 
138128 646 716 610 3179980 
138053 520 825 655 3179980 
137500 947 1012 510 3179980 
137639 622 617 1155 3179980 
137643 682 472 623 3179980 
137308 802 831 417 3179980 
136500 1205 932 858 3179980 
136316 1293 573 1010 3179980 
136044 1404 787 512 3179980 
136040 821 1128 804 3179980 
135240 1399 1172 760 3179980 
134923 776 1403 1295 3179980 
134729 589 1116 1227 3179980 
155866 405 963 858 3179980 
155385 897 683 842 3179980 
154812 916 1162 642 3179980 
154237 1136 1024 1032 3179980 
153580 1451 1049 900 3179980 
153199 1277 1384 779 3179980 
150810 2549 1761 1262 3179980 
148651 3201 1778 2041 3179980 
147750 2834 2249 1374 3179980 
143441 4364 3518 2072 3179980 
136775 7182 3897 3983 3179980 
130815 5364 5478 6754 3179980 
126921 6242 3948 5108 3179980 
124699 5056 4743 3197 3179980 
119604 6759 4568 4146 3179980 
114156 6187 7446 3699 3179980 
111335 4712 5922 6378 3179980 
109679 3916 4048 4918 3185770 
107276 3747 4136 3061 3185770 
104737 4535 3402 3077 3185770 
101921 3528 3267 4540 3185770 
100122 3141 3497 2542 3185770 
97751 3023 2812 3743 3185770 
95358 3445 2345 3001 3185770 
94646 1823 2828 2441 3185770 
93614 1667 1766 2846 3185770 
92744 1345 1952 1597 3185770 
91645 1825 1877 1281 3185770 
91007 1673 1474 1782 3185770 
90232 1007 1779 1741 3185770 
89340 874 1521 1874 3185770 
88592 843 1775 1130 3185770 
88406 972 1160 1259 3185770 
88056 791 1573 705 3185770 
87435 870 1731 989 3185770 
87078 1005 1101 1448 3185770 
86698 856 1285 944 3185770 
86549 927 1079 873 3185770 
86071 952 1245 874 3185770 
86035 857 989 982 3185770 
86047 588 609 1239 3185770 
86464 395 447 533 3185770 
86827 188 329 560 3185770 
87092 239 303 306 3185770 
87432 281 343 181 3185770 
87804 240 285 313 3185770 
88277 156 314 186 3185770 
88778 161 206 210 3185770 
89270 169 182 111 3185770 
89813 95 87 220 3185770 
90395 69 52 81 3185770 
90966 59 67 22 3185770 
91552 16 49 83 3185770 
113751 43 20 55 3185770 
114302 30 40 33 3185770 
114860 31 38 34 3185770 
115441 26 44 21 3185770 
115996 38 33 37 3185770 
116558 28 31 36 3185770 
117125 44 15 34 3185770 
117688 32 22 21 3185770 
118239 31 26 18 3185770 
118791 26 20 32 3185770 
119367 24 24 18 3185770 
119906 35 20 32 3185770 
120471 31 19 30 3185770 
121041 36 18 20 3185770 
121586 39 24 31 3185770 
122156 42 31 16 3185770 
122710 41 28 38 3178870 
123293 19 26 44 3178870 
123835 40 26 20 3178870 
124425 29 25 36 3178870 
125020 30 16 23 3178870 
125585 26 36 16 3178870 
126103 41 57 25 3178870 
126671 41 39 62 3178870 
127176 86 53 30 3178870 
127695 85 81 51 3178870 
128188 96 94 86 3178870 
128571 194 142 59 3178870 
129004 182 174 130 3178870 
129246 247 233 219 3178870 
129460 208 382 280 3178870 
129751 357 235 308 3178870 
130103 381 258 202 3178870 
130384 292 346 331 3178870 
130716 280 226 401 3178870 
131086 228 171 334 3178870 
131446 245 205 166 3178870 
131768 256 246 229 3178870 
132097 231 293 261 3178870 
132389 279 293 246 3178870 
132648 372 331 198 3178870 
132865 393 376 328 3178870 
133053 529 357 299 3178870 
133299 398 434 406 3178870 
133434 546 495 254 3178870 
133522 538 591 441 3178870 
133128 1044 661 411 3178870 
132956 1070 539 854 3178870 
133005 556 974 632 3178870 
132755 611 827 951 3178870 
132798 773 524 694 3178870 
133007 675 478 530 3178870 
155077 700 475 570 3178870 
155036 660 611 495 3178870 
154374 892 942 691 3178870 
153981 807 1491 517 3178870 
153638 1249 792 1195 3178870 
153213 1220 1178 647 3178870 
152518 1405 1550 708 3178870 
152102 1277 1318 1350 3178870 
151897 1100 621 1682 3178870 
151134 1687 731 659 3178870 
150042 2161 1173 778 3178870 
148596 2474 1377 1512 3178870 
146163 3139 2399 1342 3178870 
144096 3326 3000 1844 3178870 
139678 4660 4398 2270 3178870 
135603 5132 3827 4770 3178870 
131498 5326 5796 2547 3184600 
125603 5269 8448 3915 3184600 
116388 10145 6304 7111 3184600 
111746 8495 6441 6764 3184600 
107756 7333 6605 5611 3184600 
100344 8225 7766 5968 3184600 
93516 4789 13456 5193 3184600 
87932 5650 9424 9365 3184600 
82647 5547 7955 7499 3184600 
78777 4989 6711 6303 3184600 
76111 3889 6657 4452 3184600 
72860 3875 5690 4869 3184600 
70797 3814 3650 4801 3184600 
69359 2630 2892 4018 3184600 
66397 3095 3853 2167 3184600 
66049 1331 2468 4123 3184600 
65773 1718 1455 1536 3184600 
65750 1068 1666 1093 3184600 
65449 938 1306 1441 3184600 
65428 544 1347 1014 3184600 
65576 561 649 1163 3184600 
65890 418 542 572 3184600 
65859 546 536 546 3184600 
66266 471 503 338 3184600 
66578 341 469 494 3184600 
66998 342 170 507 3184600 
67421 212 297 231 3184600 
67956 174 185 258 3184600 
68460 119 156 224 3184600 
69021 116 125 114 3184600 
69601 111 85 99 3184600 
70181 76 93 89 3184600 
70744 75 112 56 3184600 
71353 47 103 71 3184600 
71953 19 70 90 3184600 
72573 23 44 38 3184600 
96112 30 44 24 3184600 
96732 31 19 41 3184600 
97330 29 28 19 3184600 
97959 23 24 21 3184600 
98594 18 22 18 3184600 
99214 22 12 21 3184600 
99843 16 15 14 3184600 
100455 15 18 17 3184600 
101077 15 14 20 3184600 
101693 10 18 11 3184600 
102309 14 5 26 3184600 
102944 10 10 9 3184600 
103567 18 11 3 3184600 
104175 11 13 13 3184600 
