84 0 0 0 2110 441 2 3 0 11040 2599 17 20 0 64980 20548 138 164 0 513700 135018 911 1080 0 3375470 
84 0 0 0 2110 439 3 3 2 11040 2575 21 26 21 64980 20494 128 182 141 513700 134867 785 600 1242 3375470 
84 0 0 0 2110 436 3 6 2 11040 2557 18 32 22 64980 20317 224 202 153 513700 133182 1887 1064 592 3375470 
85 0 0 0 2110 438 2 2 5 11040 2531 34 25 25 64980 20206 128 202 297 513700 131987 2160 1287 1162 3375470 
85 0 0 0 2110 437 4 2 1 11040 2514 24 19 40 64980 20008 227 195 200 513700 130374 2456 1365 1721 3375470 
86 0 0 0 2110 437 3 5 0 11040 2507 16 28 14 64980 19853 246 172 253 513700 128827 2262 1906 1681 3375470 
86 0 0 0 2110 431 7 4 5 11040 2481 31 32 14 64980 19698 245 183 239 513700 126989 2883 1840 1779 3375470 
87 0 0 0 2110 428 7 4 5 11040 2446 31 24 50 64980 19345 382 327 166 513700 125624 2817 2560 1210 3375470 
87 0 0 0 2110 426 4 5 6 11040 2417 48 18 25 64980 18901 588 467 191 513700 122207 3687 3642 1944 3375470 
88 0 0 0 2110 417 9 7 4 11040 2375 54 36 27 64980 18309 728 344 670 513700 117375 3072 6102 3470 3375470 
88 0 0 0 2110 413 10 4 8 11040 2343 45 40 45 64980 17728 866 466 419 513700 111950 5449 4236 5390 3375470 
88 0 0 0 2110 405 14 3 7 11040 2305 44 30 56 64980 16550 930 965 708 513700 106604 5606 5865 4051 3375470 
89 0 0 0 2110 399 9 11 5 11040 2201 95 63 29 64980 15488 1071 880 1100 513700 101506 5735 6822 4515 3375470 
89 0 0 0 2110 393 7 7 14 11040 2107 124 65 70 64980 14778 754 869 1133 513700 95747 7450 4677 6688 3375470 
90 0 0 0 2110 383 17 7 2 11040 2047 82 84 91 64980 14101 1023 850 522 513700 93786 4654 4647 5278 3375470 
88 1 0 0 2110 373 13 12 10 11040 1988 84 88 61 64980 13357 950 1166 592 513700 87581 6101 4467 5432 3375470 
88 1 1 0 2110 359 17 11 13 11040 1949 75 58 86 64980 12888 640 1250 790 513700 84789 3673 4980 5216 3375470 
85 3 2 0 2110 349 17 6 16 11040 1827 92 91 80 64980 12541 389 863 1083 513700 82788 2211 4350 4576 3375470 
81 4 5 1 2110 338 18 12 6 11040 1773 64 83 97 64980 12202 510 487 692 513700 79784 2752 3486 3815 3375470 
79 1 6 4 2110 330 17 10 13 11040 1653 109 83 82 64980 11801 611 403 478 513700 78371 2088 3006 3056 3375470 
76 4 2 4 2110 314 11 20 13 11040 1602 63 105 82 64980 11607 301 404 599 513700 76789 1939 3125 2098 3375470 
77 2 0 4 2110 302 14 15 16 11040 1545 47 77 110 64980 11381 369 395 262 513700 74722 2551 2736 2348 3375470 
75 2 2 0 2110 297 13 9 14 11040 1515 30 59 73 64980 11116 346 374 403 513700 72840 2445 2330 2888 3375470 
72 4 1 3 2110 295 7 12 7 11040 1489 35 40 49 64980 11067 188 246 429 513700 72340 1771 1661 2324 3375470 
67 6 4 0 2110 278 16 11 10 11040 1454 36 36 45 64980 10974 189 252 183 513700 71945 1542 1413 1378 3375470 
65 3 4 6 2110 270 8 19 10 11040 1450 25 15 44 64980 10925 146 167 272 513700 71405 1076 1665 1257 3375470 
63 5 3 1 2110 264 10 7 18 11040 1453 15 18 12 64980 10908 135 193 98 513700 71122 1053 1030 1442 3375470 
63 3 4 2 2110 265 4 6 8 11040 1446 9 16 23 64980 10803 155 173 202 513700 70429 1249 943 1080 3375470 
60 4 6 0 2110 259 8 4 5 11040 1439 9 16 15 64980 10838 94 172 124 513700 70352 726 1010 1026 3375470 
57 4 8 2 2110 257 3 10 3 11040 1436 10 16 11 64980 10883 64 129 123 513700 70110 682 518 1271 3375470 
53 2 7 7 2110 254 5 8 4 11040 1438 9 10 12 64980 10932 41 101 91 513700 70431 417 499 460 3375470 
50 3 5 4 2110 249 7 6 7 11040 1443 7 5 9 64980 10982 46 39 102 513700 70721 242 408 489 3375470 
46 6 3 4 2110 250 1 6 7 11040 1450 1 6 7 64980 11068 30 9 53 513700 70940 277 268 390 3375470 
46 2 5 2 2110 250 2 3 4 11040 1454 4 3 4 64980 11160 19 16 9 513700 71383 131 216 265 3375470 
47 1 3 3 2110 248 4 4 1 11040 1458 4 5 2 64980 11239 23 11 16 513700 71764 127 182 154 3375470 
47 0 2 2 2110 248 2 5 3 11040 1465 3 3 4 64980 11327 16 15 9 513700 72199 111 98 159 3375470 
63 0 0 2 2110 315 2 3 4 11040 1763 3 0 3 64980 14833 18 16 12 513700 90957 73 116 94 3375470 
63 0 0 0 2110 317 1 0 4 11040 1765 5 0 1 64980 14905 23 19 13 513700 91375 104 53 111 3375470 
64 0 0 0 2110 319 1 0 0 11040 1770 4 3 1 64980 14962 27 33 23 513700 91835 76 61 70 3375470 
64 0 0 0 2110 317 2 2 0 11040 1774 4 4 3 64980 15020 39 30 28 513700 92224 77 96 46 3375470 
64 0 0 0 2110 317 1 1 4 11040 1781 2 2 5 64980 15084 30 34 33 513700 92617 79 110 92 3375470 
65 0 0 0 2110 318 0 3 0 11040 1787 1 2 4 64980 15149 36 31 28 513700 93061 48 85 100 3375470 
65 0 0 0 2110 320 0 1 2 11040 1791 2 1 3 64980 15190 49 38 37 513700 93430 74 78 101 3375470 
66 0 0 0 2110 322 0 0 1 11040 1797 2 2 0 64980 15254 41 51 26 513700 93862 64 98 71 3375470 
66 0 0 0 2110 324 0 0 0 11040 1800 5 5 0 64980 15304 46 52 35 513700 94253 98 105 67 3375470 
67 0 0 0 2110 325 0 0 0 11040 1801 7 7 1 64980 15351 57 50 40 513700 94668 109 97 93 3375470 
67 0 0 0 2110 327 0 0 0 11040 1808 3 5 8 64980 15396 47 53 56 513700 95036 155 78 97 3375470 
68 0 0 0 2110 328 0 0 0 11040 1811 5 4 4 64980 15434 44 79 35 513700 95347 150 172 97 3375470 
68 0 0 0 2110 330 0 0 0 11040 1816 2 3 6 64980 15477 49 46 79 513700 95701 123 131 193 3375470 
68 0 0 0 2110 332 0 0 0 11040 1822 3 2 3 64980 15527 29 47 62 513700 96042 148 131 133 3375470 
69 0 0 0 2110 333 0 0 0 11040 1826 2 4 2 64980 15594 25 48 32 513700 96332 191 155 131 3375470 
69 0 0 0 2110 335 0 0 0 11040 1831 2 5 2 64980 15646 36 40 34 513700 96686 139 227 106 3375470 
70 0 0 0 2110 337 0 0 0 11040 1839 2 1 4 64980 15712 32 20 51 513700 97000 140 250 169 3375470 
70 0 0 0 2171 338 0 0 0 10970 1850 0 1 3 65690 15800 36 16 19 515000 97555 117 152 243 3389620 
70 0 0 0 2171 341 0 0 0 10970 1860 1 2 0 65690 15896 22 25 20 515000 98168 142 106 130 3389620 
71 0 0 0 2171 343 0 0 0 10970 1870 1 1 2 65690 15988 19 16 32 515000 98760 149 152 96 3389620 
71 0 0 0 2171 344 0 0 0 10970 1884 1 0 1 65690 16083 10 21 13 515000 99395 124 115 162 3389620 
71 0 0 0 2171 346 1 0 0 10970 1896 1 1 0 65690 16172 18 21 18 515000 99946 161 155 115 3389620 
72 0 0 0 2171 348 0 1 0 10970 1907 2 3 0 65690 16261 27 17 19 515000 100520 171 141 163 3389620 
72 0 0 0 2171 348 2 1 0 10970 1916 2 5 2 65690 16361 20 18 19 515000 101104 109 159 188 3389620 
73 0 0 0 2171 347 4 1 1 10970 1924 5 2 5 65690 16445 24 18 18 515000 101656 191 110 151 3389620 
73 0 0 0 2171 348 1 3 3 10970 1930 3 7 1 65690 16526 26 34 13 515000 102285 169 122 118 3389620 
73 0 0 0 2171 349 1 3 1 10970 1939 4 3 7 65690 16600 40 32 28 515000 102865 189 119 129 3389620 
74 0 0 0 2171 346 3 3 2 10970 1946 5 3 6 65690 16673 44 29 37 515000 103417 142 159 165 3389620 
74 0 0 0 2171 346 2 3 4 10970 1954 2 5 5 65690 16735 45 50 29 515000 104031 117 183 127 3389620 
75 0 0 0 2171 348 1 4 0 10970 1963 1 4 4 65690 16756 60 91 35 515000 104659 120 120 170 3389620 
75 0 0 0 2171 343 5 4 3 10970 1975 1 3 2 65690 16778 101 48 92 515000 105269 95 65 197 3389620 
74 0 0 0 2171 345 3 0 6 10970 1985 2 5 1 65690 16843 73 68 53 515000 105851 113 158 47 3389620 
75 0 0 0 2171 346 2 3 0 10970 1996 2 2 5 65690 16911 37 86 63 515000 106478 80 183 115 3389620 
75 0 0 0 2171 348 0 2 3 10970 2006 3 2 2 65690 16958 55 81 50 515000 107045 95 194 125 3389620 
75 0 0 0 2171 345 3 1 2 10970 2017 2 4 0 65690 17005 73 58 69 515000 107583 148 133 206 3389620 
76 0 0 0 2171 342 4 1 4 10970 2027 4 2 3 65690 17042 97 37 73 515000 108178 131 141 152 3389620 
76 0 0 0 2171 341 3 4 1 10970 2040 4 2 1 65690 17086 95 59 44 515000 108746 100 136 173 3389620 
77 0 0 0 2171 338 4 4 4 10970 2046 5 1 6 65690 17110 96 70 78 515000 109292 151 136 117 3389620 
77 0 0 0 2171 339 1 4 4 10970 2055 7 3 1 65690 17144 95 71 77 515000 109642 295 270 92 3389620 
77 0 0 0 2171 338 4 3 2 10970 2068 4 3 3 65690 17144 136 79 61 515000 109854 423 413 243 3389620 
78 0 0 0 2171 339 3 1 3 10970 2079 3 3 3 65690 17167 112 76 115 515000 109821 771 452 379 3389620 
78 0 0 0 2171 340 1 2 2 10970 2090 4 2 2 65690 17211 92 47 120 515000 110166 502 543 551 3389620 
79 0 0 0 2171 339 0 6 1 10970 2100 3 3 3 65690 17252 85 86 38 515000 110252 669 319 687 3389620 
79 0 0 0 2171 331 5 5 6 10970 2110 4 4 2 65690 17278 88 103 59 515000 110630 655 382 278 3389620 
79 0 0 0 2171 330 3 6 4 10970 2111 8 6 5 65690 17215 175 82 107 515000 110382 877 456 685 3389620 
80 0 0 0 2171 329 3 3 5 10970 2115 14 6 4 65690 17264 112 126 81 515000 110508 777 701 474 3389620 
80 0 0 0 2171 328 4 4 2 10970 2116 10 10 12 65690 17292 153 107 63 515000 110687 495 965 568 3389620 
81 0 0 0 2171 328 6 3 1 10970 2115 15 12 7 65690 17309 83 161 108 515000 110507 418 813 1148 3389620 
81 0 0 0 2171 330 2 2 5 10970 2122 13 6 15 65690 17269 136 102 155 515000 110942 418 431 676 3389620 
81 0 0 0 2171 333 0 2 2 10970 2121 10 10 12 65690 17312 75 101 128 515000 111390 343 441 333 3389620 
82 0 0 0 2171 335 0 0 2 10970 2131 4 11 8 65690 17271 138 137 47 515000 111721 349 534 294 3389620 
82 0 0 0 2171 336 1 0 0 10970 2129 13 9 8 65690 17252 135 139 128 515000 111968 474 439 398 3389620 
83 0 0 0 2171 337 0 1 1 10970 2140 6 10 9 65690 17273 103 184 76 515000 112077 649 390 487 3389620 
96 0 0 0 2171 418 1 0 1 10970 2597 16 7 14 65690 21198 173 129 188 515000 138705 438 643 456 3389620 
96 0 0 0 2171 419 1 0 1 10970 2600 9 10 13 65690 21197 132 177 100 515000 139189 380 453 481 3389620 
97 0 0 0 2171 420 0 1 1 10970 2593 17 15 8 65690 21062 199 239 114 515000 139344 514 647 235 3389620 
97 0 0 0 2171 420 2 1 0 10970 2596 15 13 13 65690 20916 248 139 307 515000 139201 917 543 577 3389620 
97 0 0 0 2171 420 4 1 0 10970 2597 7 16 17 65690 20862 213 210 121 515000 139227 864 693 584 3389620 
98 0 0 0 2171 419 4 4 0 10970 2595 12 14 11 65690 20687 313 141 251 515000 138355 1293 1002 840 3389620 
98 0 0 0 2171 415 5 3 6 10970 2594 12 13 14 65690 20569 253 247 180 515000 137893 1188 1275 959 3389620 
99 0 0 0 2171 415 6 3 2 10970 2591 16 19 5 65690 20451 227 262 240 515000 137998 688 1382 997 3389620 
99 0 0 0 2171 412 7 5 2 10970 2587 20 11 21 65690 20285 253 254 260 515000 137975 737 804 1279 3389620 
99 0 0 0 2171 407 8 3 7 10970 2568 28 24 12 65690 20198 212 222 270 515000 137580 1118 852 705 3389620 
100 0 0 0 2171 402 8 7 4 10970 2562 32 17 22 65690 20080 259 142 259 515000 137202 1224 748 1078 3389620 
100 0 0 0 2171 399 5 5 10 10970 2550 37 22 16 65690 19972 288 188 145 515000 137287 1094 779 733 3389620 
101 0 0 0 2171 391 10 8 2 10970 2535 32 23 31 65690 19758 185 285 328 515000 134909 1861 2014 1099 3389620 
101 0 0 0 2171 385 7 10 10 10970 2502 34 32 35 65690 19606 248 246 232 515000 131587 2778 2315 2834 3389620 
101 0 0 0 2171 370 14 11 8 10970 2455 49 35 39 65690 19524 224 301 161 515000 129952 2465 2496 2502 3389620 
102 0 0 0 2171 366 3 13 15 10970 2425 50 47 30 65690 19459 181 249 265 515000 129226 2391 2388 1604 3389620 
102 0 0 0 2169 353 10 9 12 10890 2389 36 47 62 65090 19378 150 206 265 510000 128242 1848 1819 2841 3358000 
103 0 0 0 2169 352 9 8 6 10890 2363 38 63 22 65090 19232 239 204 175 510000 126768 2292 1918 1715 3358000 
103 0 0 0 2169 348 7 12 5 10890 2329 44 53 50 65090 19171 251 220 150 510000 124815 2276 2485 2179 3358000 
104 0 0 0 2169 337 11 14 7 10890 2282 62 35 61 65090 19036 241 262 222 510000 122552 3840 2742 1200 3358000 
104 0 0 0 2169 334 7 13 11 10890 2259 59 41 33 65090 18901 217 239 295 510000 121348 2223 3562 2768 3358000 
105 0 0 0 2169 328 11 8 10 10890 2197 69 39 68 65090 18745 251 301 175 510000 119819 2930 3133 2018 3358000 
106 0 0 0 2169 319 10 18 3 10890 2116 93 46 64 65090 18354 553 253 255 510000 118462 2394 3933 1883 3358000 
106 0 0 0 2169 287 24 29 9 10890 2070 103 71 24 65090 18161 436 478 199 510000 114892 2924 3809 3945 3358000 
106 1 0 0 2169 278 13 27 25 10890 2008 81 78 89 65090 17888 494 388 419 510000 111666 3576 3911 3274 3358000 
104 2 1 1 2169 260 16 28 17 10890 1889 132 84 74 65090 17367 680 455 387 510000 104748 8389 3316 3479 3358000 
99 5 0 3 2169 214 23 49 20 10890 1868 93 61 95 65090 16878 805 414 517 510000 102912 4967 4940 4401 3358000 
97 2 3 3 2169 195 32 21 41 10890 1828 56 65 87 65090 16590 567 489 563 510000 100295 3008 4807 5476 3358000 
88 8 5 2 2169 187 11 36 17 10890 1782 70 74 36 65090 16113 729 540 379 510000 97309 3687 3500 4392 3358000 
84 6 7 4 2169 177 12 19 29 10890 1679 66 114 80 65090 15653 936 375 533 510000 94549 4973 3511 2246 3358000 
81 3 10 4 2169 170 6 20 14 10890 1638 41 106 88 65090 14841 1048 594 594 510000 89743 5541 4835 3680 3358000 
79 3 4 9 2169 167 8 9 15 10890 1579 57 97 66 65090 14624 603 829 546 510000 87512 3914 4526 4949 3358000 
72 5 5 3 2169 166 7 6 8 10890 1544 70 57 76 65090 14109 643 906 518 510000 85806 3195 3535 4197 3358000 
72 3 1 7 2169 163 7 7 4 10890 1513 77 45 49 65090 13018 982 972 802 510000 83547 4613 3672 1489 3358000 
70 3 4 0 2169 154 12 10 4 10890 1474 63 47 65 65090 11597 1210 947 1332 510000 81164 3118 5787 2551 3358000 
65 8 1 3 2169 153 8 9 9 10890 1434 49 67 48 65090 11298 984 787 804 510000 78544 4554 3940 3829 3358000 
65 1 8 1 2169 154 5 8 6 10890 1404 56 55 48 65090 11113 683 509 883 510000 75911 3071 4155 4676 3358000 
58 4 6 6 2169 154 4 6 5 10890 1391 41 41 55 65090 11045 506 372 499 510000 73243 3815 4571 2288 3358000 
56 4 2 7 2169 154 3 5 5 10890 1361 54 36 36 65090 10985 294 337 423 510000 70493 4041 4610 3261 3358000 
55 4 3 1 2169 154 5 3 3 10890 1351 36 39 39 65090 10895 269 185 382 510000 69262 3078 3430 4169 3358000 
50 1 5 6 2169 154 3 3 4 10890 1327 40 42 31 65090 10737 251 312 167 510000 68633 1370 3984 2564 3358000 
51 0 0 6 2169 151 7 4 1 10890 1303 28 48 42 65090 10603 321 304 191 510000 66817 2210 2211 3549 3358000 
52 0 0 0 2169 153 5 4 3 10890 1288 19 34 52 65090 10467 314 356 211 510000 65957 2362 2067 1642 3358000 
52 0 0 0 2169 154 4 3 4 10890 1291 10 28 26 65090 10440 164 232 417 510000 65685 1718 2231 1538 3358000 
53 0 0 0 2169 154 1 5 3 10890 1288 12 16 27 65090 10382 200 172 197 510000 65036 1517 1749 2126 3358000 
54 0 0 0 2169 155 3 2 2 10890 1288 13 12 15 65090 10337 234 197 102 510000 65358 566 1401 1770 3358000 
54 0 0 0 2169 158 2 0 3 10890 1293 9 11 12 65090 10342 229 126 192 510000 65772 493 868 986 3358000 
55 0 0 0 2169 160 2 0 0 10890 1303 6 8 10 65090 10401 160 97 156 510000 66228 292 513 900 3358000 
56 0 0 0 2169 163 1 1 0 10890 1313 4 8 5 65090 10465 82 129 98 510000 66846 237 342 400 3358000 
56 0 0 0 2169 165 1 0 2 10890 1321 2 10 5 65090 10562 50 94 88 510000 67505 263 245 200 3358000 
57 0 0 0 2169 168 1 0 0 10890 1330 2 7 6 65090 10644 48 50 83 510000 68152 181 218 242 3358000 
57 0 0 0 2169 170 0 1 0 10890 1342 1 6 3 65090 10727 38 42 50 510000 68764 218 280 84 3358000 
80 0 0 0 2169 267 0 0 1 10890 1827 3 4 6 65090 15011 35 39 29 510000 97638 166 287 233 3358000 
81 0 0 0 2169 270 0 0 0 10890 1835 5 4 3 65090 15089 39 36 38 510000 98186 151 228 299 3358000 
81 0 0 0 2169 272 0 0 0 10890 1842 4 5 6 65090 15187 25 24 43 510000 98811 75 198 257 3358000 
82 0 0 0 2169 275 0 0 0 10890 1846 4 9 4 65090 15287 3 34 25 510000 99491 105 101 149 3358000 
83 0 0 0 2169 278 0 0 0 10890 1856 4 7 6 65090 15395 5 7 33 510000 100129 87 139 120 3358000 
83 0 0 0 2169 281 0 0 0 10890 1864 7 7 3 65090 15508 3 4 8 510000 100846 78 91 138 3358000 
84 0 0 0 2169 283 0 0 0 10890 1870 6 4 11 65090 15622 2 4 3 510000 101539 119 98 55 3358000 
85 0 0 0 2169 286 0 0 0 10890 1876 10 5 3 65090 15733 2 2 3 510000 102261 77 84 111 3358000 
85 0 0 0 2169 288 0 0 0 10890 1887 6 7 4 65090 15846 1 3 2 510000 102934 96 110 54 3358000 
86 0 0 0 2169 289 0 0 0 10890 1894 7 7 5 65090 15952 3 8 0 510000 103598 121 110 91 3358000 
86 0 0 0 2169 292 0 0 0 10890 1903 6 6 6 65090 16058 5 10 3 510000 104331 56 95 130 3358000 
86 0 0 0 2169 295 0 0 0 10890 1909 7 9 3 65090 16152 12 10 5 510000 104918 151 90 101 3358000 
87 0 0 0 2169 298 0 0 0 10890 1913 8 8 10 65090 16241 29 14 8 510000 105563 156 93 112 3358000 
87 0 0 0 2169 299 0 1 0 10890 1919 8 5 10 65090 16340 19 19 18 510000 106212 163 121 86 3358000 
88 0 0 0 2169 302 0 0 1 10890 1929 4 3 10 65090 16436 20 12 25 510000 106837 166 117 141 3358000 
89 0 0 0 2169 305 0 0 0 10890 1941 4 1 3 65090 16537 12 16 18 510000 107524 136 167 84 3358000 
89 0 0 0 2186 307 0 0 0 10870 1951 2 1 4 64800 16628 18 18 12 510900 108177 142 65 158 3363000 
89 0 0 0 2186 309 0 0 0 10870 1960 2 1 2 64800 16710 18 22 16 510900 108694 116 135 77 3363000 
89 0 0 0 2186 311 0 0 0 10870 1971 1 1 1 64800 16781 21 22 23 510900 109282 116 75 138 3363000 
90 0 0 0 2186 313 0 0 0 10870 1978 2 2 1 64800 16826 40 21 31 510900 109818 94 159 83 3363000 
90 0 0 0 2186 315 0 0 0 10870 1982 3 4 1 64800 16904 33 33 18 510900 110311 166 154 112 3363000 
91 0 0 0 2186 316 1 0 0 10870 1987 2 5 4 64800 16978 39 25 28 510900 110830 233 113 106 3363000 
91 0 0 0 2186 318 1 0 0 10870 1991 7 3 4 64800 17038 44 20 36 510900 111263 232 181 152 3363000 
91 0 0 0 2186 321 0 0 1 10870 2001 4 5 3 64800 17114 39 33 17 510900 111712 169 294 166 3363000 
92 0 0 0 2186 323 0 0 0 10870 2010 2 3 6 64800 17169 46 22 46 510900 112057 314 297 185 3363000 
91 1 0 0 2186 325 0 0 0 10870 2014 5 3 3 64800 17247 31 33 25 510900 112499 221 283 340 3363000 
91 1 0 0 2186 328 0 0 0 10870 2026 2 2 4 64800 17309 25 41 38 510900 112799 266 264 341 3363000 
92 1 0 0 2186 330 0 0 0 10870 2037 1 1 2 64800 17387 20 32 34 510900 113192 303 251 263 3363000 
92 1 0 0 2186 332 0 0 0 10870 2042 3 1 2 64800 17451 32 16 36 510900 113643 240 306 212 3363000 
93 0 0 1 2186 334 0 1 0 10870 2047 3 3 3 64800 17534 24 23 18 510900 114037 299 263 264 3363000 
93 0 0 0 2186 335 0 0 1 10870 2055 3 3 2 64800 17584 54 27 16 510900 114325 379 273 257 3363000 
93 0 0 0 2186 337 0 0 0 10870 2062 4 3 2 64800 17644 52 49 20 510900 114844 210 344 237 3363000 
93 0 0 0 2186 340 0 0 0 10870 2067 5 4 3 64800 17703 50 46 44 510900 115273 258 197 324 3363000 
93 0 0 0 2186 341 0 0 0 10870 2076 4 3 4 64800 17746 75 38 42 510900 115791 195 196 203 3363000 
94 0 0 0 2186 342 1 0 0 10870 2085 3 0 6 64800 17805 84 31 34 510900 116031 289 319 200 3363000 
94 0 0 0 2186 344 0 1 0 10870 2091 5 1 1 64800 17838 84 60 38 510900 116324 270 290 417 3363000 
94 0 0 0 2186 346 1 1 0 10870 2097 2 4 4 64800 17849 98 73 59 510900 116690 289 296 290 3363000 
95 0 0 0 2186 347 1 0 1 10870 2098 8 4 5 64800 17809 94 130 82 510900 116800 339 413 385 3363000 
95 0 0 0 2186 348 1 0 0 10870 2105 0 8 6 64800 17762 107 159 103 510900 116932 453 600 231 3363000 
95 0 0 0 2186 350 0 2 0 10870 2106 8 7 3 64800 17804 83 67 178 510900 117049 501 585 516 3363000 
96 0 0 0 2186 349 1 1 1 10870 2111 8 4 8 64800 17837 67 100 51 510900 116759 715 784 525 3363000 
96 0 0 0 2186 349 3 0 1 10870 2111 9 11 4 64800 17844 96 86 77 510900 116606 844 837 625 3363000 
97 0 0 0 2186 352 0 2 1 10870 2096 21 16 9 64800 17837 136 84 68 510900 116496 841 981 624 3363000 
97 0 0 0 2186 346 7 2 0 10870 2096 16 17 14 64800 17858 124 106 64 510900 116263 1083 1014 629 3363000 
97 0 0 0 2186 346 6 4 1 10870 2066 33 21 21 64800 17817 141 132 95 510900 115154 1661 1337 864 3363000 
98 0 0 0 2186 346 4 4 5 10870 2062 22 20 26 64800 17837 107 117 130 510900 114500 1203 1814 1315 3363000 
98 0 0 0 2186 347 2 3 4 10870 2038 35 25 16 64800 17884 84 46 145 510900 113032 1924 2164 1067 3363000 
98 0 0 0 2186 345 3 2 4 10870 2022 22 46 18 64800 17866 126 64 50 510900 111992 1744 2340 1716 3363000 
99 0 0 0 2186 345 5 1 2 10870 2005 23 38 36 64800 17844 123 122 63 510900 111828 1050 1923 1940 3363000 
99 0 0 0 2186 343 4 2 4 10870 1992 30 22 33 64800 17851 128 72 140 510900 110818 1450 1739 1452 3363000 
100 0 0 0 2186 343 6 2 0 10870 1988 21 27 19 64800 17878 109 71 94 510900 110793 906 1489 1488 3363000 
100 0 0 0 2186 337 6 6 4 10870 1984 19 20 25 64800 17866 87 152 49 510900 110695 1112 837 1222 3363000 
113 0 0 0 2186 419 4 0 9 10870 2358 27 19 21 64800 21521 90 120 117 510900 134895 1196 863 668 3363000 
114 0 0 0 2186 418 2 3 2 10870 2316 44 34 21 64800 21337 249 105 132 510900 133895 1550 1263 893 3363000 
114 0 0 0 2186 416 4 2 3 10870 2271 40 54 38 64800 21245 245 180 113 510900 132511 2093 1166 1607 3363000 
114 0 0 0 2186 409 8 4 3 10870 2236 35 57 49 64800 21213 151 199 207 510900 131619 1921 2039 827 3363000 
115 0 0 0 2186 404 8 7 4 10870 2196 46 47 47 64800 21018 235 214 189 510900 130145 2090 2668 1333 3363000 
115 0 0 0 2186 389 8 12 12 10870 2142 54 43 61 64800 20880 258 290 144 510900 125631 4749 3685 1474 3363000 
116 0 0 0 2186 386 8 10 8 10870 2073 62 72 43 64800 20595 242 341 347 510900 119032 5289 7756 2644 3363000 
116 0 0 0 2186 375 10 6 15 10870 2009 46 94 69 64800 20053 483 455 283 510900 116348 4301 6701 5397 3363000 
116 0 0 0 2186 373 2 9 9 10870 1978 54 50 78 64800 19710 594 342 439 510900 114189 4769 4022 5047 3363000 
117 0 0 0 2186 370 6 4 7 10870 1944 59 51 39 64800 19411 513 432 387 510900 111566 4939 3075 4071 3363000 
115 0 2 0 2186 369 3 5 4 10870 1909 41 64 51 64800 18432 1207 484 332 510900 107318 7162 2772 2974 3363000 
115 1 2 0 2186 366 5 7 1 10870 1877 66 37 42 64800 17973 797 823 626 510900 103778 4981 5140 4022 3363000 
107 4 4 3 2186 354 11 10 6 10870 1827 44 74 45 64800 17141 939 897 713 510900 99874 4721 4674 5302 3363000 
104 4 3 4 2186 342 14 11 10 10870 1809 32 60 53 64800 16051 1113 1042 871 510900 95991 4579 4648 4716 3363000 
101 4 3 4 2186 326 15 16 12 10870 1768 49 35 61 64800 15490 881 834 1101 510900 92116 5103 4637 4029 3363000 
96 7 4 1 2186 311 20 13 15 10870 1730 47 43 42 64800 15263 511 556 971 510900 89260 4281 6240 2734 3363000 
81 10 10 6 2249 298 12 20 15 10860 1693 39 56 40 64510 14955 452 504 515 507600 85948 4242 6580 3657 3343000 
72 9 8 12 2249 289 21 8 14 10860 1670 33 56 40 64510 14638 421 400 538 507600 83303 4504 4628 4962 3343000 
63 4 14 8 2249 278 20 14 8 10860 1626 57 30 56 64510 14282 362 417 487 507600 78566 5382 5097 3994 3343000 
55 7 10 9 2249 270 10 7 27 10860 1602 37 44 41 64510 14003 408 370 361 507600 76163 4075 6500 2932 3343000 
47 6 8 11 2249 262 12 9 7 10860 1578 44 30 38 64510 13632 426 555 255 507600 72341 4130 5350 5548 3343000 
45 5 6 6 2249 260 7 7 11 10860 1546 47 30 40 64510 13319 472 456 450 507600 70949 2555 5224 3707 3343000 
44 3 3 6 2249 257 6 12 1 10860 1531 48 20 34 64510 13101 358 521 358 507600 67827 3289 3804 4426 3343000 
44 0 2 4 2249 252 9 7 9 10860 1501 37 45 27 64510 12850 317 421 480 507600 66178 3424 3471 2467 3343000 
42 0 2 2 2249 249 5 11 5 10860 1480 12 30 71 64510 12604 346 450 272 507600 64489 3121 3113 2986 3343000 
43 0 1 1 2249 242 7 9 9 10860 1468 18 36 10 64510 12357 352 405 372 507600 61798 3525 3514 2512 3343000 
43 0 1 0 2249 239 10 7 4 10860 1456 10 20 46 64510 11945 285 490 477 507600 59820 3853 2676 3120 3343000 
43 0 1 0 2249 239 8 8 4 10860 1435 29 15 18 64510 11706 242 560 302 507600 58922 2814 2148 3094 3343000 
43 0 0 1 2249 237 3 12 5 10860 1423 30 24 12 64510 11344 435 396 424 507600 58189 1953 1777 2596 3343000 
43 0 0 0 2249 236 5 6 7 10860 1427 14 28 19 64510 11101 471 414 281 507600 58039 999 1591 1926 3343000 
44 0 0 0 2249 236 6 0 6 10860 1420 20 26 13 64510 10686 391 465 534 507600 57716 645 1253 1655 3343000 
44 0 0 0 2249 238 2 2 2 10860 1423 17 16 21 64510 10607 192 383 451 507600 57835 782 629 994 3343000 
44 0 0 0 2249 240 0 2 2 10860 1424 8 13 20 64510 10561 141 245 325 507600 58323 442 480 617 3343000 
44 0 0 0 2249 239 3 2 0 10860 1426 8 6 16 64510 10503 122 175 238 507600 58639 285 515 440 3343000 
44 0 0 0 2249 238 5 3 0 10860 1433 6 5 6 64510 10497 129 121 139 507600 58836 393 488 352 3343000 
45 0 0 0 2249 238 3 3 5 10860 1429 14 7 4 64510 10515 76 168 77 507600 59134 360 580 270 3343000 
45 0 0 0 2249 236 5 2 3 10860 1431 3 13 12 64510 10507 80 180 81 507600 59397 375 567 371 3343000 
45 0 0 0 2249 236 2 4 3 10860 1436 5 12 5 64510 10451 120 172 113 507600 59653 434 440 437 3343000 
45 0 0 0 2249 232 6 4 1 10860 1441 5 7 10 64510 10449 97 164 117 507600 60111 310 312 427 3343000 
46 0 0 0 2249 230 4 4 6 10860 1447 6 4 7 64510 10398 148 102 151 507600 60478 329 295 268 3343000 
46 0 0 0 2249 231 3 5 1 10860 1450 5 6 6 64510 10433 79 106 119 507600 60947 243 307 234 3343000 
46 0 0 0 2249 227 5 7 2 10860 1459 3 5 5 64510 10504 61 69 73 507600 61474 199 164 300 3343000 
46 0 0 0 2249 226 2 6 7 10860 1464 6 2 5 64510 10539 55 90 35 507600 62014 94 156 207 3343000 
46 0 0 0 2249 227 3 3 4 10860 1471 6 2 3 64510 10556 62 50 106 507600 62589 68 95 150 3343000 
47 0 0 0 2249 227 2 3 3 10860 1480 1 2 6 64510 10616 50 40 52 507600 63146 96 81 58 3343000 
47 0 0 0 2249 229 1 2 2 10860 1490 0 1 2 64510 10693 24 41 39 507600 63712 56 83 101 3343000 
47 0 0 0 2249 230 1 2 1 10860 1499 0 0 1 64510 10754 24 43 24 507600 64326 36 48 78 3343000 
47 0 0 0 2249 232 0 1 2 10860 1510 0 0 0 64510 10832 21 34 25 507600 64930 28 49 32 3343000 
48 0 0 0 2249 234 0 1 0 10860 1520 0 0 0 64510 10899 22 38 16 507600 65546 16 39 34 3343000 
48 0 0 0 2249 235 1 1 0 10860 1531 0 0 0 64510 10976 17 28 30 507600 66144 16 26 33 3343000 
48 0 0 0 2249 237 0 1 1 10860 1540 0 0 0 64510 11055 6 31 17 507600 66758 13 27 17 3343000 
48 0 0 0 2249 240 0 0 1 10860 1547 0 0 0 64510 11133 6 26 13 507600 67386 13 19 22 3343000 
55 0 0 0 2249 316 0 0 0 10860 1921 0 0 0 64510 14419 11 16 24 507600 90619 9 11 19 3343000 
56 0 0 0 2249 318 0 0 0 10860 1932 0 0 0 64510 14488 27 13 7 507600 91194 9 22 6 3343000 
56 0 0 0 2249 320 0 0 0 10860 1941 0 0 0 64510 14563 19 25 9 507600 91799 16 19 17 3343000 
56 0 0 0 2249 322 0 0 0 10860 1950 1 0 0 64510 14625 20 33 17 507600 92397 29 16 14 3343000 
56 0 0 0 2249 324 0 0 0 10860 1959 0 0 1 64510 14668 34 25 37 507600 93006 16 28 18 3343000 
57 0 0 0 2249 326 0 0 0 10860 1970 0 0 0 64510 14729 24 29 31 507600 93611 22 15 25 3343000 
57 0 0 0 2249 328 0 0 0 10860 1980 0 0 0 64510 14785 35 19 30 507600 94212 22 13 23 3343000 
57 0 0 0 2249 331 0 0 0 10860 1991 0 0 0 64510 14864 31 16 19 507600 94788 18 17 26 3343000 
57 0 0 0 2249 333 0 0 0 10860 2001 0 0 0 64510 14922 36 25 16 507600 95386 21 13 17 3343000 
57 0 0 0 2249 335 0 0 0 10860 2011 0 0 0 64510 14967 35 44 20 507600 96005 23 8 17 3343000 
58 0 0 0 2249 337 0 0 0 10860 2019 1 0 0 64510 15015 48 33 28 507600 96609 21 21 13 3343000 
58 0 0 0 2249 339 0 0 0 10860 2029 1 0 1 64510 15038 67 45 34 507600 97208 33 13 26 3343000 
58 0 0 0 2249 341 0 0 0 10860 2039 1 0 0 64510 15088 71 38 36 507600 97780 27 26 15 3343000 
58 0 0 0 2249 343 0 0 0 10860 2050 0 1 0 64510 15119 65 57 44 507600 98374 32 35 20 3343000 
58 0 0 0 2249 345 0 0 0 10860 2058 1 1 1 64510 15135 64 62 64 507600 98959 35 30 30 3343000 
59 0 0 0 2249 348 0 0 0 10860 2066 3 2 0 64510 15175 59 72 45 507600 99557 24 28 34 3343000 
59 0 0 0 2270 350 0 0 0 10970 2074 4 1 2 64800 15254 41 45 55 503400 100118 47 31 17 3322000 
59 0 0 0 2270 352 0 0 0 10970 2082 3 2 2 64800 15300 45 33 40 503400 100684 37 36 27 3322000 
59 0 0 0 2270 354 0 0 0 10970 2092 2 0 3 64800 15341 46 31 38 503400 101194 60 59 29 3322000 
60 0 0 0 2270 355 0 0 0 10970 2101 2 1 1 64800 15409 31 30 28 503400 101711 87 71 34 3322000 
60 0 0 0 2270 357 0 0 0 10970 2109 2 0 1 64800 15454 29 42 24 503400 102180 79 82 107 3322000 
60 0 0 0 2270 359 0 0 0 10970 2119 1 1 0 64800 15496 32 39 41 503400 102705 69 54 105 3322000 
60 0 0 0 2270 361 0 0 0 10970 2127 2 0 1 64800 15546 39 21 45 503400 103231 60 64 51 3322000 
61 0 0 0 2270 363 0 0 0 10970 2130 7 0 1 64800 15602 32 32 24 503400 103769 61 78 45 3322000 
61 0 0 0 2270 364 0 0 0 10970 2136 6 3 1 64800 15659 34 30 24 503400 104286 62 59 72 3322000 
61 0 0 0 2270 366 0 0 0 10970 2141 6 3 5 64800 15725 25 18 37 503400 104847 57 46 51 3322000 
62 0 0 0 2270 368 0 0 0 10970 2148 5 6 2 64800 15802 13 5 30 503400 105401 50 22 57 3322000 
62 0 0 0 2270 370 0 0 0 10970 2152 7 7 3 64800 15879 9 5 7 503400 105952 38 49 23 3322000 
62 0 0 0 2270 372 0 0 0 10970 2149 8 10 8 64800 15955 4 9 6 503400 106486 41 65 46 3322000 
63 0 0 0 2270 374 0 0 0 10970 2152 6 6 14 64800 16023 10 10 4 503400 106986 75 24 88 3322000 
63 0 0 0 2270 375 1 0 0 10970 2159 2 10 3 64800 16080 10 16 13 503400 107499 78 64 30 3322000 
63 0 0 0 2270 377 1 0 0 10970 2169 2 1 9 64800 16147 14 13 10 503400 107978 69 75 76 3322000 
64 0 0 0 2270 379 0 0 1 10970 2180 2 1 0 64800 16223 7 10 17 503400 108481 97 77 52 3322000 
64 0 0 0 2270 381 0 0 0 10970 2190 1 1 1 64800 16289 6 11 5 503400 108977 101 57 97 3322000 
64 0 0 0 2270 383 0 0 0 10970 2198 1 2 1 64800 16349 17 14 7 503400 109449 119 80 64 3322000 
65 0 0 0 2270 384 0 0 0 10970 2205 2 1 2 64800 16414 18 13 13 503400 109950 103 74 119 3322000 
65 0 0 0 2270 385 0 0 0 10970 2214 0 1 2 64800 16477 26 10 14 503400 110412 131 91 83 3322000 
65 0 0 0 2270 387 0 0 0 10970 2222 1 0 1 64800 16528 38 16 12 503400 110851 151 67 145 3322000 
66 0 0 0 2270 389 0 0 0 10970 2232 2 0 0 64800 16585 29 27 19 503400 111355 124 51 118 3322000 
66 0 0 0 2270 391 0 0 0 10970 2241 0 3 0 64800 16641 27 24 26 503400 111850 115 76 68 3322000 
66 0 0 0 2270 393 0 0 0 10970 2250 1 1 2 64800 16685 30 31 29 503400 112338 131 71 79 3322000 
67 0 0 0 2270 395 0 0 0 10970 2258 2 0 2 64800 16719 32 42 32 503400 112835 142 76 80 3322000 
67 0 0 0 2270 396 1 0 0 10970 2266 1 1 0 64800 16738 60 41 34 503400 113258 155 99 107 3322000 
67 0 0 0 2270 396 1 1 1 10970 2274 2 2 0 64800 16778 50 56 35 503400 113629 203 152 109 3322000 
68 0 0 0 2270 398 0 0 2 10970 2278 3 1 3 64800 16785 63 69 45 503400 114049 180 227 101 3322000 
68 0 0 0 2270 400 0 0 0 10970 2285 2 4 2 64800 16808 47 79 64 503400 114519 146 262 131 3322000 
68 0 0 0 2270 402 0 0 0 10970 2290 3 5 3 64800 16837 55 62 59 503400 114791 258 222 237 3322000 
69 0 0 0 2270 404 0 0 0 10970 2292 6 2 5 64800 16831 87 50 61 503400 115078 303 230 243 3322000 
69 0 0 0 2270 406 0 0 0 10970 2297 2 8 3 64800 16876 63 40 71 503400 115478 212 249 261 3322000 
69 0 0 0 2270 408 0 0 0 10970 2302 4 4 7 64800 16933 55 39 34 503400 115926 157 203 232 3322000 
69 0 0 0 2270 408 1 0 0 10970 2311 2 2 4 64800 16993 28 33 53 503400 116387 197 138 164 3322000 
70 0 0 0 2270 410 1 0 0 10970 2319 2 1 3 64800 17057 20 22 37 503400 116776 202 161 149 3322000 
81 0 0 0 2270 480 1 1 0 10970 2685 2 3 0 64800 20085 14 31 21 503400 138618 211 190 164 3322000 
80 1 0 0 2270 480 3 1 0 10970 2690 3 4 3 64800 20124 39 28 20 503400 138849 269 313 152 3322000 
80 1 1 0 2270 479 1 1 2 10970 2686 11 8 3 64800 20157 38 44 29 503400 138890 463 341 292 3322000 
79 1 2 0 2270 476 2 4 1 10970 2684 12 16 3 64800 20074 121 56 62 503400 138776 597 547 333 3322000 
77 3 2 0 2270 473 2 1 8 10970 2677 8 14 21 64800 20050 139 63 80 503400 138015 1095 602 765 3322000 
78 2 0 3 2270 473 1 1 3 10970 2677 13 6 14 64800 19932 163 143 94 503400 137525 1018 741 986 3322000 
78 1 0 1 2270 473 1 1 2 10970 2678 14 6 6 64800 19815 173 199 132 503400 136842 1066 1093 862 3322000 
78 0 1 0 2270 475 1 0 1 10970 2652 22 26 5 64800 19521 275 215 256 503400 135366 1801 1877 528 3322000 
79 0 0 1 2270 477 0 1 0 10970 2647 11 26 26 64800 19365 308 174 245 503400 133399 2185 1957 2071 3322000 
79 0 0 0 2270 479 0 0 1 10970 2601 28 44 22 64800 19082 305 258 280 503400 131357 1976 2597 2167 3322000 
78 1 0 0 2270 480 0 0 0 10970 2543 56 36 44 64800 18938 267 302 216 503400 129119 1909 2170 3320 3322000 
79 1 0 0 2270 482 0 0 0 10970 2467 70 53 55 64800 18617 345 298 331 503400 128290 1787 1750 1959 3322000 
78 2 0 0 2270 483 1 0 0 10970 2419 85 64 33 64800 18450 346 236 305 503400 125181 2411 2913 1881 3322000 
78 2 0 0 2270 483 2 1 0 10970 2403 56 62 57 64800 18112 420 336 247 503400 122806 1943 3822 2492 3322000 
79 1 1 0 2270 484 1 2 1 10970 2356 69 63 43 64800 17727 463 404 353 503400 120893 1898 2247 4107 3322000 
74 4 1 2 2270 475 11 1 2 10970 2262 103 104 30 64800 17511 360 445 351 503400 117424 3560 2655 1995 3322000 
73 1 2 3 2270 472 6 7 4 10970 2228 70 101 79 64800 17185 325 436 449 503400 116667 2507 2830 2193 3322000 
73 0 1 2 2310 458 17 7 4 10960 2185 74 54 93 64770 16987 248 214 575 501100 114783 1593 4428 1767 3295000 
73 0 1 0 2310 448 9 15 13 10960 2130 67 70 53 64770 16892 205 165 268 501100 110596 3854 2840 4079 3295000 
71 2 0 1 2310 440 9 6 18 10960 2089 46 82 58 64770 16740 289 156 158 501100 108301 2968 5047 1537 3295000 
71 1 1 0 2310 435 9 10 3 10960 2039 45 62 79 64770 16520 287 238 216 501100 104292 4844 3266 4471 3295000 
72 0 0 2 2310 429 12 6 9 10960 2008 44 51 48 64770 16260 347 289 225 501100 100186 3855 4884 4040 3295000 
72 0 0 0 2310 429 5 6 9 10960 1948 63 50 51 64770 15971 393 351 252 501100 97537 3538 3214 5193 3295000 
72 0 0 0 2310 427 8 4 3 10960 1914 59 61 36 64770 15805 412 302 275 501100 93073 4361 3396 4033 3295000 
71 0 1 0 2310 414 13 11 3 10960 1841 58 89 55 64770 15518 365 349 367 501100 89367 3620 2986 5438 3295000 
68 3 2 0 2310 394 21 15 10 10960 1804 61 48 83 64770 14823 676 527 285 501100 87894 2916 3459 2287 3295000 
59 7 6 1 2310 379 14 22 16 10960 1764 61 55 42 64770 14272 627 849 356 501100 85056 3964 2902 2915 3295000 
58 2 10 2 2310 372 16 13 16 10960 1714 55 75 46 64770 13839 479 725 782 501100 83541 2123 3408 3419 3295000 
56 1 2 11 2310 353 16 22 12 10960 1661 61 72 59 64770 13214 571 599 735 501100 81439 2555 2333 3311 3295000 
56 1 1 2 2310 338 16 20 20 10960 1627 56 53 67 64770 12861 412 551 639 501100 79689 2050 3222 1940 3295000 
56 1 0 1 2310 330 14 17 15 10960 1596 50 52 47 64770 12559 423 523 397 501100 79470 1171 1472 3422 3295000 
56 1 0 0 2310 321 12 12 18 10960 1583 22 58 44 64770 12427 382 238 539 501100 78567 1452 1488 1177 3295000 
56 0 0 1 2310 305 18 10 14 10960 1558 21 39 52 64770 12321 240 308 260 501100 78161 1720 790 1418 3295000 
56 1 0 0 2310 297 16 14 8 10960 1533 30 27 37 64770 12294 142 151 362 501100 77960 1453 1186 656 3295000 
56 1 0 0 2310 288 11 9 20 10960 1522 29 31 15 64770 12287 132 98 152 501100 77845 946 1137 1239 3295000 
56 0 1 0 2310 285 6 10 9 10960 1511 23 33 24 64770 12260 109 150 77 501100 77730 1093 621 1071 3295000 
56 0 0 1 2310 282 4 7 10 10960 1480 38 42 14 64770 12237 89 175 96 501100 77817 647 1149 400 3295000 
57 0 0 0 2310 273 6 14 2 10960 1456 48 32 33 64770 12239 111 125 109 501100 77666 689 698 1141 3295000 
57 0 0 0 2310 262 13 13 7 10960 1433 41 48 22 64770 12247 89 133 88 501100 77589 653 804 581 3295000 
57 0 0 0 2310 260 5 9 16 10960 1401 43 39 49 64770 12239 105 85 116 501100 77573 694 651 702 3295000 
57 0 0 0 2310 261 3 6 7 10960 1390 40 25 35 64770 12261 63 60 127 501100 77636 722 686 432 3295000 
58 0 0 0 2310 257 6 2 6 10960 1389 28 22 25 64770 12281 68 54 55 501100 78009 323 536 758 3295000 
58 0 0 0 2310 257 1 5 4 10960 1376 21 25 26 64770 12312 64 57 52 501100 77907 534 679 323 3295000 
58 0 0 0 2310 257 2 3 3 10960 1367 18 17 28 64770 12326 54 75 50 501100 77876 601 543 674 3295000 
58 0 0 0 2310 256 2 2 3 10960 1358 13 29 10 64770 12346 56 84 49 501100 78146 383 450 628 3295000 
58 0 0 0 2310 256 2 4 0 10960 1360 8 14 27 64770 12397 42 65 63 501100 78322 381 503 355 3295000 
59 0 0 0 2310 258 0 2 4 10960 1364 8 10 9 64770 12434 34 60 56 501100 78612 325 412 434 3295000 
59 0 0 0 2310 259 1 1 1 10960 1371 3 9 8 64770 12471 43 42 48 501100 79034 246 247 399 3295000 
59 0 0 0 2310 259 1 0 2 10960 1376 4 8 4 64770 12515 34 35 49 501100 79509 168 163 269 3295000 
59 0 0 0 2310 261 1 0 0 10960 1378 9 6 3 64770 12576 36 33 21 501100 79960 138 103 218 3295000 
60 0 0 0 2310 264 1 0 0 10960 1382 5 10 4 64770 12651 18 18 41 501100 80433 146 126 69 3295000 
60 0 0 0 2310 266 1 0 0 10960 1387 5 8 7 64770 12714 11 32 10 501100 80960 103 108 119 3295000 
68 0 0 0 2310 340 0 0 1 10960 1710 4 7 6 64770 15652 18 16 27 501100 102418 117 94 80 3295000 
68 0 0 0 2310 342 0 0 0 10960 1712 2 10 4 64770 15711 16 25 11 501100 102889 114 107 92 3295000 
69 0 0 0 2310 344 0 0 0 10960 1716 3 9 5 64770 15782 9 20 23 501100 103409 80 91 117 3295000 
69 0 0 0 2310 346 0 0 0 10960 1718 1 10 8 64770 15827 15 25 23 501100 103918 77 107 54 3295000 
68 0 0 0 2310 348 0 0 0 10960 1720 6 4 8 64770 15875 26 22 24 501100 104370 120 62 127 3295000 
68 0 0 0 2310 350 0 0 0 10960 1726 5 6 0 64770 15922 18 28 34 501100 104866 123 70 57 3295000 
69 0 0 0 2310 352 0 0 0 10960 1732 3 7 4 64770 15968 32 22 21 501100 105382 80 88 83 3295000 
69 0 0 0 2310 354 0 0 0 10960 1736 3 4 7 64770 16017 36 33 14 501100 105843 98 96 77 3295000 
69 0 0 0 2310 356 0 0 0 10960 1742 2 4 3 64770 16081 24 27 33 501100 106345 98 51 111 3295000 
69 0 0 0 2310 359 0 0 0 10960 1749 3 2 3 64770 16131 32 32 20 501100 106825 93 79 62 3295000 
70 0 0 0 2310 361 0 0 0 10960 1756 2 2 3 64770 16185 22 33 33 501100 107233 150 113 62 3295000 
69 0 0 0 2310 363 0 0 0 10960 1764 1 2 2 64770 16206 51 28 35 501100 107578 224 140 122 3295000 
69 0 0 0 2310 364 0 0 0 10960 1773 0 2 1 64770 16251 46 35 31 501100 107930 238 160 168 3295000 
69 0 0 0 2310 366 0 0 0 10960 1780 0 2 1 64770 16286 51 24 50 501100 108236 291 200 180 3295000 
70 0 0 0 2310 368 0 0 0 10960 1783 4 4 0 64770 16311 51 26 49 501100 108506 273 364 158 3295000 
70 0 0 0 2310 370 0 0 0 10960 1785 4 3 6 64770 16350 45 39 34 501100 108572 355 441 337 3295000 
70 0 0 0 2310 370 1 0 0 10960 1790 2 5 3 64770 16377 43 66 27 501100 108820 428 288 411 3295000 
70 0 0 0 2310 372 0 0 1 10960 1791 6 6 3 64550 16416 53 46 48 499000 109105 353 392 243 3273000 
70 0 0 0 2310 374 0 0 0 10960 1795 7 6 4 64550 16434 52 44 62 499000 109244 451 430 301 3273000 
71 0 0 0 2310 376 0 0 0 10960 1796 8 6 7 64550 16442 61 49 54 499000 109418 399 405 458 3273000 
71 0 0 0 2310 378 0 0 0 10960 1798 7 7 7 64550 16463 45 61 56 499000 109658 391 473 252 3273000 
71 0 0 0 2310 380 0 0 0 10960 1798 6 12 4 64550 16511 47 25 66 499000 109950 322 467 334 3273000 
72 0 0 0 2310 382 0 0 0 10960 1799 9 10 7 64550 16547 56 31 25 499000 109733 711 493 359 3273000 
72 0 0 0 2310 384 0 0 0 10960 1806 4 7 10 64550 16549 53 57 53 499000 109385 1041 465 594 3273000 
73 0 0 0 2310 386 0 0 0 10960 1809 3 4 9 64550 16590 40 41 62 499000 109086 954 741 678 3273000 
73 0 0 0 2310 388 0 0 0 10960 1806 12 6 1 64550 16624 59 27 40 499000 108692 1047 842 738 3273000 
73 0 0 0 2310 388 1 1 0 10960 1800 21 11 1 64550 16620 74 33 58 499000 108382 684 1336 743 3273000 
74 0 0 0 2310 391 1 0 1 10960 1791 18 19 13 64550 16629 55 63 56 499000 108292 823 879 961 3273000 
74 0 0 0 2310 392 1 1 0 10960 1779 19 23 16 64550 16558 103 93 67 499000 107535 1457 826 720 3273000 
75 0 0 0 2310 393 1 0 2 10960 1768 25 10 27 64550 16512 107 101 110 499000 107074 1297 889 1131 3273000 
75 0 0 0 2310 393 1 1 1 10960 1764 15 20 12 64550 16499 70 117 108 499000 106426 1199 958 1214 3273000 
75 0 0 0 2310 395 0 0 2 10960 1748 10 19 30 64550 16497 78 59 129 499000 106088 1394 1102 569 3273000 
76 0 0 0 2310 396 0 0 0 10960 1743 13 17 13 64550 16522 61 53 67 499000 105874 1302 902 1076 3273000 
76 0 0 0 2310 398 0 0 0 10960 1746 14 7 15 64550 16554 36 58 65 499000 105928 817 1023 870 3273000 
77 0 0 0 2310 400 0 0 0 10960 1749 6 16 4 64550 16524 86 45 66 499000 105602 710 1038 978 3273000 
77 0 0 0 2310 399 3 0 0 10960 1750 7 10 11 64550 16557 49 66 60 499000 105225 853 650 1183 3273000 
77 0 0 0 2310 399 3 2 0 10960 1749 9 14 4 64550 16554 76 57 64 499000 105218 680 934 452 3273000 
78 0 0 0 2310 398 0 7 1 10960 1742 16 6 16 64550 16567 63 66 63 499000 105090 818 501 989 3273000 
78 0 0 0 2310 394 3 2 8 10960 1743 13 9 8 64550 16564 88 62 58 499000 105141 629 584 598 3273000 
79 0 0 0 2310 394 2 2 3 10960 1748 3 16 7 64550 16525 152 59 52 499000 105266 460 403 784 3273000 
78 0 0 0 2310 389 6 1 4 10960 1750 4 10 11 64550 16515 124 100 72 499000 105473 481 416 314 3273000 
78 0 0 0 2310 390 4 3 1 10960 1747 5 9 11 64550 16470 119 115 112 499000 105637 364 352 582 3273000 
79 0 0 0 2310 389 4 3 3 10960 1742 10 12 4 64550 16445 140 98 100 499000 105573 644 373 287 3273000 
79 0 0 0 2310 382 3 9 4 10960 1740 8 19 5 64550 16448 102 113 98 499000 105722 476 640 292 3273000 
80 0 0 0 2310 382 2 4 8 10960 1732 11 21 11 64550 16422 98 120 102 499000 105532 667 746 467 3273000 
79 1 0 0 2310 379 1 5 4 10960 1726 15 14 16 64550 16388 106 103 120 499000 105317 933 647 591 3273000 
79 0 1 0 2310 380 2 0 5 10960 1727 14 8 15 64550 16395 84 86 109 499000 105486 803 633 524 3273000 
80 0 0 1 2310 382 0 2 0 10960 1728 10 15 4 64550 16370 93 74 98 499000 105671 551 559 716 3273000 
80 0 0 0 2310 380 3 2 1 10960 1731 6 8 15 64550 16345 87 110 67 499000 105793 611 522 417 3273000 
81 0 0 0 2310 383 1 1 3 10960 1732 9 5 8 64550 16341 74 102 98 499000 105832 654 478 509 3273000 
81 0 0 0 2310 384 0 2 1 10960 1733 9 6 7 64550 16357 73 63 99 499000 106036 483 495 521 3273000 
81 0 0 0 2310 385 0 2 1 10960 1737 11 3 5 64550 16379 69 45 75 499000 106248 462 378 485 3273000 
82 0 0 0 2310 385 1 1 2 10960 1742 5 7 5 64550 16431 38 52 50 499000 106575 275 459 332 3273000 
96 0 0 0 2310 456 2 2 0 10960 2059 5 5 5 64550 19274 45 39 46 499000 127411 335 344 354 3273000 
97 0 0 0 2310 458 1 1 2 10960 2061 9 1 7 64550 19318 43 38 38 499000 127426 410 627 175 3273000 
97 0 0 0 2310 458 1 1 2 10960 2067 7 3 3 64550 19309 75 47 44 499000 127653 291 428 610 3273000 
97 0 0 0 2310 459 0 3 0 10960 2062 9 11 4 64550 19326 76 53 51 499000 127616 555 450 302 3273000 
98 0 0 0 2310 458 2 1 3 10960 2058 15 12 6 64550 19344 61 87 35 499000 127386 786 622 387 3273000 
98 0 0 0 2310 456 4 2 0 10960 2043 21 19 10 64550 19315 93 112 47 499000 127150 772 821 616 3273000 
99 0 0 0 2310 455 3 3 3 10960 2021 25 29 17 64550 19266 114 77 137 499000 126947 1094 665 605 3273000 
99 0 0 0 2310 455 3 2 3 10960 2011 22 16 33 64550 19201 117 87 122 499000 126564 1116 798 781 3273000 
99 0 0 1 2310 453 5 1 3 10960 2002 21 13 20 64550 19143 104 112 120 499000 126095 1131 960 814 3273000 
99 0 0 0 2310 455 5 0 1 10960 1996 19 14 15 64550 19124 93 99 121 499000 122815 2888 1580 1453 3273000 
99 0 0 0 2310 450 6 4 1 10960 1971 20 24 23 64550 19145 57 75 112 499000 121161 2682 2362 1630 3273000 
100 0 0 0 2310 451 4 2 5 10960 1955 27 17 25 64550 19069 129 113 43 499000 118855 3011 2267 2628 3273000 
100 0 0 0 2310 450 2 3 4 10960 1936 29 26 17 64550 18984 156 122 118 499000 115789 3297 2408 3190 3273000 
101 0 0 0 2310 448 5 2 2 10960 1912 28 14 44 64550 18952 151 124 113 499000 112604 3853 4177 1410 3273000 
101 0 0 0 2310 444 4 2 7 10960 1882 35 23 23 64550 18755 189 210 152 499000 106915 6117 3730 4430 3273000 
101 0 0 0 2310 439 5 2 6 10960 1859 34 24 32 64550 18690 194 83 264 499000 104867 4039 3788 4630 3273000 
102 0 0 0 2330 436 5 6 1 11020 1832 35 26 32 64600 18691 115 111 121 498500 100997 4285 4972 2985 3253880 
102 0 0 0 2330 433 4 3 9 11020 1808 25 49 18 64600 18598 137 170 89 498500 99093 4127 2526 5055 3253880 
103 0 0 0 2330 428 5 7 2 11020 1767 50 26 45 64600 18317 279 238 149 498500 97640 2462 3274 2926 3253880 
103 0 0 0 2330 419 14 6 3 11020 1745 37 35 33 64600 17913 407 328 256 498500 96442 2493 2379 2616 3253880 
103 0 0 0 2330 408 7 20 6 11020 1696 34 52 44 64600 17566 436 262 464 498500 94109 1990 3744 2022 3253880 
104 0 0 0 2330 400 10 11 16 11020 1640 43 53 54 64600 17376 361 251 351 498500 92906 1803 2897 2782 3253880 
104 0 0 0 2330 362 29 23 9 11020 1616 27 67 35 64600 17221 330 290 222 498500 91127 2178 1590 3269 3253880 
105 0 0 0 2330 338 32 26 19 11020 1576 42 49 49 64600 16931 360 346 281 498500 90351 1728 1363 2004 3253880 
105 0 0 0 2330 317 21 38 21 11020 1568 30 34 42 64600 16229 714 320 444 498500 89419 1536 1417 1615 3253880 
105 0 0 0 2330 276 41 43 18 11020 1562 17 22 40 64600 15931 498 578 332 498500 88183 1906 1740 1116 3253880 
106 0 0 0 2330 257 25 46 34 11020 1547 15 39 7 64600 15493 515 607 471 498500 87034 1809 2258 1292 3253880 
106 0 0 0 2330 235 20 38 37 11020 1533 21 29 27 64600 14765 746 800 379 498500 86425 2108 1039 2084 3253880 
107 0 0 0 2330 228 22 16 29 11020 1522 19 17 32 64600 13967 648 1094 676 498500 85623 1861 1461 1183 3253880 
107 0 0 0 2330 223 13 16 16 11020 1500 21 26 20 64600 12627 1284 1140 730 498500 84741 1556 1647 1553 3253880 
107 0 0 0 2330 218 13 9 14 11020 1491 21 24 19 64600 12113 727 1317 969 498500 84804 1011 1146 1554 3253880 
108 0 0 0 2330 212 10 7 13 11020 1474 29 21 20 64600 11780 599 678 1180 498500 84950 629 794 1141 3253880 
108 0 0 0 2330 211 8 8 4 11020 1461 30 24 18 64600 11520 510 681 426 498500 84871 667 907 479 3253880 
109 0 0 0 2330 212 4 6 7 11020 1461 10 33 19 64600 11320 389 471 607 498500 84457 592 956 1003 3253880 
108 1 0 0 2330 209 2 4 8 11020 1448 19 20 25 64600 11288 185 257 527 498500 84026 646 831 1061 3253880 
108 1 0 0 2330 209 3 2 3 11020 1447 15 14 19 64600 11127 237 269 179 498500 83822 678 779 784 3253880 
108 1 0 1 2330 208 4 3 1 11020 1445 9 9 21 64600 11013 193 203 300 498500 83713 712 931 494 3253880 
105 3 1 0 2330 209 2 2 4 11020 1447 10 7 8 64600 10926 237 174 151 498500 83349 1040 877 631 3253880 
106 2 0 2 2330 209 1 1 4 11020 1452 6 7 7 64600 10908 170 164 174 498500 83434 586 1090 702 3253880 
106 1 0 1 2330 211 0 1 1 11020 1458 5 7 4 64600 10910 139 77 193 498500 82999 989 749 933 3253880 
106 1 0 0 2330 211 2 1 0 11020 1462 3 7 7 64600 10894 124 112 76 498500 82001 1146 1249 887 3253880 
107 1 0 0 2330 211 2 1 2 11020 1462 6 4 8 64600 10801 184 91 132 498500 81755 750 1095 1362 3253880 
107 1 0 0 2330 212 2 0 1 11020 1465 11 0 5 64600 10788 107 131 130 498500 81779 734 942 691 3253880 
108 1 0 0 2330 214 1 1 0 11020 1465 6 5 8 64600 10781 69 134 120 498500 81823 826 499 857 3253880 
108 0 0 1 2330 216 1 0 1 11020 1467 8 4 6 64600 10789 70 119 85 498500 81930 586 544 621 3253880 
108 0 0 0 2330 218 1 0 0 11020 1467 9 5 6 64600 10793 81 74 111 498500 82233 284 497 603 3253880 
109 0 0 0 2330 220 1 0 0 11020 1469 5 8 7 64600 10809 63 82 71 498500 82519 200 446 381 3253880 
109 0 0 0 2330 222 1 0 0 11020 1473 3 11 3 64600 10840 45 84 63 498500 82838 160 326 414 3253880 
110 0 0 0 2330 223 1 0 0 11020 1475 8 6 6 64600 10864 33 84 58 498500 83265 145 282 203 3253880 
110 0 0 0 2330 225 1 0 0 11020 1483 5 5 5 64600 10917 28 53 62 498500 83684 140 240 191 3253880 
110 0 0 0 2330 226 0 2 0 11020 1488 1 4 7 64600 10977 22 32 44 498500 84133 129 217 155 3253880 
111 0 0 0 2330 227 0 1 2 11020 1494 3 4 1 64600 11036 13 29 27 498500 84617 125 128 166 3253880 
125 0 0 0 2330 299 0 1 0 11020 1795 5 5 3 64600 13926 16 22 24 498500 105444 156 105 123 3253880 
126 0 0 0 2330 300 1 1 0 11020 1802 3 3 5 64600 13998 16 5 25 498500 105923 135 82 125 3253880 
126 0 0 0 2330 302 0 2 0 11020 1810 0 2 4 64600 14069 11 6 11 498500 106284 152 129 132 3253880 
126 0 0 0 2330 301 1 1 2 11020 1816 1 1 1 64600 14136 10 5 11 498500 106632 176 180 127 3253880 
127 0 0 0 2330 301 1 2 1 11020 1824 1 2 0 64600 14196 15 11 7 498500 106940 266 225 106 3253880 
127 0 0 0 2330 300 4 1 1 11020 1833 1 1 1 64600 14264 7 12 16 498500 107127 418 208 226 3253880 
128 0 0 0 2330 302 3 0 2 11020 1838 2 2 0 64600 14320 16 10 14 498500 107177 471 419 249 3253880 
128 0 0 0 2330 303 2 1 1 11020 1842 6 2 1 64600 14386 14 13 11 498500 107243 520 516 332 3253880 
128 0 0 0 2330 301 4 3 0 11020 1848 4 4 1 64600 14434 19 22 10 498500 107444 363 458 564 3253880 
129 0 0 0 2330 302 0 3 5 11020 1851 6 5 3 64600 14490 14 25 21 498500 107390 450 403 570 3253880 
129 0 0 0 2330 299 1 3 2 11020 1846 11 8 5 64600 14539 30 20 16 498500 107507 519 508 265 3253880 
130 0 0 0 2330 301 1 0 3 11020 1835 16 14 7 64600 14591 21 34 17 498500 107296 909 440 453 3253880 
130 0 0 0 2330 303 0 1 0 11020 1822 20 24 8 64600 14646 13 34 30 498500 107328 559 577 733 3253880 
130 0 0 0 2330 302 3 1 0 11020 1785 37 35 16 64600 14680 40 40 14 498500 107225 475 744 560 3253880 
131 0 0 0 2330 301 2 2 3 11020 1767 42 36 18 64600 14729 39 49 22 498500 106774 717 585 930 3253880 
131 0 0 0 2330 300 1 5 1 11020 1756 25 35 37 64600 14782 45 29 40 498500 106881 524 617 606 3253880 
132 0 0 0 2350 301 2 1 4 11100 1748 17 37 23 64220 14822 44 32 27 498800 106776 648 659 477 3225000 
132 0 0 0 2350 299 4 1 2 11100 1742 15 22 30 64220 14869 46 15 37 498800 106825 583 630 603 3225000 
132 0 0 0 2350 299 3 2 2 11100 1723 20 26 19 64220 14932 30 20 23 498800 106981 545 432 648 3225000 
133 0 0 0 2350 299 2 3 1 11100 1692 23 33 28 64220 14969 40 22 26 498800 106782 784 486 459 3225000 
133 0 0 0 2350 300 0 2 4 11100 1684 23 21 29 64220 14998 53 22 32 498800 106904 342 651 719 3225000 
133 0 0 0 2350 300 2 1 1 11100 1685 11 24 15 64220 15042 36 47 20 498800 106819 456 588 585 3225000 
134 0 0 0 2350 299 2 0 3 11100 1680 14 14 21 64220 15069 45 36 50 498800 106773 562 639 432 3225000 
134 0 0 0 2350 296 3 3 1 11100 1676 10 12 17 64220 15106 57 30 32 498800 106808 712 365 649 3225000 
134 0 0 0 2350 296 5 2 1 11100 1678 10 5 13 64220 15156 29 49 36 498800 106979 734 373 356 3225000 
135 0 0 0 2350 295 3 5 2 11100 1680 7 8 4 64220 15198 41 23 46 498800 106899 679 734 321 3225000 
135 0 0 0 2350 292 4 7 1 11100 1668 12 13 10 64220 15227 70 25 10 498800 106951 485 686 743 3225000 
135 0 0 0 2350 288 2 7 8 11100 1668 15 9 10 64220 15224 91 49 29 498800 106757 781 626 513 3225000 
135 0 0 0 2350 285 4 3 7 11100 1667 16 6 11 64220 15235 52 83 69 498800 106041 1414 602 665 3225000 
136 0 0 0 2350 278 4 9 3 11100 1665 17 6 9 64220 15228 59 122 36 498800 105689 1070 988 848 3225000 
136 0 0 0 2350 271 5 9 6 11100 1661 16 10 9 64220 15208 98 62 115 498800 105239 965 1250 860 3225000 
136 0 0 0 2350 269 2 7 9 11100 1655 23 12 6 64220 15214 108 62 61 498800 105162 703 676 1463 3225000 
137 0 0 0 2350 269 0 4 6 11100 1649 18 12 19 64220 15217 99 70 73 498800 105111 738 577 663 3225000 
137 0 0 0 2350 271 0 2 2 11100 1648 18 14 8 64220 15233 83 71 77 498800 105030 794 588 575 3225000 
137 0 0 0 2350 273 0 0 2 11100 1645 11 19 13 64220 15244 51 93 74 498800 104719 656 888 687 3225000 
138 0 0 0 2350 275 0 0 0 11100 1638 11 22 12 64220 15251 55 59 98 498800 104227 954 963 673 3225000 
138 0 0 0 2350 277 0 0 0 11100 1615 30 18 15 64220 15242 57 86 55 498800 102965 1244 1591 908 3225000 
138 0 0 0 2350 279 0 0 0 11100 1607 15 32 18 64220 15239 91 79 50 498800 102187 1488 1462 1222 3225000 
139 0 0 0 2350 280 0 0 0 11100 1581 27 23 31 64220 15253 73 60 95 498800 101232 1099 1813 1538 3225000 
139 0 0 0 2350 282 0 0 0 11100 1558 35 29 17 64220 15270 73 47 68 498800 100054 1436 1142 2051 3225000 
139 0 0 0 2350 284 0 0 0 11100 1528 32 30 41 64220 15242 105 85 37 498800 98784 2217 1114 1075 3225000 
139 1 0 0 2350 286 0 0 0 11100 1523 21 8 45 64220 15264 53 67 120 498800 98322 2261 1069 1010 3225000 
137 1 1 1 2350 288 0 0 0 11100 1520 20 16 5 64220 15256 88 74 39 498800 97727 1712 1678 1099 3225000 
137 0 1 1 2350 289 1 0 0 11100 1521 12 14 15 64220 15257 73 99 67 498800 96479 2383 1653 1148 3225000 
136 2 1 0 2350 290 1 1 0 11100 1511 16 16 10 64220 15187 142 108 67 498800 95599 1337 2320 1816 3225000 
134 2 2 1 2350 291 2 0 1 11100 1490 17 34 10 64220 15159 149 83 120 498800 94070 2243 2422 1071 3225000 
131 3 2 2 2350 291 1 0 2 11100 1482 16 25 27 64220 15116 82 85 181 498800 93101 1780 2185 2215 3225000 
127 5 1 4 2350 292 1 1 0 11100 1468 18 23 22 64220 15113 104 55 79 498800 92534 1500 1760 1829 3225000 
123 3 2 5 2350 293 1 1 1 11100 1470 7 16 25 64220 15091 125 78 53 498800 92525 1129 1024 1680 3225000 
118 5 4 1 2350 295 0 1 1 11100 1469 8 10 14 64220 15128 68 71 104 498800 92792 703 1067 667 3225000 
113 5 3 7 2350 297 0 1 0 11100 1472 5 9 10 64220 15168 72 30 71 498800 92696 902 537 967 3225000 
113 3 3 2 2350 298 0 0 2 11100 1476 4 7 7 64220 15227 42 41 36 498800 92955 630 643 462 3225000 
124 0 3 3 2350 364 1 0 0 11100 1772 9 3 6 64220 17976 65 41 54 498800 113615 382 442 635 3225000 
120 3 4 1 2350 366 1 0 0 11100 1773 4 8 4 64220 17985 89 40 40 498800 113470 737 408 386 3225000 
109 9 7 2 2350 364 0 2 0 11100 1776 2 2 10 64220 17974 101 72 45 498800 113326 673 601 574 3225000 
97 11 14 3 2350 361 4 2 1 11100 1779 4 5 0 64220 17911 141 113 60 498800 113148 659 604 739 3225000 
81 17 15 10 2350 362 3 1 3 11100 1781 5 6 4 64220 17779 140 242 77 498800 112822 1011 581 546 3225000 
70 13 11 19 2350 360 2 4 2 11100 1788 3 4 6 64220 17585 229 188 231 498800 112345 1430 690 506 3225000 
50 20 18 6 2350 358 1 4 4 11100 1783 11 4 5 64220 17348 253 272 201 498800 111993 1323 1052 642 3225000 
44 5 15 24 2350 356 3 4 2 11100 1783 12 6 6 64220 17193 285 234 238 498800 111417 1304 984 1205 3225000 
42 2 6 15 2350 353 6 6 0 11100 1782 13 8 6 64220 17122 164 274 220 498800 110661 1162 1363 1057 3225000 
39 2 7 2 2350 351 3 6 7 11100 1764 17 15 15 64220 16903 246 240 243 498800 109704 1341 1590 1098 3225000 
35 3 5 5 2350 352 1 3 5 11100 1759 15 18 12 64220 16796 167 233 266 498800 108230 2035 1980 912 3225000 
35 4 1 4 2350 350 3 4 1 11100 1749 20 17 15 64220 16710 137 207 212 498800 106182 2462 1874 2272 3225000 
33 3 3 1 2350 350 2 2 5 11100 1748 8 27 11 64220 16611 206 157 151 498800 104664 2167 1855 2371 3225000 
32 1 1 5 2350 352 1 1 2 11100 1743 12 19 18 64220 16538 228 168 113 498800 103557 1634 1769 2277 3225000 
32 1 1 1 2350 353 0 2 1 11100 1742 8 14 17 64220 16346 280 166 216 498800 102322 1582 1920 1677 3225000 
32 0 0 2 2350 349 5 1 2 11100 1731 18 13 10 64220 16157 244 220 245 498800 101339 1276 2133 1621 3225000 
32 0 0 0 2350 349 3 4 0 11230 1728 13 17 12 63900 15998 242 231 218 499400 100321 1179 1069 2715 3204000 
32 0 0 0 2350 347 2 7 2 11230 1728 9 16 14 63900 15838 188 261 258 499400 100280 1095 776 920 3204000 
33 0 0 0 2350 342 2 5 9 11230 1720 16 17 8 63900 15773 181 155 253 499400 99285 1583 1113 704 3204000 
33 0 0 0 2350 340 5 2 3 11230 1688 35 16 22 63900 15710 183 157 132 499400 98508 1450 1698 864 3204000 
34 0 0 0 2350 337 7 3 1 11230 1678 31 25 13 63900 15687 141 142 148 499400 96464 1546 2240 1945 3204000 
34 0 0 0 2350 337 6 4 2 11230 1638 48 33 22 63900 15613 152 123 160 499400 95114 1817 1584 2283 3204000 
35 0 0 0 2350 328 10 10 1 11230 1612 43 45 27 63900 15560 118 161 120 499400 93736 1953 1401 1974 3204000 
36 0 0 0 2350 321 12 12 4 11230 1580 49 41 38 63900 15519 152 103 139 499400 92251 1960 2182 1238 3204000 
36 0 0 0 2350 308 19 13 7 11230 1565 37 28 48 63900 15510 116 130 92 499400 90176 2606 2466 1684 3204000 
37 0 0 0 2350 303 10 10 19 11230 1533 38 21 46 63900 15220 290 174 147 499400 84904 5370 4304 1224 3204000 
37 0 0 0 2350 301 3 9 12 11230 1505 31 32 29 63900 15096 200 262 191 499400 81656 4491 5716 3245 3204000 
38 0 0 0 2350 299 2 1 12 11230 1503 30 18 25 63900 14698 458 234 243 499400 77783 4237 4573 5814 3204000 
39 0 0 0 2350 297 2 4 1 11230 1479 36 26 18 63900 14331 466 381 289 499400 74924 3373 3496 5348 3204000 
39 0 0 0 2350 292 4 4 5 11230 1457 27 44 20 63900 14209 213 401 429 499400 71677 2377 5400 2893 3204000 
40 0 0 0 2350 291 4 3 4 11230 1436 38 41 20 63900 14043 224 273 360 499400 68799 3219 4095 3899 3204000 
40 0 0 0 2350 288 4 7 1 11230 1428 27 32 37 63900 13776 313 273 250 499400 66718 2637 3659 3648 3204000 
41 0 0 0 2350 281 9 8 3 11230 1421 18 25 29 63900 13635 339 288 169 499400 65871 2400 2002 3287 3204000 
40 0 1 0 2350 274 7 13 5 11230 1404 21 25 22 63900 13424 374 194 346 499400 65390 1438 2102 1891 3204000 
40 0 0 2 2350 265 13 5 12 11230 1399 14 33 13 63900 13314 253 278 220 499400 64714 1082 1115 2577 3204000 
41 0 0 0 2350 262 5 7 11 11230 1396 14 13 30 63900 13193 205 306 216 499400 64732 599 1269 876 3204000 
41 0 0 0 2350 256 8 5 6 11230 1393 9 18 11 63900 13098 183 121 377 499400 64945 468 646 1094 3204000 
42 0 0 0 2350 254 4 4 9 11230 1386 17 15 10 63900 13028 112 167 168 499400 65066 504 509 536 3204000 
42 0 0 0 2350 253 1 5 4 11230 1384 13 8 21 63900 12901 197 172 112 499400 65052 627 628 327 3204000 
43 0 0 0 2350 255 1 3 2 11230 1387 6 16 5 63900 12764 132 238 211 499400 65178 479 729 461 3204000 
43 0 0 0 2350 257 1 2 1 11230 1385 3 8 21 63900 12678 142 147 242 499400 65552 298 442 652 3204000 
44 0 0 0 2350 256 1 3 1 11230 1389 1 5 9 63900 12691 109 138 105 499400 65956 234 326 336 3204000 
45 0 0 0 2350 256 2 1 3 11230 1396 0 2 6 63900 12588 130 188 109 499400 66268 249 306 258 3204000 
45 0 0 0 2350 256 0 2 3 11230 1402 0 3 1 63900 12448 168 218 146 499400 66618 216 243 293 3204000 
46 0 0 0 2350 257 0 2 1 11230 1408 1 3 1 63900 12256 220 202 232 499400 66946 229 239 192 3204000 
46 0 0 0 2350 259 0 0 2 11230 1417 1 0 3 63900 12265 179 169 142 499400 67384 150 296 141 3204000 
47 0 0 0 2350 261 0 0 0 11230 1424 0 1 0 63900 12253 81 216 141 499400 67833 101 171 270 3204000 
47 0 0 0 2350 263 0 0 0 11230 1431 1 0 1 63900 12200 144 111 170 499400 68288 101 98 161 3204000 
48 0 0 0 2350 265 0 0 0 11230 1440 0 0 1 63900 12211 68 144 106 499400 68759 119 102 63 3204000 
49 0 0 0 2350 266 0 0 0 11230 1448 0 0 0 63900 12254 39 41 163 499400 69246 96 69 103 3204000 
49 0 0 0 2350 268 0 0 0 11230 1455 0 0 0 63900 12314 32 33 30 499400 69761 78 73 53 3204000 
50 0 0 0 2350 270 0 0 0 11230 1463 0 0 0 63900 12373 24 20 34 499400 70282 53 64 62 3204000 
70 0 0 0 2350 336 0 0 0 11230 1760 0 1 0 63900 15141 29 17 16 499400 90690 60 84 41 3204000 
71 0 0 0 2350 337 0 0 0 11230 1767 1 1 0 63900 15205 23 17 17 499400 91164 78 72 62 3204000 
71 0 0 0 2350 339 0 0 0 11230 1773 1 1 2 63900 15238 30 23 22 499400 91588 74 91 89 3204000 
73 0 0 0 2350 340 0 0 0 11230 1777 2 1 3 63900 15274 38 24 26 499400 92033 93 112 56 3204000 
74 0 0 0 2350 341 0 0 0 11230 1783 2 1 3 63900 15320 27 30 35 499400 92437 81 97 168 3204000 
74 0 0 0 2350 343 0 0 0 11230 1786 0 3 2 63900 15387 17 24 22 499400 92837 134 105 86 3204000 
75 0 0 0 2350 345 0 0 0 11230 1793 1 1 2 63900 15438 14 28 20 499400 93312 106 86 118 3204000 
75 0 0 0 2350 347 0 0 0 11230 1799 1 1 2 63900 15493 20 28 15 499400 93770 103 92 91 3204000 
76 0 0 0 2350 349 0 0 0 11230 1805 2 2 0 63900 15549 15 29 22 499400 94239 71 82 93 3204000 
76 0 0 0 2350 351 0 0 0 11230 1811 0 3 2 63900 15602 26 12 29 499400 94757 48 56 84 3204000 
77 0 0 0 2350 353 0 0 0 11230 1819 0 0 3 63900 15663 21 15 15 499400 95212 56 98 43 3204000 
78 0 0 0 2350 354 0 0 0 11230 1826 0 0 0 63900 15725 20 13 12 499400 95624 106 107 76 3204000 
78 0 0 0 2350 356 0 0 0 11230 1834 1 0 0 63900 15778 18 23 13 499400 96085 91 111 92 3204000 
79 0 0 0 2350 358 0 0 0 11230 1839 2 1 0 63900 15814 26 23 23 499400 96469 150 71 114 3204000 
79 0 0 0 2350 360 0 0 0 11230 1845 2 3 0 63900 15857 35 20 25 499400 96882 181 114 70 3204000 
80 0 0 0 2350 362 0 0 0 11230 1852 1 3 3 63900 15911 18 33 21 499400 97349 132 97 151 3204000 
81 0 0 0 2400 364 0 0 0 11270 1860 0 2 2 65130 15972 12 20 29 499610 97783 95 139 84 3194480 
81 0 0 0 2400 366 0 0 0 11270 1865 0 3 1 65130 16032 12 21 14 499610 98274 104 102 93 3194480 
81 0 0 0 2400 368 0 0 0 11270 1866 3 2 3 65130 16086 16 24 13 499610 98590 238 134 66 3194480 
82 0 0 0 2400 370 0 0 0 11270 1873 1 1 3 65130 16117 44 23 18 499610 99033 199 189 95 3194480 
82 0 0 0 2400 372 0 0 0 11270 1878 3 1 0 65130 16182 20 23 28 499610 99290 361 180 166 3194480 
83 0 0 0 2400 373 0 0 0 11270 1882 4 2 1 65130 16223 28 21 29 499610 99435 304 475 181 3194480 
83 0 0 0 2400 375 0 0 0 11270 1887 5 3 1 65130 16280 13 29 26 499610 99564 354 332 546 3194480 
83 0 0 0 2400 377 0 0 0 11270 1891 4 6 3 65130 16326 26 18 28 499610 99851 334 284 352 3194480 
84 0 0 0 2400 379 0 0 0 11270 1892 9 5 3 65130 16368 30 21 26 499610 100010 423 330 263 3194480 
84 0 0 0 2400 380 0 0 1 11270 1892 9 4 8 65130 16427 25 19 26 499610 100164 421 417 328 3194480 
85 0 0 0 2400 383 0 0 0 11270 1892 5 9 6 65130 16473 35 20 16 499610 100392 495 214 472 3194480 
85 0 0 0 2400 385 0 0 0 11270 1888 9 9 4 65130 16515 24 34 33 499610 100345 563 463 299 3194480 
86 0 0 0 2400 387 0 0 0 11270 1892 6 10 5 65130 16568 26 15 38 499610 100237 688 528 502 3194480 
86 0 0 0 2400 389 0 0 0 11270 1887 12 10 7 65130 16630 16 18 19 499610 100202 725 477 607 3194480 
86 0 0 0 2400 391 0 0 0 11270 1873 18 15 10 65130 16675 34 21 12 499610 100274 700 451 565 3194480 
87 0 0 0 2400 393 0 0 0 11270 1871 16 15 11 65130 16735 31 25 16 499610 100489 308 787 403 3194480 
87 0 0 0 2400 395 0 0 0 11270 1868 15 12 15 65130 16784 37 20 29 499610 100490 379 492 794 3194480 
88 0 0 0 2400 397 0 0 0 11270 1870 9 6 18 65130 16840 26 26 25 499610 100428 533 676 307 3194480 
87 1 0 0 2400 398 0 0 0 11270 1873 6 5 9 65130 16883 39 14 32 499610 100569 419 476 747 3194480 
87 1 1 0 2400 400 0 0 0 11270 1872 5 13 2 65130 16923 33 29 25 499610 100712 425 473 414 3194480 
87 1 0 1 2400 402 0 0 0 11270 1869 8 7 11 65130 16977 28 22 34 499610 100801 589 488 298 3194480 
87 0 1 0 2400 404 1 0 0 11270 1869 10 5 8 65130 17003 32 36 31 499610 100955 401 674 429 3194480 
88 0 0 1 2400 405 1 1 0 11270 1875 9 2 6 65130 17017 60 31 39 499610 100864 697 572 468 3194480 
88 0 0 0 2400 405 2 1 1 11270 1878 7 6 3 65130 17044 46 57 37 499610 100677 885 728 433 3194480 
89 0 0 0 2400 403 2 3 2 11270 1878 6 11 3 65130 17020 107 65 36 499610 100297 835 648 1088 3194480 
88 1 0 0 2400 403 2 3 2 11270 1876 8 9 9 65130 17029 99 87 56 499610 99392 951 1159 852 3194480 
89 1 0 0 2400 403 2 3 2 11270 1876 8 9 8 65130 16922 154 135 83 499610 98424 1502 1021 1122 3194480 
89 0 0 1 2400 401 4 2 3 11270 1871 10 16 4 65130 16854 146 178 107 499610 98134 930 1316 1135 3194480 
89 0 0 0 2400 402 1 3 3 11270 1859 16 10 19 65130 16557 288 270 137 499610 98100 839 659 1340 3194480 
90 0 0 0 2400 399 3 2 4 11270 1859 11 11 10 65130 16304 335 266 281 499610 98104 862 564 626 3194480 
90 0 0 0 2400 401 2 1 2 11270 1863 8 9 9 65130 16198 270 276 234 499610 97544 948 1085 504 3194480 
91 0 0 0 2400 400 2 1 2 11270 1863 9 8 8 65130 16057 297 239 231 499610 97474 645 621 1408 3194480 
91 0 0 0 2400 403 0 1 2 11270 1869 4 7 8 65130 16002 207 251 207 499610 97717 357 562 659 3194480 
92 0 0 0 2400 404 0 2 0 11270 1866 8 6 7 65130 15885 138 325 187 499610 97591 648 511 466 3194480 
92 0 0 0 2400 404 1 2 1 11270 1869 5 6 8 65130 15825 187 178 234 499610 97947 461 478 440 3194480 
92 0 0 0 2400 406 1 0 2 11270 1870 5 10 4 65130 15733 220 143 172 499610 98188 373 400 501 3194480 
107 0 0 0 2400 480 0 1 0 11270 2155 5 5 10 65130 18571 118 151 152 499610 119362 329 336 390 3194480 
107 0 0 0 2400 480 0 1 1 11270 2159 4 1 7 65130 18595 88 68 167 499610 119336 498 346 431 3194480 
108 0 0 0 2400 481 1 1 0 11270 2162 2 3 2 65130 18526 115 120 65 499610 119432 588 352 364 3194480 
108 0 0 0 2400 480 2 2 1 11270 2155 5 8 5 65130 18381 206 151 95 499610 119624 551 450 316 3194480 
109 0 0 0 2400 480 2 3 0 11270 2148 17 3 7 65130 18234 221 246 112 499610 119409 716 551 498 3194480 
109 0 0 0 2400 478 3 5 1 11270 2145 9 9 13 65130 17905 285 287 296 499610 119252 494 758 737 3194480 
109 0 0 0 2400 470 2 7 9 11270 2140 9 10 12 65130 17589 398 169 396 499610 118538 1042 781 694 3194480 
110 0 0 0 2400 465 6 7 4 11270 2128 16 11 11 65130 17476 340 280 131 499610 118496 1053 609 763 3194480 
110 0 0 0 2400 461 9 7 3 11270 2128 12 16 7 65130 17446 328 162 230 499610 118385 832 896 591 3194480 
111 0 0 0 2400 454 12 11 1 11270 2123 12 16 13 65130 17398 174 262 178 499610 118116 1094 897 563 3194480 
111 0 0 0 2400 444 13 8 14 11270 2119 16 10 13 65130 17207 343 165 197 499610 117878 1052 806 919 3194480 
112 0 0 0 2400 436 13 5 13 11270 2111 15 19 7 65130 17049 332 202 209 499610 117570 883 1011 855 3194480 
112 0 0 0 2400 433 12 4 7 11270 2081 33 21 17 65130 16853 201 302 303 499610 115926 1432 1402 1261 3194480 
112 0 0 0 2400 417 13 16 5 11270 2064 24 17 37 65130 16737 180 201 306 499610 113678 1612 2104 1935 3194480 
113 0 0 0 2400 404 11 13 20 11270 2055 27 10 21 65130 16520 282 201 192 499610 113119 990 1971 1887 3194480 
113 0 0 0 2400 400 5 12 13 11270 2046 21 20 13 65130 16142 426 295 213 499610 111614 1969 1739 1324 3194480 
114 0 0 0 2400 390 4 9 15 11270 2033 25 19 18 65130 15973 512 279 179 499610 110294 2199 1839 1557 3194480 
114 0 0 0 2250 384 9 7 5 11380 2026 13 24 21 66180 15543 324 630 344 494650 108409 2281 1584 2611 3179980 
113 0 0 0 2250 375 7 9 11 11380 2019 14 13 24 66180 15128 436 497 517 494650 106416 1826 2347 2275 3179980 
114 0 0 0 2250 367 7 8 11 11380 2004 25 15 10 66180 14700 520 311 615 494650 104934 2232 1888 2112 3179980 
115 0 0 0 2250 361 10 6 7 11380 1982 24 22 23 66180 14514 450 315 333 494650 103584 2315 2228 1478 3179980 
115 0 0 0 2250 356 11 5 7 11380 1967 14 30 22 66180 14314 254 372 421 494650 101289 2381 2954 2075 3179980 
116 0 0 0 2250 350 7 10 5 11380 1948 24 27 20 66180 14056 329 315 321 494650 97605 4255 3337 2014 3179980 
116 0 0 0 2250 347 8 3 11 11380 1919 30 33 25 66180 13900 243 279 359 494650 94934 3325 3311 4201 3179980 
117 0 0 0 2250 343 7 4 6 11380 1881 37 46 26 66180 13780 341 234 152 494650 92811 2945 3139 3251 3179980 
116 1 0 0 2250 337 8 4 7 11380 1837 64 39 32 66180 13668 260 236 275 494650 89105 3407 4443 2511 3179980 
116 2 0 0 2250 335 5 5 6 11380 1769 60 43 75 66180 13572 214 247 218 494650 85251 4013 4748 3516 3179980 
115 1 2 0 2250 331 5 4 7 11380 1754 38 43 45 66180 13445 272 198 202 494650 83458 3908 1866 5354 3179980 
106 7 4 2 2250 327 3 7 5 11380 1723 32 31 57 66180 13360 163 266 210 494650 82435 3108 2293 1955 3179980 
99 7 5 6 2250 318 7 8 5 11380 1691 35 34 34 66180 13153 266 197 253 494650 81343 2721 1673 2675 3179980 
93 8 4 7 2250 317 2 8 8 11380 1670 29 35 34 66180 13042 271 178 206 494650 80369 2152 2156 1649 3179980 
90 8 3 4 2250 309 5 9 5 11380 1653 35 20 32 66180 13006 153 164 250 494650 79033 2281 2324 1622 3179980 
87 3 10 2 2250 308 6 6 5 11380 1642 31 24 19 66180 13000 121 145 139 494650 78634 1461 1832 2283 3179980 
81 7 6 6 2250 305 8 3 6 11380 1640 20 12 33 66180 12970 112 131 135 494650 77963 1565 1160 1821 3179980 
72 11 8 4 2250 303 9 3 3 11380 1638 7 15 19 66180 12733 254 217 92 494650 77496 1062 1565 1149 3179980 
68 7 5 11 2250 299 9 6 3 11380 1634 13 8 13 66180 12649 211 223 207 494650 76987 993 1325 1406 3179980 
66 6 6 3 2250 294 8 3 11 11380 1636 9 9 8 66180 12603 154 239 170 494650 76417 1273 923 1292 3179980 
60 7 8 3 2250 292 6 6 3 11380 1636 8 5 12 66180 12402 231 332 117 494650 76627 663 913 1009 3179980 
57 3 6 9 2250 285 10 8 2 11380 1638 8 8 2 66180 12237 304 294 213 494650 76053 1066 1037 615 3179980 
56 2 7 2 2250 279 9 10 7 11380 1637 9 6 10 66180 12176 240 282 221 494650 75540 966 1249 964 3179980 
52 4 6 3 2250 273 13 2 12 11380 1639 5 9 7 66180 12079 285 183 234 494650 74441 1755 905 1243 3179980 
40 5 16 2 2250 272 7 6 4 11380 1629 12 11 8 66180 12011 213 157 250 494650 74629 1158 720 1187 3179980 
30 10 6 15 2250 265 4 5 13 11380 1616 21 14 9 66180 11971 193 175 122 494650 74421 1112 895 664 3179980 
28 7 5 7 2250 267 1 3 5 11380 1620 6 15 18 66180 11899 217 139 164 494650 74467 913 757 870 3179980 
28 3 4 5 2250 266 3 2 2 11380 1618 8 13 10 66180 11865 147 124 196 494650 74056 1214 893 561 3179980 
29 2 3 2 2250 264 3 4 2 11380 1621 8 15 3 66180 11866 114 126 112 494650 74197 742 1069 734 3179980 
29 1 1 3 2250 263 4 3 3 11380 1615 8 12 14 66180 11879 81 128 101 494650 74228 619 1157 595 3179980 
30 0 1 1 2250 259 2 9 1 11380 1615 6 12 10 66180 11907 81 107 74 494650 74230 873 781 699 3179980 
30 0 0 1 2250 256 4 5 7 11380 1614 12 8 6 66180 11948 60 87 84 494650 74345 628 942 556 3179980 
31 0 0 0 2250 254 6 4 3 11380 1607 14 6 15 66180 11988 55 67 67 494650 74383 551 816 746 3179980 
31 0 0 0 2250 255 5 1 5 11380 1610 9 5 11 66180 12026 48 35 83 494650 74744 358 516 703 3179980 
32 0 0 0 2250 257 1 2 3 11380 1610 10 8 4 66180 12070 58 35 31 494650 75117 264 465 352 3179980 
50 0 0 0 2250 325 1 0 2 11380 1889 13 4 9 66180 15153 32 33 51 494650 96580 293 316 325 3179980 
51 0 0 0 2250 327 0 0 1 11380 1886 11 10 6 66180 15186 42 44 27 494650 96445 556 442 341 3179980 
52 0 0 0 2250 329 0 0 0 11380 1879 15 10 11 66180 15225 59 48 24 494650 96471 519 535 504 3179980 
52 0 0 0 2250 331 0 0 0 11380 1879 15 7 11 66180 15246 68 45 55 494650 96791 335 430 535 3179980 
53 0 0 0 2250 333 0 0 0 11380 1877 12 12 7 66180 15304 50 35 54 494650 96996 456 372 305 3179980 
53 0 0 0 2250 335 0 0 0 11380 1877 18 4 10 66180 15347 53 29 43 494650 97187 492 412 321 3179980 
54 0 0 0 2250 335 1 0 0 11380 1881 9 3 13 66180 15380 67 34 30 494650 97458 483 376 339 3179980 
54 0 0 0 2250 337 1 0 0 11380 1883 6 11 1 66180 15410 53 51 50 494650 97311 844 414 324 3179980 
55 0 0 0 2250 339 0 0 1 11380 1887 7 8 7 66180 15463 40 53 39 494650 97370 493 718 560 3179980 
55 0 0 0 2250 341 0 0 0 11380 1890 3 9 8 66180 15506 43 41 49 494650 97107 1082 586 393 3179980 
56 0 0 0 2250 343 0 0 0 11380 1889 8 3 9 66180 15548 34 63 31 494650 97128 973 744 499 3179980 
56 0 0 0 2250 344 0 1 0 11380 1889 11 3 5 66180 15574 56 46 50 494650 96863 987 732 833 3179980 
57 0 0 0 2250 345 1 0 1 11380 1890 6 5 9 66180 15616 47 39 55 494650 96851 531 734 1046 3179980 
57 0 0 0 2250 346 0 1 0 11380 1888 9 6 6 66180 15627 73 42 41 494650 96805 707 650 535 3179980 
57 0 0 0 2250 348 0 0 1 11380 1886 15 2 8 66180 15666 59 51 48 494650 96701 956 660 423 3179980 
57 0 0 0 2250 350 0 0 0 11380 1888 13 5 5 66180 15674 68 54 64 494650 96226 660 1025 990 3179980 
58 0 0 0 2250 352 0 0 0 11380 1879 12 15 6 66180 15694 64 44 70 494650 96282 596 763 855 3179980 
58 0 0 0 2290 354 0 0 0 11520 1876 9 12 17 66640 15756 36 53 39 495240 96267 493 703 770 3185770 
58 0 0 0 2290 356 0 0 0 11520 1878 4 10 13 66640 15823 32 53 22 495240 96280 462 401 923 3185770 
58 0 0 0 2290 357 1 0 0 11520 1876 8 9 8 66640 15847 50 49 46 495240 96398 563 311 471 3185770 
59 0 0 0 2290 358 1 0 0 11520 1872 9 5 15 66640 15912 30 44 43 495240 96616 558 333 366 3185770 
59 0 0 0 2290 359 2 0 0 11520 1879 6 5 4 66640 15928 51 38 54 495240 96627 386 704 394 3185770 
59 0 0 0 2290 360 2 0 1 11520 1877 11 5 4 66640 15963 58 25 52 495240 96558 654 552 561 3185770 
60 0 0 0 2290 362 2 0 0 11520 1879 11 5 6 66640 16020 46 20 43 495240 96156 864 712 630 3185770 
60 0 0 0 2290 364 1 1 0 11520 1871 15 8 8 66640 16070 42 33 26 495240 96109 706 761 752 3185770 
60 0 0 0 2290 366 1 1 0 11520 1865 13 16 9 66640 16128 34 35 33 495240 95722 646 1022 782 3185770 
60 0 0 0 2290 368 1 1 0 11520 1848 19 16 19 66640 16144 63 33 40 495240 95438 678 939 937 3185770 
60 0 0 0 2290 370 0 1 1 11520 1843 18 18 12 66640 16162 58 60 33 495240 95536 694 624 802 3185770 
60 0 0 0 2290 370 1 1 1 11520 1839 17 16 16 66640 16193 45 70 57 495240 95561 954 459 482 3185770 
60 0 0 0 2290 368 3 2 1 11520 1826 20 16 18 66640 16193 66 57 73 495240 95831 442 682 598 3185770 
61 0 0 0 2290 368 0 5 2 11520 1826 18 15 12 66640 16186 73 67 71 495240 95973 471 375 729 3185770 
61 0 0 0 2290 366 2 4 3 11520 1825 12 16 14 66640 16229 43 62 76 495240 96260 266 374 518 3185770 
61 0 0 0 2290 366 1 5 1 11520 1827 9 16 9 66640 16256 37 52 74 495240 96523 311 265 384 3185770 
62 0 0 0 2290 360 4 10 0 11520 1830 4 9 17 66640 16286 43 32 65 495240 96788 289 422 198 3185770 
62 0 0 0 2290 351 9 12 4 11520 1833 7 4 7 66640 16326 52 31 37 495240 96840 392 338 504 3185770 
62 0 0 0 2290 342 12 5 15 11520 1827 11 9 5 66640 16370 45 37 42 495240 97114 353 291 399 3185770 
63 0 0 0 2290 332 15 6 8 11520 1833 4 6 12 66640 16409 41 56 29 495240 97443 266 363 288 3185770 
62 0 0 0 2290 327 14 10 4 11520 1835 6 3 6 66640 16461 47 37 46 495240 97513 469 312 364 3185770 
62 0 0 0 2290 319 8 22 4 11520 1836 9 6 2 66640 16486 62 57 21 495240 97658 483 383 361 3185770 
63 0 0 0 2290 303 19 7 22 11520 1833 11 8 7 66640 16488 64 66 67 495240 97805 496 377 430 3185770 
63 0 0 0 2290 300 9 10 12 11520 1835 5 12 9 66640 16516 64 62 61 495240 98004 570 364 338 3185770 
63 0 0 0 2290 299 6 6 10 11520 1836 8 10 6 66640 16513 58 72 82 495240 97990 780 353 413 3185770 
63 0 0 0 2290 295 5 8 5 11520 1837 10 11 3 66640 16536 66 47 79 495240 97869 733 585 534 3185770 
64 0 0 0 2290 297 4 4 5 11520 1835 7 16 8 66640 16582 50 52 47 495240 97945 648 863 325 3185770 
64 0 0 0 2290 296 4 5 2 11520 1825 20 12 9 66640 16577 57 75 55 495240 97035 1008 1220 798 3185770 
64 0 0 0 2290 294 2 6 5 11520 1807 19 21 17 66640 16574 106 64 51 495240 97000 870 1177 811 3185770 
65 0 0 0 2290 293 3 4 4 11520 1791 22 20 22 66640 16554 119 102 53 495240 96550 918 789 1390 3185770 
65 0 0 0 2290 290 4 5 2 11520 1793 16 18 15 66640 16494 142 98 123 495240 96516 719 957 661 3185770 
65 0 0 0 2290 291 3 3 4 11520 1798 8 14 15 66640 16498 107 100 115 495240 96386 605 795 986 3185770 
66 0 0 0 2290 293 1 1 4 11520 1792 9 13 13 66640 16493 107 136 51 495240 96264 594 776 732 3185770 
66 0 0 0 2290 294 1 1 1 11520 1797 6 10 10 66640 16462 130 122 105 495240 96292 466 706 768 3185770 
66 0 0 0 2290 296 1 1 0 11520 1800 3 8 9 66640 16496 69 96 131 495240 96421 506 577 548 3185770 
67 0 0 0 2290 298 1 0 1 11520 1802 5 2 10 66640 16519 88 40 93 495240 96608 361 530 600 3185770 
77 0 0 0 2290 369 1 1 0 11520 2100 11 5 0 66640 19602 58 78 37 495240 118256 582 486 414 3185770 
77 0 0 0 2290 371 1 0 1 11520 2098 12 6 6 66640 19580 96 69 78 495240 118243 610 400 663 3185770 
78 0 0 0 2290 372 1 0 0 11520 2095 15 11 3 66640 19588 64 125 48 495240 118468 381 491 505 3185770 
78 0 0 0 2290 374 0 0 1 11520 2087 11 13 15 66640 19534 125 104 94 495240 118386 762 315 460 3185770 
78 0 0 0 2290 376 0 0 0 11520 2077 21 13 9 66640 19490 128 121 105 495240 118514 571 558 411 3185770 
78 0 0 0 2290 378 0 0 0 11520 2080 11 11 18 66640 19344 198 161 116 495240 118094 1054 427 664 3185770 
79 0 0 0 2290 379 0 1 0 11520 2078 12 10 9 66640 19050 327 167 241 495240 117729 1227 655 548 3185770 
79 0 0 0 2290 381 0 0 1 11520 2081 12 8 7 66640 19019 191 222 193 495240 117403 958 948 892 3185770 
79 0 0 0 2290 383 0 0 0 11520 2081 9 10 9 66640 18853 244 280 131 495240 117323 561 893 1100 3185770 
80 0 0 0 2290 385 0 0 0 11520 2079 12 12 6 66640 18620 258 354 226 495240 116954 896 541 950 3185770 
80 0 0 0 2290 387 0 0 0 11520 2068 6 18 18 66640 18291 318 341 366 495240 116717 811 810 621 3185770 
80 0 0 0 2290 389 0 0 0 11520 2061 8 17 15 66640 17941 502 265 324 495240 116763 808 900 467 3185770 
81 0 0 0 2290 389 2 0 0 11520 2054 16 9 15 66640 17690 346 455 296 495240 116347 941 747 1023 3185770 
81 0 0 0 2290 390 1 2 0 11520 2041 18 15 11 66640 17418 245 381 531 495240 116179 1226 649 542 3185770 
81 0 0 0 2290 388 2 3 2 11520 2030 18 11 24 66640 17291 315 247 273 495240 115637 1247 991 761 3185770 
82 0 0 0 2290 389 2 3 1 11520 2016 11 21 19 66640 17046 312 338 241 495240 115432 1458 952 638 3185770 
82 0 0 0 2340 392 1 2 2 11670 1996 22 23 13 66640 16794 394 383 210 495290 115046 1209 1249 916 3178870 
82 0 0 0 2340 392 1 1 3 11670 1994 12 17 27 66640 16451 392 412 396 495290 114878 1225 817 1184 3178870 
83 0 0 0 2340 394 0 1 1 11670 1972 15 36 8 66640 16315 242 372 405 495290 114248 1339 912 1034 3178870 
83 0 0 0 2340 391 2 3 1 11670 1960 22 21 28 66640 16126 351 238 296 495290 114069 1104 784 1141 3178870 
83 0 0 0 2340 387 4 3 4 11670 1945 24 22 21 66640 16036 200 318 247 495290 113526 1094 910 1020 3178870 
84 0 0 0 2340 388 3 3 2 11670 1908 41 38 13 66640 15912 254 160 312 495290 113386 846 1146 752 3178870 
84 0 0 0 2340 387 4 1 4 11670 1895 33 26 41 66640 15816 196 250 147 495290 112420 1405 1168 986 3178870 
84 0 0 1 2340 389 1 3 1 11670 1875 29 34 25 66640 15574 320 170 285 495290 111406 1782 1205 1190 3178870 
84 0 0 0 2340 386 4 4 1 11670 1858 33 11 44 66640 15454 246 272 177 495290 110575 1481 1784 1137 3178870 
85 0 0 0 2340 383 4 5 4 11670 1847 33 13 17 66640 15342 179 252 276 495290 109447 1628 1317 2043 3178870 
85 0 0 0 2340 378 6 4 6 11670 1846 15 23 18 66640 15246 164 211 230 495290 107252 2157 1884 1675 3178870 
85 0 0 0 2340 378 3 8 2 11670 1831 18 19 23 66640 15042 298 168 199 495290 104933 3475 1382 2099 3178870 
85 1 0 0 2340 375 5 3 8 11670 1820 16 23 17 66640 14865 258 283 184 495290 102327 2722 3073 2262 3178870 
85 0 1 0 2340 368 12 2 3 11670 1760 48 45 14 66640 14828 244 180 240 495290 100683 2793 2447 2789 3178870 
85 0 1 1 2340 364 9 7 4 11670 1730 25 38 68 66640 14738 188 212 201 495290 98326 2401 2470 3315 3178870 
85 0 0 1 2340 361 9 6 6 11670 1726 17 19 39 66640 14610 257 180 174 495290 97052 1823 2359 2572 3178870 
86 0 0 0 2340 359 6 5 8 11670 1719 14 17 21 66640 14531 136 202 264 495290 95649 1701 1916 2578 3178870 
86 0 0 0 2340 358 5 5 4 11670 1717 5 21 14 66640 14467 137 120 229 495290 94878 1682 1476 1843 3178870 
86 0 0 0 2340 353 8 6 3 11670 1705 16 14 16 66640 14372 195 117 127 495290 94439 1146 1165 1894 3178870 
87 0 0 0 2340 347 6 9 7 11670 1688 23 19 13 66640 14247 243 117 165 495290 93739 1707 1068 855 3178870 
87 0 0 0 2340 340 8 10 6 11670 1678 23 20 18 66640 14202 197 139 151 495290 93260 1224 1123 1516 3178870 
88 0 0 0 2340 332 5 9 14 11670 1673 15 28 13 66640 14139 118 156 211 495290 92709 1327 1217 960 3178870 
88 0 0 0 2340 324 10 7 8 11670 1654 30 28 13 66640 14085 100 150 162 495290 91800 1498 1138 1415 3178870 
88 0 0 0 2340 315 11 11 6 11670 1650 21 22 27 66640 14044 140 120 117 495290 91064 1351 1572 1074 3178870 
89 0 0 0 2340 306 10 12 11 11670 1630 23 16 30 66640 14030 90 92 171 495290 90472 1318 1430 1367 3178870 
89 0 0 0 2340 294 15 11 10 11670 1623 17 9 28 66640 13936 121 163 74 495290 89874 1134 1291 1532 3178870 
90 0 0 0 2340 291 7 11 13 11670 1603 30 13 12 66640 13870 140 181 111 495290 88020 2288 1459 1144 3178870 
89 1 0 0 2340 283 8 9 11 11670 1580 26 25 24 66640 13800 117 271 85 495290 86939 1629 2616 1186 3178870 
90 0 0 1 2340 274 10 6 12 11670 1578 16 21 25 66640 13656 156 240 221 495290 85994 1795 1690 2301 3178870 
90 0 0 0 2340 275 3 6 8 11670 1580 12 17 14 66640 13620 116 147 245 495290 86016 1020 1631 1406 3178870 
90 0 0 0 2340 274 2 6 2 11670 1580 16 8 14 66640 13607 103 99 159 495290 85355 1164 1377 1380 3178870 
90 0 0 1 2340 274 1 3 5 11670 1582 8 9 14 66640 13640 54 78 122 495290 84473 1075 1235 1719 3178870 
90 0 0 0 2340 276 0 1 3 11670 1588 3 10 7 66640 13633 57 92 75 495290 84572 658 797 1370 3178870 
91 0 0 0 2340 278 0 0 1 11670 1592 4 6 6 66640 13639 63 64 100 495290 84597 651 741 644 3178870 
91 0 0 0 2340 280 0 0 0 11670 1597 3 2 7 66640 13681 52 63 56 495290 84822 634 427 708 3178870 
92 0 0 0 2340 282 0 0 0 11670 1602 4 2 3 66640 13737 48 44 55 495290 85323 266 399 503 3178870 
106 0 0 0 2340 356 0 0 0 11670 1912 6 2 2 66640 16876 29 46 49 495290 107755 195 303 400 3178870 
106 0 0 0 2340 358 0 0 0 11670 1918 3 6 2 66640 16915 34 35 51 495290 108101 324 185 250 3178870 
107 0 0 0 2340 360 0 0 0 11670 1926 2 4 4 66640 16950 51 28 36 495290 108477 341 221 195 3178870 
107 0 0 0 2340 362 0 0 0 11670 1933 0 3 3 66640 17014 30 39 31 495290 108780 352 339 174 3178870 
108 0 0 0 2340 364 0 0 0 11670 1937 2 5 1 66640 17045 54 45 23 495290 108944 455 336 329 3178870 
108 0 0 0 2340 366 0 0 0 11670 1940 8 0 5 66640 17029 97 59 45 495290 109215 331 574 218 3178870 
109 0 0 0 2340 368 0 0 0 11670 1947 5 2 3 66640 17060 72 74 63 495290 109228 469 340 680 3178870 
109 0 0 0 2340 371 0 0 0 11670 1949 3 9 2 66640 17054 65 108 66 495290 109434 413 547 244 3178870 
109 0 0 0 2340 372 1 0 0 11670 1951 7 7 3 66640 17062 80 97 75 495290 109389 588 567 440 3178870 
110 0 0 0 2340 374 1 0 0 11670 1942 15 12 5 66640 17067 98 100 59 495290 109339 807 678 316 3178870 
110 0 0 0 2340 374 2 0 1 11670 1929 20 19 10 66640 16954 174 88 128 495290 109323 696 686 707 3178870 
111 0 0 0 2340 376 2 0 0 11670 1923 14 12 28 66640 16833 227 156 86 495290 108917 898 524 964 3178870 
111 0 0 0 2340 377 1 2 0 11670 1922 18 9 9 66640 16720 150 230 203 495290 108821 975 595 551 3178870 
112 0 0 0 2340 377 1 1 3 11670 1917 17 11 13 66640 16682 137 152 213 495290 108962 550 815 667 3178870 
112 0 0 0 2340 379 0 1 1 11670 1903 23 18 9 66640 16650 142 142 124 495290 109109 489 654 670 3178870 
112 0 0 0 2340 381 0 0 1 11670 1892 22 32 7 66640 16632 165 103 119 495290 109317 566 359 613 3178870 
113 0 0 0 2440 383 0 0 0 11940 1882 20 28 24 66690 16612 149 147 78 490930 109671 355 401 397 3184600 
113 0 0 0 2440 385 0 0 0 11940 1878 22 22 17 66690 16583 151 139 118 490930 109947 359 316 449 3184600 
113 0 0 0 2440 388 0 0 0 11940 1875 19 15 22 66690 16552 99 163 142 490930 110350 252 283 369 3184600 
113 0 0 0 2440 389 0 0 0 11940 1875 9 23 10 66690 16488 153 116 138 490930 110749 340 165 252 3184600 
113 0 0 0 2440 391 0 0 0 11940 1856 15 30 13 66690 16444 109 118 166 490930 110920 364 286 319 3184600 
114 0 0 0 2440 393 0 0 0 11940 1844 13 38 15 66690 16397 119 118 123 490930 111222 323 367 287 3184600 
114 0 0 0 2440 395 0 0 0 11940 1822 25 28 29 66690 16342 167 68 146 490930 111464 380 283 409 3184600 
115 0 0 0 2440 397 0 0 0 11940 1815 27 21 21 66690 16280 170 85 125 490930 111825 289 328 293 3184600 
115 0 0 0 2440 400 0 0 0 11940 1803 28 26 13 66690 16256 114 127 122 490930 112126 330 274 307 3184600 
115 0 0 0 2440 402 0 0 0 11940 1807 11 13 33 66690 16224 149 70 130 490930 112454 298 400 218 3184600 
116 0 0 0 2440 402 1 0 1 11940 1807 5 16 12 66690 16182 138 101 107 490930 112679 440 375 295 3184600 
116 0 0 0 2440 402 2 0 1 11940 1802 7 12 14 66690 16132 163 140 72 490930 112879 368 525 338 3184600 
117 0 0 0 2440 404 1 1 0 11940 1800 10 10 9 66690 16113 162 124 123 490930 112767 497 848 288 3184600 
117 0 0 0 2440 407 0 2 0 11940 1798 11 13 7 66690 16098 151 138 97 490930 112452 569 891 831 3184600 
118 0 0 0 2440 407 2 0 2 11940 1794 16 8 11 66690 15971 188 203 111 490930 111861 1046 1001 628 3184600 
118 0 0 0 2440 407 1 3 0 11940 1797 7 11 12 66690 15871 177 229 173 490930 112158 826 892 663 3184600 
118 0 0 0 2440 407 2 3 1 11940 1798 9 7 9 66690 15792 135 218 215 490930 112222 445 660 1161 3184600 
119 0 0 0 2440 406 2 4 2 11940 1800 6 10 6 66690 15717 156 169 192 490930 112417 434 596 506 3184600 
119 0 0 0 2440 404 3 3 5 11940 1800 5 11 9 66690 15574 197 215 135 490930 112407 516 674 476 3184600 
120 0 0 0 2440 401 4 2 3 11940 1804 1 9 10 66690 15525 186 206 153 490930 112379 714 620 498 3184600 
120 0 0 0 2440 400 1 3 4 11940 1808 3 5 7 66690 15389 275 117 222 490930 112275 688 988 400 3184600 
121 0 0 0 2440 400 2 1 3 11940 1811 4 6 3 66690 15235 233 258 137 490930 112020 806 950 804 3184600 
121 0 0 0 2440 398 4 2 1 11940 1813 8 3 5 66690 15057 287 299 162 490930 111453 889 940 1106 3184600 
121 0 0 0 2440 399 2 3 2 11940 1820 3 8 2 66690 14831 285 321 293 490930 110420 1400 1407 690 3184600 
122 0 0 0 2440 399 2 2 4 11940 1817 7 13 3 66690 14698 329 258 236 490930 108649 1612 2342 1249 3184600 
122 0 0 0 2440 396 4 1 4 11940 1784 31 18 13 66690 14600 248 222 300 490930 106768 2087 2043 2322 3184600 
123 0 0 0 2440 393 6 2 2 11940 1774 7 40 21 66690 14488 203 214 251 490930 105005 3150 1850 1510 3184600 
122 0 1 0 2440 383 4 14 2 11940 1748 30 35 16 66690 14325 191 232 242 490930 104418 2170 2370 1673 3184600 
121 2 0 1 2440 372 11 9 11 11940 1730 37 22 33 66690 14182 160 330 155 490930 102537 2185 2678 2187 3184600 
121 2 0 0 2440 371 9 6 9 11940 1710 29 43 14 66690 14174 130 207 249 490930 101151 2960 1858 2060 3184600 
121 1 1 0 2440 371 6 3 7 11940 1708 26 18 39 66690 14099 137 157 204 490930 100860 1307 2152 2285 3184600 
122 0 1 1 2440 370 6 4 2 11940 1708 13 25 14 66690 14079 154 51 195 490930 100480 1166 1883 1402 3184600 
121 1 0 1 2440 360 7 11 3 11940 1710 14 9 22 66690 14119 93 87 73 490930 99718 1331 1456 1639 3184600 
122 0 1 0 2440 349 12 9 10 11940 1707 13 12 10 66690 14144 115 44 81 490930 99580 811 1475 1263 3184600 
122 0 0 1 2440 351 4 8 9 11940 1709 15 7 9 66690 14198 77 71 45 490930 99231 1088 963 1222 3184600 
123 0 0 0 2440 354 2 3 7 11940 1713 9 3 14 66690 14233 80 45 73 490930 99388 949 872 697 3184600 
137 0 0 0 2440 430 2 3 2 11940 2025 6 9 3 66690 17378 99 56 38 490930 122375 862 807 723 3184600 
137 0 0 0 2440 428 5 1 3 11940 2020 13 13 3 66690 17347 138 85 47 490930 121044 1701 1127 802 3184600 
138 0 0 0 2440 427 2 3 4 11940 1997 23 26 8 66690 17257 168 147 79 490930 119840 2121 1646 884 3184600 
138 0 0 0 2440 427 1 3 3 11940 1993 16 18 28 66690 17094 194 222 149 490930 118058 2607 1938 1622 3184600 
139 0 0 0 2440 418 12 3 1 11940 1975 15 22 23 66690 16768 363 278 187 490930 116385 1543 2724 2583 3184600 
139 0 0 0 2440 416 11 6 2 11940 1953 23 23 20 66690 16433 530 319 213 490930 114015 2999 1758 2517 3184600 
139 1 0 0 2440 408 13 2 12 11940 1932 26 28 22 66690 16088 403 500 375 490930 110390 3528 2933 2543 3184600 
139 0 0 1 2440 407 4 11 3 11940 1920 31 20 23 66690 15662 530 410 472 490930 107136 3877 4715 1733 3184600 
139 0 0 0 2440 400 8 9 7 11940 1893 40 21 25 66690 15477 346 418 449 490930 102684 4579 4803 4298 3184600 
140 0 0 0 2440 394 8 6 11 11940 1865 28 48 20 66690 14983 392 604 348 490930 100107 2279 4575 5737 3184600 
140 0 0 0 2440 388 4 12 6 11940 1806 73 35 36 66690 14648 411 556 445 490930 97517 2706 3684 3679 3184600 
141 0 0 0 2440 381 7 12 6 11940 1785 43 50 45 66690 14188 493 517 502 490930 93039 3480 4043 3967 3184600 
141 0 0 0 2440 362 22 11 7 11940 1750 40 58 39 66690 13897 484 420 481 490930 90534 4070 3950 2644 3184600 
141 0 0 0 2440 353 18 11 14 11940 1723 38 53 43 66690 13592 468 499 325 490930 88244 3836 4396 2704 3184600 
