59 0 0 0 2110 94513 150 150 0 3375470 
59 0 0 0 2110 94927 115 141 127 3375470 
59 0 0 0 2110 95265 100 155 158 3375470 
60 0 0 0 2110 95668 118 87 150 3375470 
60 0 0 0 2110 96106 45 90 112 3375470 
60 0 0 0 2110 96537 57 55 93 3375470 
60 0 0 0 2110 96991 43 49 44 3375470 
61 0 0 0 2110 97467 36 34 43 3375470 
61 0 0 0 2110 97943 32 29 36 3375470 
62 0 0 0 2110 98422 18 20 37 3375470 
62 0 0 0 2110 98907 16 29 20 3375470 
62 0 0 0 2110 99388 16 18 30 3375470 
63 0 0 0 2110 99871 18 15 15 3375470 
63 0 0 0 2110 100359 5 18 18 3375470 
64 0 0 0 2110 100834 30 18 9 3375470 
64 0 0 0 2110 101318 29 16 18 3375470 
65 0 0 0 2110 101792 20 24 17 3375470 
65 0 0 0 2110 102266 21 29 19 3375470 
66 0 0 0 2110 102738 15 24 20 3375470 
66 0 0 0 2110 103191 39 26 23 3375470 
66 0 0 0 2110 103664 23 29 26 3375470 
67 0 0 0 2110 104125 27 24 21 3375470 
67 0 0 0 2110 104621 28 12 22 3375470 
68 0 0 0 2110 105106 20 24 18 3375470 
68 0 0 0 2110 105584 25 16 24 3375470 
69 0 0 0 2110 106054 20 14 16 3375470 
69 0 0 0 2110 106545 17 13 18 3375470 
70 0 0 0 2110 107015 12 18 11 3375470 
70 0 0 0 2110 107474 13 12 18 3375470 
71 0 0 0 2110 107984 7 6 15 3375470 
71 0 0 0 2110 108477 7 9 6 3375470 
71 0 0 0 2110 108950 6 8 8 3375470 
72 0 0 0 2110 109417 6 9 8 3375470 
72 0 0 0 2110 109893 13 3 10 3375470 
73 0 0 0 2110 110375 7 3 7 3375470 
73 0 0 0 2110 110857 7 6 2 3375470 
89 0 0 0 2110 129659 8 6 5 3375470 
89 0 0 0 2110 130160 6 1 8 3375470 
90 0 0 0 2110 130621 5 5 3 3375470 
90 0 0 0 2110 131113 6 6 1 3375470 
90 0 0 0 2110 131579 7 7 4 3375470 
91 0 0 0 2110 132087 8 5 6 3375470 
91 0 0 0 2110 132570 7 6 5 3375470 
92 0 0 0 2110 133055 15 9 3 3375470 
92 0 0 0 2110 133509 17 11 8 3375470 
93 0 0 0 2110 133979 17 17 10 3375470 
93 0 0 0 2110 134455 22 12 20 3375470 
94 0 0 0 2110 134920 32 23 3 3375470 
94 0 0 0 2110 135340 29 23 38 3375470 
94 0 0 0 2110 135787 22 23 25 3375470 
95 0 0 0 2110 136265 18 22 30 3375470 
95 0 0 0 2110 136696 32 16 20 3375470 
96 0 0 0 2110 137182 22 36 10 3375470 
96 0 0 0 2171 137799 35 45 21 3389620 
96 0 0 0 2171 138484 40 39 35 3389620 
97 0 0 0 2171 139168 28 33 43 3389620 
97 0 0 0 2171 139818 36 26 44 3389620 
97 0 0 0 2171 140466 53 44 29 3389620 
98 0 0 0 2171 141132 53 44 47 3389620 
98 0 0 0 2171 141793 40 48 71 3389620 
99 0 0 0 2171 142432 82 57 39 3389620 
99 0 0 0 2171 143075 85 97 58 3389620 
99 0 0 0 2171 143558 234 123 73 3389620 
100 0 0 0 2171 144116 240 121 133 3389620 
100 0 0 0 2171 144558 316 206 121 3389620 
101 0 0 0 2171 145074 214 216 285 3389620 
101 0 0 0 2171 145493 355 175 188 3389620 
101 0 0 0 2171 146025 340 263 108 3389620 
102 0 0 0 2171 146568 316 216 254 3389620 
102 0 0 0 2171 146991 348 299 178 3389620 
102 0 0 0 2171 147469 342 285 271 3389620 
103 0 0 0 2171 147779 443 319 212 3389620 
103 0 0 0 2171 148106 372 439 343 3389620 
104 0 0 0 2171 148062 672 649 227 3389620 
104 0 0 0 2171 148243 768 556 519 3389620 
104 0 0 0 2171 147973 1275 480 570 3389620 
105 0 0 0 2171 147620 1013 1065 731 3389620 
105 0 0 0 2171 147178 1158 915 1178 3389620 
106 0 0 0 2171 146636 1199 1113 940 3389620 
106 0 0 0 2171 145808 1426 1255 1175 3389620 
106 0 0 0 2171 145115 1523 1677 899 3389620 
107 0 0 0 2171 144529 1423 1736 1329 3389620 
107 0 0 0 2171 144378 1120 1575 1330 3389620 
108 0 0 0 2171 144489 983 1120 1183 3389620 
108 0 0 0 2171 144599 887 740 1079 3389620 
108 0 0 0 2171 144878 592 813 646 3389620 
109 0 0 0 2171 144983 704 464 861 3389620 
109 0 0 0 2171 145299 470 652 447 3389620 
110 0 0 0 2171 145286 867 484 500 3389620 
123 0 0 0 2171 171669 943 520 611 3389620 
123 0 0 0 2171 171016 1157 793 903 3389620 
124 0 0 0 2171 170569 1340 988 750 3389620 
124 0 0 0 2171 169562 1683 1461 902 3389620 
124 0 0 0 2171 168290 1718 1976 1442 3389620 
125 0 0 0 2171 167114 1498 1788 2284 3389620 
125 0 0 0 2171 164875 2816 1470 1951 3389620 
126 0 0 0 2171 164464 1622 1945 1830 3389620 
126 0 0 0 2171 163688 1743 1228 2094 3389620 
126 0 0 0 2171 162086 1903 1757 1626 3389620 
127 0 0 0 2171 160185 2347 2285 1672 3389620 
127 0 0 0 2171 156930 4030 2582 1963 3389620 
128 0 0 0 2171 155299 3981 2702 2268 3389620 
128 0 0 0 2171 152561 4851 3299 1992 3389620 
128 0 0 0 2171 150351 3554 3198 4331 3389620 
129 0 0 0 2171 148264 3162 4396 1998 3389620 
129 0 0 0 2169 145017 3954 4491 3079 3358000 
130 0 0 0 2169 140314 4998 4412 4496 3358000 
130 0 0 0 2169 135088 5383 5302 4735 3358000 
131 0 0 0 2169 128151 7792 4942 5667 3358000 
131 0 0 0 2169 121428 9335 5623 5278 3358000 
132 0 0 0 2169 117966 5476 5371 8353 3358000 
133 0 0 0 2169 114618 2729 7414 4830 3358000 
133 0 0 0 2169 110208 5029 4118 6182 3358000 
134 0 0 0 2169 107220 5719 4077 3094 3358000 
135 0 0 0 2169 104158 5944 5130 2567 3358000 
135 0 0 0 2169 98429 5424 6491 5662 3358000 
136 0 0 0 2169 94766 5311 4472 6570 3358000 
136 0 0 0 2169 90625 4425 6803 3473 3358000 
133 1 0 1 2169 87014 3641 4683 7292 3358000 
134 0 1 0 2169 85940 2827 2634 4714 3358000 
134 0 1 1 2169 85885 1438 2460 2412 3358000 
133 1 1 0 2169 85555 1015 2156 1852 3358000 
134 1 0 1 2169 84975 1298 1356 1891 3358000 
135 1 0 0 2169 84862 1283 1027 1246 3358000 
133 1 1 1 2169 84938 798 1177 1042 3358000 
134 1 0 1 2169 85199 618 948 935 3358000 
132 1 2 0 2169 85319 632 1100 497 3358000 
128 5 2 1 2169 85631 637 753 824 3358000 
124 6 4 2 2169 85891 527 816 551 3358000 
122 5 4 3 2169 86384 425 595 591 3358000 
116 8 7 1 2169 86482 805 418 500 3358000 
106 11 8 7 2169 86989 552 466 485 3358000 
101 11 5 7 2169 87465 397 290 647 3358000 
98 7 4 9 2169 88003 250 354 335 3358000 
93 5 7 5 2169 88593 306 267 234 3358000 
90 6 7 2 2169 89229 234 227 276 3358000 
89 2 6 7 2169 89936 117 186 245 3358000 
86 4 3 5 2169 90629 55 95 236 3358000 
84 4 4 1 2169 91379 54 52 75 3358000 
85 1 2 5 2169 92135 31 56 47 3358000 
84 1 2 1 2169 92893 35 40 43 3358000 
107 1 1 1 2169 121910 34 31 31 3358000 
108 0 0 2 2169 122621 38 43 32 3358000 
108 0 0 0 2169 123377 23 43 48 3358000 
109 0 0 0 2169 124087 31 43 34 3358000 
110 0 0 0 2169 124825 30 48 36 3358000 
110 0 0 0 2169 125567 38 44 30 3358000 
111 0 0 0 2169 126299 44 38 47 3358000 
112 0 0 0 2169 127054 35 51 33 3358000 
112 0 0 0 2169 127815 21 29 43 3358000 
113 0 0 0 2169 128548 39 20 26 3358000 
114 0 0 0 2169 129265 43 31 29 3358000 
114 0 0 0 2169 129989 40 49 35 3358000 
115 0 0 0 2169 130730 38 23 68 3358000 
115 0 0 0 2169 131484 24 20 32 3358000 
116 0 0 0 2169 132236 19 23 14 3358000 
117 0 0 0 2169 132984 21 24 19 3358000 
117 0 0 0 2186 133679 26 19 22 3363000 
117 0 0 0 2186 134313 32 28 21 3363000 
117 0 0 0 2186 134939 51 27 22 3363000 
118 0 0 0 2186 135547 61 28 28 3363000 
118 0 0 0 2186 136166 60 53 27 3363000 
119 0 0 0 2186 136736 70 57 63 3363000 
119 0 0 0 2186 137343 61 69 65 3363000 
119 0 0 0 2186 137987 39 36 77 3363000 
120 0 0 0 2186 138630 34 38 32 3363000 
120 0 0 0 2186 139237 60 54 24 3363000 
120 0 0 0 2186 139827 86 42 61 3363000 
121 0 0 0 2186 140410 78 75 64 3363000 
121 0 0 0 2186 140897 142 130 65 3363000 
122 0 0 0 2186 141321 231 129 159 3363000 
122 0 0 0 2186 141836 141 215 143 3363000 
122 0 0 0 2186 142333 162 188 170 3363000 
123 0 0 0 2186 142855 187 179 132 3363000 
123 0 0 0 2186 143319 199 197 162 3363000 
124 0 0 0 2186 143715 212 256 175 3363000 
124 0 0 0 2186 144062 308 297 181 3363000 
124 0 0 0 2186 144295 376 343 313 3363000 
125 0 0 0 2186 144389 351 648 274 3363000 
125 0 0 0 2186 144314 569 578 550 3363000 
125 0 0 0 2186 144455 548 745 386 3363000 
126 0 0 0 2186 144225 731 679 790 3363000 
126 0 0 0 2186 144297 515 842 598 3363000 
127 0 0 0 2186 143918 949 761 688 3363000 
127 0 0 0 2186 143366 1442 778 690 3363000 
127 0 0 0 2186 143316 857 925 1146 3363000 
128 0 0 0 2186 143538 844 679 707 3363000 
128 0 0 0 2186 143667 593 865 585 3363000 
128 0 0 0 2186 143685 543 1010 548 3363000 
129 0 0 0 2186 143650 587 881 761 3363000 
129 0 0 0 2186 143542 782 713 738 3363000 
130 0 0 0 2186 143286 757 1207 459 3363000 
130 0 0 0 2186 143248 835 953 860 3363000 
143 0 0 0 2186 167445 676 1171 733 3363000 
144 0 0 0 2186 167052 794 986 1120 3363000 
144 0 0 0 2186 166560 1069 1024 817 3363000 
144 0 0 0 2186 165602 1290 1310 1117 3363000 
145 0 0 0 2186 164857 1577 873 1554 3363000 
145 0 0 0 2186 164716 1082 1398 771 3363000 
145 0 0 0 2186 163670 1477 1362 1331 3363000 
145 0 0 0 2186 163467 939 1052 1692 3363000 
145 0 0 0 2186 162732 1267 1250 877 3363000 
146 0 0 0 2186 161424 2047 1338 1103 3363000 
146 0 0 0 2186 159210 2180 2347 1720 3363000 
147 0 0 0 2186 157321 2551 1986 2536 3363000 
146 0 0 1 2186 155493 1715 2842 2463 3363000 
146 0 0 0 2186 152240 3435 2496 2511 3363000 
147 0 0 0 2186 149870 3158 3055 2735 3363000 
147 0 0 0 2186 144425 4557 4106 3650 3363000 
146 1 0 0 2249 142466 2497 4397 4372 3343000 
146 0 1 0 2249 139753 3215 3913 3092 3343000 
137 7 2 1 2249 136094 4630 4365 2419 3343000 
132 8 3 3 2249 133992 3741 4716 3231 3343000 
130 2 3 8 2249 128891 3696 5587 4895 3343000 
121 4 9 2 2249 125669 3430 5417 4277 3343000 
112 5 9 8 2249 118338 6326 5726 4733 3343000 
108 6 3 9 2249 113555 5065 6259 6122 3343000 
96 8 10 3 2249 109791 4734 6183 4791 3343000 
89 11 6 9 2249 108435 2904 3345 6658 3343000 
87 6 8 5 2249 106052 3468 3835 1956 3343000 
82 5 4 10 2249 103079 3836 2828 4230 3343000 
76 6 5 4 2249 101439 3224 2690 3009 3343000 
74 3 6 4 2249 98635 3814 2964 2560 3343000 
75 0 6 3 2249 96334 2711 3686 3308 3343000 
74 1 3 3 2249 94581 2752 3879 2148 3343000 
71 4 2 1 2249 94054 2147 3064 2559 3343000 
70 2 3 2 2249 92959 2237 2139 2561 3343000 
68 2 2 3 2249 92726 1510 1691 2018 3343000 
67 1 2 3 2249 91838 1466 1633 1608 3343000 
67 0 2 1 2249 91154 1726 1564 1115 3343000 
67 0 0 2 2249 90731 1905 1175 1234 3343000 
67 0 0 0 2249 90292 1586 1232 1330 3343000 
68 0 0 0 2249 89976 1265 1491 1001 3343000 
68 0 0 0 2249 89500 1048 1381 1423 3343000 
68 0 0 0 2249 88886 1140 1327 1186 3343000 
68 0 0 0 2249 88793 633 1058 1481 3343000 
68 0 0 0 2249 88900 649 878 687 3343000 
69 0 0 0 2249 88543 867 1008 634 3343000 
69 0 0 0 2249 88833 400 663 1120 3343000 
69 0 0 0 2249 89153 297 507 550 3343000 
69 0 0 0 2249 89462 313 335 463 3343000 
70 0 0 0 2249 90020 162 220 324 3343000 
70 0 0 0 2249 90583 100 226 135 3343000 
70 0 0 0 2249 91097 108 82 235 3343000 
70 0 0 0 2249 91681 81 56 93 3343000 
77 0 0 0 2249 114884 59 42 74 3343000 
78 0 0 0 2249 115469 66 35 48 3343000 
78 0 0 0 2249 116025 49 40 52 3343000 
78 0 0 0 2249 116572 51 44 62 3343000 
78 0 0 0 2249 117150 50 34 61 3343000 
79 0 0 0 2249 117738 57 27 36 3343000 
79 0 0 0 2249 118293 69 36 43 3343000 
79 0 0 0 2249 118858 66 57 34 3343000 
79 0 0 0 2249 119435 42 51 66 3343000 
79 0 0 0 2249 120023 60 23 46 3343000 
80 0 0 0 2249 120610 46 31 31 3343000 
80 0 0 0 2249 121172 47 38 20 3343000 
80 0 0 0 2249 121745 42 57 27 3343000 
80 0 0 0 2249 122195 110 104 32 3343000 
80 0 0 0 2249 122755 110 47 107 3343000 
81 0 0 0 2249 123332 86 53 57 3343000 
81 0 0 0 2270 123888 52 73 56 3322000 
81 0 0 0 2270 124424 44 63 50 3322000 
81 0 0 0 2270 124897 70 72 47 3322000 
82 0 0 0 2270 125431 68 75 53 3322000 
82 0 0 0 2270 125928 72 93 65 3322000 
82 0 0 0 2270 126363 167 78 77 3322000 
82 0 0 0 2270 126794 101 189 92 3322000 
83 0 0 0 2270 127153 219 159 131 3322000 
83 0 0 0 2270 127619 160 165 167 3322000 
83 0 0 0 2270 127961 230 145 201 3322000 
84 0 0 0 2270 128350 245 98 215 3322000 
84 0 0 0 2270 128756 275 149 94 3322000 
84 0 0 0 2270 129162 221 172 174 3322000 
85 0 0 0 2270 129476 294 177 185 3322000 
85 0 0 0 2270 129891 240 218 176 3322000 
85 0 0 0 2270 130258 285 206 175 3322000 
86 0 0 0 2270 130668 165 302 205 3322000 
85 0 0 0 2270 131121 141 175 273 3322000 
85 0 0 0 2270 131548 120 160 161 3322000 
86 0 0 0 2270 131979 114 142 129 3322000 
86 0 0 0 2270 132429 112 133 152 3322000 
86 0 0 0 2270 132894 112 128 113 3322000 
87 0 0 0 2270 133260 142 116 169 3322000 
87 0 0 0 2270 133730 180 84 109 3322000 
87 0 0 0 2270 134198 100 150 107 3322000 
88 0 0 0 2270 134453 270 159 140 3322000 
88 0 0 0 2270 134801 116 363 182 3322000 
88 0 0 0 2270 135023 256 183 389 3322000 
89 0 0 0 2270 135344 258 200 224 3322000 
89 0 0 0 2270 135840 217 130 192 3322000 
89 0 0 0 2270 136308 191 133 114 3322000 
90 0 0 0 2270 136839 97 101 174 3322000 
90 0 0 0 2270 137394 59 76 101 3322000 
90 0 0 0 2270 137897 71 73 50 3322000 
90 0 0 0 2270 138400 72 58 87 3322000 
91 0 0 0 2270 138901 60 83 50 3322000 
102 0 0 0 2270 160843 67 76 65 3322000 
102 0 0 0 2270 161257 90 115 77 3322000 
103 0 0 0 2270 161751 87 77 123 3322000 
103 0 0 0 2270 162263 60 71 88 3322000 
103 0 0 0 2270 162653 90 107 85 3322000 
104 0 0 0 2270 163092 74 96 137 3322000 
104 0 0 0 2270 163529 92 143 66 3322000 
104 0 0 0 2270 163887 165 151 97 3322000 
105 0 0 0 2270 164271 146 151 178 3322000 
105 0 0 0 2270 164639 139 169 163 3322000 
105 0 0 0 2270 164864 265 194 184 3322000 
106 0 0 0 2270 165103 324 247 218 3322000 
106 0 0 0 2270 165421 271 245 303 3322000 
106 0 0 0 2270 165499 450 274 286 3322000 
107 0 0 0 2270 165608 416 298 449 3322000 
107 0 0 0 2270 165778 506 349 284 3322000 
107 0 0 0 2270 165936 421 482 356 3322000 
107 0 0 0 2310 165976 358 663 378 3295000 
107 0 0 0 2310 165880 614 467 584 3295000 
107 0 0 0 2310 165153 1096 782 471 3295000 
107 0 0 0 2310 164577 1120 1294 582 3295000 
108 0 0 0 2310 164000 1292 1287 956 3295000 
108 0 0 0 2310 161294 3129 1607 1098 3295000 
108 0 0 0 2310 159347 2711 3550 966 3295000 
108 0 0 0 2310 152980 4893 4132 4178 3295000 
108 1 0 0 2310 146234 6593 4433 5307 3295000 
104 3 2 0 2310 142491 6041 4268 5019 3295000 
102 2 2 3 2310 137218 7156 5423 3554 3295000 
99 1 3 3 2310 132905 6827 5138 5480 3295000 
95 3 5 1 2310 128337 6372 6160 4562 3295000 
93 3 1 6 2310 119695 6750 8091 6878 3295000 
92 1 2 2 2310 116369 4989 3616 10110 3295000 
92 1 0 2 2310 115328 4052 1987 4166 3295000 
93 0 1 0 2310 114590 2653 3459 1248 3295000 
91 1 1 1 2310 113320 2375 2489 3071 3295000 
91 1 0 1 2310 110330 2229 2979 3161 3295000 
90 0 1 0 2310 108481 2173 2941 2531 3295000 
91 0 0 1 2310 106704 1682 3085 2693 3295000 
91 0 0 0 2310 105506 2049 2535 1931 3295000 
91 0 0 0 2310 104634 1822 2005 2195 3295000 
91 0 0 0 2310 103263 1853 2637 1257 3295000 
91 1 0 0 2310 101193 2684 1786 2653 3295000 
91 0 1 0 2310 100214 2387 1321 2315 3295000 
90 1 0 1 2310 99777 1676 1304 1728 3295000 
90 1 0 0 2310 99205 1194 1735 1201 3295000 
90 1 0 0 2310 97782 1624 2134 1174 3295000 
91 0 1 0 2310 97237 1422 1365 2092 3295000 
91 0 0 1 2310 97132 1262 998 1199 3295000 
91 0 0 0 2310 97422 1011 675 846 3295000 
91 0 0 0 2310 97498 916 621 646 3295000 
92 0 0 0 2310 97720 454 624 809 3295000 
92 0 0 0 2310 97871 503 467 524 3295000 
100 0 0 0 2310 119163 286 556 383 3295000 
100 0 0 0 2310 119258 339 436 535 3295000 
101 0 0 0 2310 119274 414 446 447 3295000 
101 0 0 0 2310 119351 578 355 427 3295000 
101 0 0 0 2310 119513 513 506 302 3295000 
101 0 0 0 2310 119529 670 528 361 3295000 
102 0 0 0 2310 119423 518 853 493 3295000 
102 0 0 0 2310 119471 462 868 574 3295000 
101 1 0 0 2310 119659 388 716 581 3295000 
101 0 1 0 2310 119880 318 456 665 3295000 
101 1 1 0 2310 120118 308 360 423 3295000 
101 1 0 1 2310 120276 395 363 293 3295000 
100 1 1 0 2310 120087 697 430 392 3295000 
98 2 1 1 2310 119907 667 753 457 3295000 
95 4 2 1 2310 119863 710 356 946 3295000 
93 2 3 3 2310 120280 474 326 399 3295000 
91 3 2 2 2310 120644 476 239 271 3295000 
89 1 4 2 2310 121038 419 170 295 3273000 
88 2 1 3 2310 121250 390 312 227 3273000 
89 1 2 0 2310 121562 239 404 293 3273000 
87 2 2 1 2310 121777 267 241 460 3273000 
85 2 4 0 2310 121998 337 377 130 3273000 
81 3 6 2 2310 122041 506 409 318 3273000 
76 5 4 5 2310 122179 386 416 539 3273000 
74 4 5 3 2310 122409 336 368 420 3273000 
73 1 3 6 2310 122463 424 421 359 3273000 
71 3 3 0 2310 122644 365 375 481 3273000 
72 1 5 0 2310 122783 440 311 402 3273000 
71 0 3 4 2310 122645 542 449 445 3273000 
71 0 0 4 2310 122764 412 602 393 3273000 
71 0 0 0 2310 122810 470 695 362 3273000 
71 0 0 0 2310 122629 784 569 560 3273000 
72 0 0 0 2310 122755 502 696 588 3273000 
72 0 0 0 2310 122969 433 401 718 3273000 
73 0 0 0 2310 123171 488 303 399 3273000 
73 0 0 0 2310 123428 345 272 471 3273000 
73 0 0 0 2310 123677 373 320 226 3273000 
74 0 0 0 2310 124003 389 233 297 3273000 
74 0 0 0 2310 124415 272 335 157 3273000 
75 0 0 0 2310 124822 160 362 249 3273000 
75 0 0 0 2310 125180 214 290 234 3273000 
75 0 0 0 2310 125538 296 200 216 3273000 
76 0 0 0 2310 125741 362 218 251 3273000 
76 0 0 0 2310 125991 351 342 181 3273000 
77 0 0 0 2310 126222 440 321 272 3273000 
77 0 0 0 2310 126404 556 247 334 3273000 
77 0 0 0 2310 126579 551 419 220 3273000 
78 0 0 0 2310 126644 573 589 299 3273000 
78 0 0 0 2310 126703 652 506 511 3273000 
79 0 0 0 2310 126897 499 641 370 3273000 
79 0 0 0 2310 127172 411 420 590 3273000 
78 0 0 0 2310 127410 311 531 297 3273000 
79 0 0 0 2310 127646 321 404 445 3273000 
93 0 0 0 2310 148321 346 356 465 3273000 
94 0 0 0 2310 148246 523 323 472 3273000 
94 0 0 0 2310 148101 595 621 251 3273000 
94 0 0 0 2310 148101 384 691 676 3273000 
95 0 0 0 2310 147813 889 660 368 3273000 
95 0 0 0 2310 147698 975 698 541 3273000 
96 0 0 0 2310 147424 1141 772 578 3273000 
96 0 0 0 2310 147717 698 847 622 3273000 
97 0 0 0 2310 147312 941 555 1011 3273000 
97 0 0 0 2310 147522 759 550 534 3273000 
97 0 0 0 2310 147340 794 815 422 3273000 
98 0 0 0 2310 146456 1224 972 844 3273000 
98 0 0 0 2310 145766 1389 898 1165 3273000 
99 0 0 0 2310 144317 1839 1526 905 3273000 
99 0 0 0 2310 143056 2232 1828 1099 3273000 
99 0 0 0 2310 141748 2559 2107 1254 3273000 
100 0 0 0 2330 140748 1544 2544 2120 3253880 
100 0 0 0 2330 139318 1487 2317 2274 3253880 
101 0 0 0 2330 136938 2641 2395 1691 3253880 
101 0 0 0 2330 136059 1882 1303 3271 3253880 
101 0 0 0 2330 134966 1865 1224 1716 3253880 
102 0 0 0 2330 133426 1403 1746 2014 3253880 
102 0 0 0 2330 131847 2124 1665 1465 3253880 
103 0 0 0 2330 130190 2516 1635 1835 3253880 
103 0 0 0 2330 129445 1705 1732 2008 3253880 
103 0 0 0 2330 127497 1892 2359 1679 3253880 
104 0 0 0 2330 124753 2469 2964 2096 3253880 
104 0 0 0 2330 123515 2024 2623 2580 3253880 
105 0 0 0 2330 122250 2202 2052 2196 3253880 
105 0 0 0 2330 121062 2158 2456 1362 3253880 
105 0 0 0 2330 119341 2084 2435 2355 3253880 
106 0 0 0 2330 118314 1475 2416 2212 3253880 
106 0 0 0 2330 117221 1462 1856 2205 3253880 
107 0 0 0 2330 114106 3091 2143 1755 3253880 
107 0 0 0 2330 112932 1977 2334 2646 3253880 
107 0 0 0 2330 110914 2326 3473 1092 3253880 
107 0 1 0 2330 110394 1700 2548 2611 3253880 
105 1 2 0 2330 110014 1297 1193 2696 3253880 
103 1 4 1 2330 109669 1234 1246 908 3253880 
102 2 3 1 2330 109510 786 1032 1357 3253880 
97 5 2 3 2330 108902 1321 957 693 3253880 
92 8 2 3 2330 108713 841 1408 776 3253880 
91 6 3 2 2330 108274 1062 1211 981 3253880 
88 7 2 4 2330 107902 800 1358 1046 3253880 
85 3 5 4 2330 107263 781 880 1688 3253880 
80 3 6 4 2330 107233 514 791 929 3253880 
73 8 6 3 2330 107270 410 529 859 3253880 
70 6 6 5 2330 107517 342 508 394 3253880 
66 4 8 5 2330 107784 246 483 393 3253880 
64 3 5 6 2330 108119 279 274 405 3253880 
59 7 4 2 2330 108433 243 269 258 3253880 
60 1 3 7 2330 108877 118 155 323 3253880 
72 0 4 2 2330 129702 120 122 164 3253880 
71 0 3 3 2330 130114 141 105 134 3253880 
70 1 1 2 2330 130570 117 145 79 3253880 
68 0 2 2 2330 130967 111 108 173 3253880 
69 0 1 1 2330 131375 108 144 105 3253880 
69 0 0 1 2330 131806 88 77 195 3253880 
70 0 0 0 2330 132233 96 106 84 3253880 
69 0 0 0 2330 132755 82 79 79 3253880 
69 0 0 0 2330 133217 103 64 85 3253880 
70 0 0 0 2330 133668 95 104 65 3253880 
70 0 0 0 2330 134055 102 128 126 3253880 
71 0 0 0 2330 134377 161 199 82 3253880 
71 0 0 0 2330 134792 157 133 191 3253880 
71 0 0 0 2330 135191 115 127 200 3253880 
72 0 0 0 2330 135583 122 162 94 3253880 
72 0 0 0 2330 135909 140 178 176 3253880 
73 0 0 0 2350 136262 148 175 195 3225000 
73 0 0 0 2350 136598 148 274 113 3225000 
73 0 0 0 2350 136770 241 299 268 3225000 
74 0 0 0 2350 136956 326 259 308 3225000 
74 0 0 0 2350 137124 306 368 294 3225000 
74 0 0 0 2350 137068 385 652 217 3225000 
75 0 0 0 2350 137114 443 429 681 3225000 
75 0 0 0 2350 137327 440 227 511 3225000 
75 0 0 0 2350 137523 361 339 280 3225000 
76 0 0 0 2350 137720 454 335 257 3225000 
76 0 0 0 2350 137690 623 330 430 3225000 
76 0 0 0 2350 138049 372 379 389 3225000 
76 0 0 0 2350 138123 379 414 422 3225000 
77 0 0 0 2350 137963 394 665 416 3225000 
77 0 0 0 2350 137677 747 597 521 3225000 
77 0 0 0 2350 137524 655 764 639 3225000 
78 0 0 0 2350 137566 496 889 529 3225000 
78 0 0 0 2350 137399 644 561 903 3225000 
78 0 0 0 2350 136982 970 742 425 3225000 
79 0 0 0 2350 136451 891 1205 699 3225000 
79 0 0 0 2350 135858 678 1171 1385 3225000 
79 0 0 0 2350 135365 905 1030 952 3225000 
80 0 0 0 2350 134319 1311 1195 1008 3225000 
80 0 0 0 2350 133560 1274 1342 1198 3225000 
80 0 0 0 2350 132282 1295 1541 1571 3225000 
81 0 0 0 2350 131569 1391 1641 1074 3225000 
81 0 0 0 2350 130901 1220 1159 1881 3225000 
81 0 0 0 2350 130157 986 1232 1443 3225000 
82 0 0 0 2350 130058 1045 714 1108 3225000 
82 0 0 0 2350 130030 937 877 515 3225000 
82 0 0 0 2350 130099 663 809 804 3225000 
83 0 0 0 2350 130198 513 715 694 3225000 
83 0 0 0 2350 129936 803 667 549 3225000 
83 0 0 0 2350 129780 708 794 679 3225000 
84 0 0 0 2350 129645 783 707 689 3225000 
84 0 0 0 2350 129314 786 771 812 3225000 
95 0 0 0 2350 149501 504 452 1262 3225000 
96 0 0 0 2350 149865 413 285 445 3225000 
96 0 0 0 2350 149758 603 472 262 3225000 
96 0 0 0 2350 149815 464 548 521 3225000 
97 0 0 0 2350 149572 714 639 445 3225000 
97 0 0 0 2350 149414 652 781 612 3225000 
97 0 0 0 2350 149135 622 593 1034 3225000 
97 0 0 0 2350 148716 746 769 620 3225000 
98 0 0 0 2350 148234 657 1253 594 3225000 
98 0 0 0 2350 147862 906 958 961 3225000 
98 0 0 0 2350 145570 2357 1770 554 3225000 
99 0 0 0 2350 145092 1824 1681 1649 3225000 
99 0 0 0 2350 142841 2414 2051 1840 3225000 
99 0 0 0 2350 139979 3606 2579 1676 3225000 
100 0 0 0 2350 137499 4413 2093 2704 3225000 
100 0 0 0 2350 135400 2341 3796 2990 3225000 
100 0 0 0 2350 134158 3008 2137 2788 3204000 
100 0 0 0 2350 133639 1698 1836 2644 3204000 
101 0 0 0 2350 131656 2051 2543 1471 3204000 
101 0 0 0 2350 129946 2922 1633 2290 3204000 
102 0 0 0 2350 126582 3800 2687 1960 3204000 
102 0 0 0 2350 125493 2729 2327 3062 3204000 
103 0 0 0 2350 123664 2754 1940 2738 3204000 
104 0 0 0 2350 121895 2788 2051 2174 3204000 
103 0 0 0 2350 121506 2065 2028 1673 3204000 
104 0 0 0 2350 119551 1844 2722 2037 3204000 
104 0 0 0 2350 117748 2726 2361 1813 3204000 
105 0 0 0 2350 117058 1706 2845 1748 3204000 
106 0 0 0 2350 115450 2275 2854 1575 3204000 
106 0 0 0 2350 113107 2859 3314 1833 3204000 
107 0 0 0 2350 111730 1454 2746 3876 3204000 
107 0 0 0 2350 110842 1470 1520 2639 3204000 
108 0 0 0 2350 110200 1401 1454 1325 3204000 
108 0 0 0 2350 109010 1410 1541 1634 3204000 
109 0 0 0 2350 106641 2285 1724 1848 3204000 
110 0 0 0 2350 105768 1657 1246 2524 3204000 
110 0 0 0 2350 105420 1403 1186 1201 3204000 
111 0 0 0 2350 105156 1252 1051 1092 3204000 
111 0 0 0 2350 104718 1070 1416 787 3204000 
112 0 0 0 2350 103958 1071 1031 1676 3204000 
112 0 0 0 2350 103902 732 1188 771 3204000 
113 0 0 0 2350 103930 526 871 1036 3204000 
114 0 0 0 2350 103809 625 535 892 3204000 
113 0 0 0 2350 103523 787 650 563 3204000 
114 0 0 0 2350 103597 467 931 509 3204000 
114 0 0 0 2350 103515 625 714 673 3204000 
115 0 0 0 2350 103558 555 503 780 3204000 
114 0 0 0 2350 103798 287 536 537 3204000 
115 0 0 0 2350 104007 209 454 500 3204000 
116 0 0 0 2350 104210 220 357 431 3204000 
116 0 0 0 2350 104524 210 348 233 3204000 
117 0 0 0 2350 104838 278 294 226 3204000 
137 0 0 0 2350 125010 290 341 228 3204000 
138 0 0 0 2350 125321 241 196 427 3204000 
138 0 0 0 2350 125649 290 158 198 3204000 
140 0 0 0 2350 126026 266 172 192 3204000 
141 0 0 0 2350 126221 256 299 202 3204000 
141 0 0 0 2350 126431 308 285 300 3204000 
142 0 0 0 2350 126523 416 245 372 3204000 
142 0 0 0 2350 126739 345 376 246 3204000 
143 0 0 0 2350 127052 276 354 323 3204000 
143 0 0 0 2350 127319 286 259 360 3204000 
144 0 0 0 2350 127573 301 232 256 3204000 
145 0 0 0 2350 127873 285 188 284 3204000 
145 0 0 0 2350 128166 268 249 210 3204000 
146 0 0 0 2350 128342 339 345 185 3204000 
146 0 0 0 2350 128563 406 301 308 3204000 
147 0 0 0 2350 128783 327 402 272 3204000 
148 0 0 0 2400 129014 273 331 419 3194480 
148 0 0 0 2400 129391 184 350 256 3194480 
148 0 0 0 2400 129433 356 351 344 3194480 
149 0 0 0 2400 129734 380 409 195 3194480 
149 0 0 0 2400 130013 406 281 394 3194480 
149 0 0 0 2400 130348 330 343 236 3194480 
148 0 0 0 2400 130560 357 311 359 3194480 
148 0 0 0 2400 130792 295 278 421 3194480 
149 0 0 0 2400 130891 418 319 304 3194480 
149 0 0 0 2400 130901 326 645 329 3194480 
150 0 0 0 2400 130689 572 507 627 3194480 
150 0 0 0 2400 130352 838 662 476 3194480 
151 0 0 0 2400 130126 811 820 655 3194480 
151 0 0 0 2400 129908 569 1124 705 3194480 
151 0 0 0 2400 129131 1151 985 892 3194480 
152 0 0 0 2400 128309 1536 957 1035 3194480 
152 0 0 0 2400 128161 1128 1265 809 3194480 
153 0 0 0 2400 127218 1574 1235 1097 3194480 
153 0 0 0 2400 126264 1498 1571 1267 3194480 
154 0 0 0 2400 124008 2995 1970 916 3194480 
154 0 0 0 2400 122541 3168 1894 1935 3194480 
154 0 0 0 2400 121880 2011 2224 2052 3194480 
155 0 0 0 2400 119436 2868 2312 2066 3194480 
155 0 0 0 2400 116030 3566 3441 2140 3194480 
156 0 0 0 2400 113246 2923 4176 3260 3194480 
156 0 0 0 2400 111495 2481 3135 3810 3194480 
156 1 0 0 2400 108529 4213 2340 2601 3194480 
156 1 0 0 2400 107016 3574 2551 2509 3194480 
155 0 1 1 2400 104821 3627 3035 2225 3194480 
156 0 0 1 2400 104057 2626 2319 3055 3194480 
156 0 0 0 2400 102832 2708 2103 1923 3194480 
157 0 0 0 2400 102487 1430 1955 2341 3194480 
157 0 0 0 2400 101882 1209 1761 1563 3194480 
158 0 0 0 2400 101159 1398 1401 1469 3194480 
158 0 0 0 2400 101001 995 1314 1201 3194480 
157 0 0 0 2400 100773 658 1502 947 3194480 
172 0 0 0 2400 121348 959 1351 715 3194480 
172 0 0 0 2400 120588 1507 1047 1090 3194480 
172 0 0 0 2400 119896 1964 1444 398 3194480 
172 0 0 0 2400 118798 2113 2170 786 3194480 
173 0 0 0 2400 117735 2290 1814 1797 3194480 
173 0 0 0 2400 116815 2271 2567 756 3194480 
173 0 0 0 2400 115419 2167 2398 2212 3194480 
174 0 0 0 2400 114380 1389 2069 2711 3194480 
174 0 0 0 2400 113033 1375 2682 1301 3194480 
175 0 0 0 2400 112360 1144 2332 1830 3194480 
173 1 1 0 2400 111066 1609 1585 2147 3194480 
174 1 0 1 2400 110203 1629 1549 1444 3194480 
174 1 0 0 2400 109265 2066 1219 1404 3194480 
174 0 1 0 2400 108842 951 1818 1494 3194480 
175 0 0 1 2400 108609 922 1249 1396 3194480 
175 0 0 0 2400 108322 1060 1162 811 3194480 
176 0 0 0 2400 108217 804 722 1353 3194480 
174 0 1 0 2250 108049 787 772 691 3179980 
174 0 0 1 2250 108192 684 673 632 3179980 
175 0 0 0 2250 108214 653 647 615 3179980 
176 0 0 0 2250 108172 886 422 608 3179980 
176 0 0 0 2250 108202 722 693 412 3179980 
177 0 0 0 2250 108283 595 655 650 3179980 
177 0 0 0 2250 108361 641 611 500 3179980 
178 0 0 0 2250 108353 572 590 674 3179980 
178 0 0 0 2250 108156 994 464 472 3179980 
179 0 0 0 2250 108206 613 1005 360 3179980 
179 0 0 0 2250 107518 834 1417 632 3179980 
180 0 0 0 2250 107018 1108 941 1275 3179980 
180 0 0 0 2250 106731 1024 1083 801 3179980 
181 0 0 0 2250 106459 1006 1037 903 3179980 
181 0 0 0 2250 106309 724 1296 742 3179980 
182 0 0 0 2250 106159 774 1135 840 3179980 
182 0 0 0 2250 105636 1048 1350 596 3179980 
182 0 0 0 2250 104560 1420 1262 1372 3179980 
182 0 0 0 2250 103320 1470 2075 933 3179980 
183 0 0 0 2250 102448 1238 1205 2565 3179980 
184 0 0 0 2250 101702 1228 1293 1249 3179980 
184 0 0 0 2250 101013 1335 1044 1399 3179980 
185 0 0 0 2250 100534 1083 1317 1048 3179980 
185 0 0 0 2250 99936 1256 976 1335 3179980 
186 0 0 0 2250 99636 824 1414 870 3179980 
186 0 0 0 2250 98434 1452 1866 702 3179980 
186 0 0 0 2250 97578 1366 1991 1397 3179980 
185 1 0 0 2250 97199 1587 1246 1481 3179980 
185 1 0 1 2250 96320 1083 1299 1908 3179980 
185 0 0 1 2250 96113 995 1136 1041 3179980 
186 0 0 0 2250 96029 645 978 1164 3179980 
186 0 0 0 2250 95658 751 641 1180 3179980 
186 0 0 0 2250 95962 624 464 546 3179980 
186 0 0 0 2250 96106 559 620 335 3179980 
187 0 0 0 2250 96495 269 570 518 3179980 
205 0 0 0 2250 118028 210 424 346 3179980 
206 0 0 0 2250 118235 225 278 497 3179980 
207 0 0 0 2250 118609 294 225 177 3179980 
207 0 0 0 2250 118788 389 341 188 3179980 
208 0 0 0 2250 118805 563 368 361 3179980 
208 0 0 0 2250 118616 808 470 414 3179980 
209 0 0 0 2250 118537 668 618 640 3179980 
209 0 0 0 2250 118402 859 486 660 3179980 
210 0 0 0 2250 118425 740 502 642 3179980 
210 0 0 0 2250 118518 641 526 560 3179980 
211 0 0 0 2250 118770 418 645 427 3179980 
211 0 0 0 2250 118949 456 453 524 3179980 
212 0 0 0 2250 119260 304 373 495 3179980 
212 0 0 0 2250 119235 497 530 251 3179980 
213 0 0 0 2250 119184 618 616 412 3179980 
212 1 0 0 2250 118811 695 731 753 3179980 
213 1 0 0 2250 118829 553 927 477 3179980 
213 0 1 0 2290 118842 640 429 974 3185770 
212 1 0 1 2290 119002 567 519 423 3185770 
211 0 2 0 2290 118927 638 746 351 3185770 
210 1 2 1 2290 118865 802 624 587 3185770 
205 2 3 2 2290 118951 366 850 706 3185770 
185 17 8 0 2290 118851 583 564 735 3185770 
169 12 18 12 2290 119028 644 494 426 3185770 
141 26 16 16 2290 118815 556 1006 365 3185770 
108 37 15 23 2290 118250 973 1014 720 3185770 
92 14 37 18 2290 117916 766 1043 1105 3185770 
80 14 16 33 2290 117349 1001 1055 906 3185770 
73 9 16 12 2290 116686 1246 1146 919 3185770 
62 12 12 12 2290 116311 746 1255 1348 3185770 
52 9 14 12 2290 115037 1443 1369 1036 3185770 
42 11 14 8 2290 114857 979 1014 1576 3185770 
37 8 11 11 2290 114977 576 1140 722 3185770 
37 3 9 8 2290 114631 702 1236 716 3185770 
35 1 4 9 2290 113708 1453 1229 768 3185770 
32 3 4 1 2290 113323 1146 1098 1411 3185770 
33 0 3 4 2290 113120 1071 824 1144 3185770 
31 2 1 2 2290 113183 799 775 854 3185770 
31 0 2 1 2290 113159 555 762 881 3185770 
32 0 0 2 2290 112957 582 733 780 3185770 
32 0 0 0 2290 113157 461 732 501 3185770 
32 0 0 0 2290 113254 642 557 489 3185770 
32 0 0 0 2290 113470 497 594 459 3185770 
33 0 0 0 2290 113259 778 549 564 3185770 
33 0 0 0 2290 113408 661 382 722 3185770 
33 0 0 0 2290 113526 591 313 569 3185770 
34 0 0 0 2290 113797 536 325 354 3185770 
34 0 0 0 2290 114105 355 482 303 3185770 
34 0 0 0 2290 114226 375 494 430 3185770 
35 0 0 0 2290 114457 406 433 377 3185770 
35 0 0 0 2290 114826 285 563 224 3185770 
35 0 0 0 2290 115303 136 346 478 3185770 
36 0 0 0 2290 115675 126 212 352 3185770 
46 0 0 0 2290 137772 153 136 192 3185770 
46 0 0 0 2290 138264 99 156 145 3185770 
47 0 0 0 2290 138709 121 167 102 3185770 
47 0 0 0 2290 139211 98 128 133 3185770 
47 0 0 0 2290 139578 177 154 129 3185770 
47 0 0 0 2290 139930 252 195 110 3185770 
48 0 0 0 2290 140136 404 288 121 3185770 
48 0 0 0 2290 140443 296 345 291 3185770 
48 0 0 0 2290 140730 361 234 356 3185770 
49 0 0 0 2290 140786 575 321 231 3185770 
49 0 0 0 2290 140753 591 584 307 3185770 
49 0 0 0 2290 140321 955 662 552 3185770 
50 0 0 0 2290 140442 687 550 853 3185770 
50 0 0 0 2290 140168 787 685 585 3185770 
50 0 0 0 2290 140128 700 715 671 3185770 
51 0 0 0 2290 140129 609 665 677 3185770 
50 0 0 0 2340 140271 501 489 736 3178870 
50 0 0 0 2340 140360 598 436 466 3178870 
51 0 0 0 2340 140053 862 611 454 3178870 
51 0 0 0 2340 139669 858 984 616 3178870 
51 0 0 0 2340 139424 837 760 1094 3178870 
52 0 0 0 2340 138858 1262 720 720 3178870 
52 0 0 0 2340 138224 1335 1036 851 3178870 
53 0 0 0 2340 137036 1336 1953 866 3178870 
53 0 0 0 2340 135559 1437 1775 2145 3178870 
54 0 0 0 2340 135018 1175 1815 1349 3178870 
54 0 0 0 2340 134305 1253 1433 1617 3178870 
54 0 0 0 2340 133459 1126 1301 1706 3178870 
55 0 0 0 2340 132564 1207 1052 1627 3178870 
55 0 0 0 2340 132174 659 1476 1087 3178870 
56 0 0 0 2340 131131 1480 1460 851 3178870 
56 0 0 0 2340 131181 989 950 1551 3178870 
57 0 0 0 2340 131363 653 1013 678 3178870 
57 0 0 0 2340 130980 1266 685 691 3178870 
57 0 0 0 2340 130683 1172 1032 634 3178870 
58 0 0 0 2340 129085 2438 990 970 3178870 
58 0 0 0 2340 127496 2786 1364 1462 3178870 
59 0 0 0 2340 124220 3780 1997 2225 3178870 
59 0 0 0 2340 122054 3741 3211 1563 3178870 
59 0 0 0 2340 118691 4941 3517 2462 3178870 
60 0 0 0 2340 115406 3268 5015 4057 3178870 
60 0 0 0 2340 112776 3653 4498 3370 3178870 
61 0 0 0 2340 107263 3130 4861 6249 3178870 
61 0 0 0 2340 104132 4595 3389 3737 3178870 
62 0 0 0 2340 101653 3840 3531 3679 3178870 
62 0 0 0 2340 100809 1546 2204 5064 3178870 
62 0 0 0 2340 100640 1052 1731 1719 3178870 
63 0 0 0 2340 100284 589 1988 1165 3178870 
63 0 0 0 2340 100067 783 1232 1369 3178870 
64 0 0 0 2340 100052 787 763 1070 3178870 
64 0 0 0 2340 100316 545 670 676 3178870 
65 0 0 0 2340 100584 304 678 566 3178870 
79 0 0 0 2340 123006 257 341 661 3178870 
79 0 0 0 2340 123373 178 241 413 3178870 
80 0 0 0 2340 123759 243 259 122 3178870 
80 0 0 0 2340 124126 281 169 280 3178870 
81 0 0 0 2340 124454 205 304 227 3178870 
81 0 0 0 2340 124762 242 260 285 3178870 
82 0 0 0 2340 125039 393 230 214 3178870 
82 0 0 0 2340 125422 221 313 292 3178870 
82 0 0 0 2340 125794 223 283 269 3178870 
83 0 0 0 2340 126245 184 201 286 3178870 
83 0 0 0 2340 126591 225 139 256 3178870 
84 0 0 0 2340 126995 244 139 159 3178870 
84 0 0 0 2340 127302 282 177 205 3178870 
85 0 0 0 2340 127592 293 309 130 3178870 
85 0 0 0 2340 127930 234 313 306 3178870 
85 0 0 0 2340 128228 180 443 214 3178870 
86 0 0 0 2440 128381 436 276 371 3184600 
86 0 0 0 2440 128683 396 432 205 3184600 
86 0 0 0 2440 128947 459 388 338 3184600 
87 0 0 0 2440 128988 402 434 603 3184600 
87 0 0 0 2440 129041 494 449 465 3184600 
88 0 0 0 2440 129097 466 525 504 3184600 
88 0 0 0 2440 129047 525 547 586 3184600 
89 0 0 0 2440 129137 403 597 613 3184600 
89 0 0 0 2440 129130 545 568 502 3184600 
89 0 0 0 2440 129347 452 516 563 3184600 
90 0 0 0 2440 129407 350 723 448 3184600 
90 0 0 0 2440 129646 354 342 775 3184600 
91 0 0 0 2440 129898 491 295 290 3184600 
91 0 0 0 2440 130212 408 291 362 3184600 
92 0 0 0 2440 130369 501 388 268 3184600 
91 0 0 0 2440 130670 351 350 507 3184600 
91 0 0 0 2440 131045 215 460 249 3184600 
92 0 0 0 2440 131091 465 412 389 3184600 
92 0 0 0 2440 131344 425 398 425 3184600 
93 0 0 0 2440 131621 342 376 447 3184600 
93 0 0 0 2440 131856 343 427 332 3184600 
94 0 0 0 2440 132028 423 525 264 3184600 
94 0 0 0 2440 131822 706 622 441 3184600 
94 0 0 0 2440 131365 785 1155 478 3184600 
95 0 0 0 2440 130532 1212 1466 740 3184600 
95 0 0 0 2440 129604 1939 1274 991 3184600 
96 0 0 0 2440 128414 2317 1315 1412 3184600 
96 0 0 0 2440 128166 2096 1330 1080 3184600 
97 0 0 0 2440 126759 2488 1256 1710 3184600 
97 0 0 0 2440 125047 2119 2635 1328 3184600 
97 0 0 0 2440 124380 1492 2184 2368 3184600 
98 0 0 0 2440 123947 1432 2186 1113 3184600 
98 0 0 0 2440 123889 838 2416 1044 3184600 
99 0 0 0 2440 123085 1168 1627 1887 3184600 
99 0 0 0 2440 122708 1010 1203 1595 3184600 
100 0 0 0 2440 122495 1199 881 973 3184600 
114 0 0 0 2440 145241 771 966 1172 3184600 
114 0 0 0 2440 145045 1134 610 818 3184600 
113 0 0 0 2440 144555 1189 1141 536 3184600 
113 0 0 0 2440 143842 1318 906 1428 3184600 
114 0 0 0 2440 142441 2300 971 960 3184600 
113 1 0 0 2440 141851 1747 1740 1009 3184600 
113 1 0 1 2440 139788 2837 2094 1222 3184600 
113 1 0 0 2440 138303 3376 1840 1828 3184600 
112 1 1 0 2440 137159 3586 1559 1847 3184600 
111 3 1 0 2440 135960 3034 1932 2000 3184600 
110 2 2 1 2440 133877 3261 1506 2885 3184600 
111 1 1 2 2440 132391 3136 1364 2371 3184600 
111 0 2 0 2440 130023 3036 2572 1883 3184600 
108 2 1 2 2440 128348 2558 2203 3151 3184600 
