2599 17 20 0 64980 135018 911 1080 0 3375470 
2584 18 23 17 64980 134512 1217 960 814 3375470 
2571 13 23 24 64980 133878 1045 1175 1077 3375470 
2530 32 34 20 64980 133198 1254 1009 1136 3375470 
2505 38 33 27 64980 132112 1388 977 1476 3375470 
2477 36 45 26 64980 131140 1464 838 1529 3375470 
2424 62 47 34 64980 130243 1436 1171 1072 3375470 
2384 44 60 53 64980 128931 1708 1616 1071 3375470 
2352 43 42 58 64980 125865 3180 2005 1690 3375470 
2325 42 61 15 64980 123122 3052 3265 2083 3375470 
2240 65 55 73 64980 116513 5746 3117 4562 3375470 
2176 81 55 56 64980 113477 4596 4027 3753 3375470 
2125 80 63 53 64980 109320 4201 4983 4102 3375470 
2005 128 97 45 64980 106941 4070 4449 3528 3375470 
1846 188 116 85 64980 104446 4127 3360 4027 3375470 
1742 181 161 74 64980 102356 3398 2019 4633 3375470 
1655 117 104 216 64980 101186 2507 1804 2780 3375470 
1541 140 85 117 64980 100631 1647 1819 1904 3375470 
1505 93 61 116 64980 99002 2047 2159 1398 3375470 
1492 51 65 59 64980 95589 3535 2171 2389 3375470 
1456 41 63 56 64980 93757 3144 2300 2554 3375470 
1438 32 35 62 64980 92009 2642 3180 1869 3375470 
1423 32 23 35 64980 89730 2616 2799 3188 3375470 
1408 23 23 33 64980 88775 1936 2008 2913 3375470 
1395 27 15 25 64980 87224 2272 1885 1843 3375470 
1386 19 20 19 64980 85957 1573 2979 1350 3375470 
1377 21 22 13 64980 84582 2003 1407 3014 3375470 
1376 12 18 22 64980 83848 968 1661 2008 3375470 
1364 20 21 9 64980 83193 1019 1924 843 3375470 
1352 19 23 20 64980 82540 1133 1329 1628 3375470 
1348 12 27 14 64980 82324 891 776 1514 3375470 
1345 11 22 16 64980 82546 388 1035 529 3375470 
1345 8 19 15 64980 82551 556 554 796 3375470 
1344 10 14 12 64980 82708 509 404 551 3375470 
1341 10 17 8 64980 82958 284 386 498 3375470 
1344 7 16 9 64980 83108 319 513 194 3375470 
1635 8 9 13 64980 101708 248 411 417 3375470 
1641 5 8 6 64980 101803 419 295 338 3375470 
1644 6 5 8 64980 102079 309 253 379 3375470 
1650 3 3 6 64980 102290 339 235 271 3375470 
1653 5 3 3 64980 102503 345 209 281 3375470 
1657 4 4 5 64980 102710 334 336 187 3375470 
1663 3 1 4 64980 102895 355 339 289 3375470 
1669 4 2 0 64980 103096 327 276 396 3375470 
1675 2 2 4 64980 103487 298 179 230 3375470 
1681 2 1 2 64980 103702 313 262 156 3375470 
1686 4 1 2 64980 103968 286 254 265 3375470 
1686 8 1 4 64980 104147 314 247 318 3375470 
1688 8 6 0 64980 103900 462 492 342 3375470 
1689 8 10 3 64980 103687 670 606 382 3375470 
1691 3 10 11 64980 103240 830 999 404 3375470 
1692 5 9 6 64980 102620 908 1263 775 3375470 
1696 5 6 8 64980 102131 1125 1417 615 3375470 
1704 5 4 6 65690 101788 1265 1439 853 3389620 
1713 6 4 3 65690 100946 1561 1519 1203 3389620 
1723 2 7 4 65690 100304 1845 2102 499 3389620 
1727 6 3 10 65690 99559 1774 2018 1632 3389620 
1738 5 4 2 65690 99166 1502 1876 1512 3389620 
1744 9 5 2 65690 98192 2312 1485 1268 3389620 
1755 5 7 4 65690 97624 2027 981 2070 3389620 
1765 6 3 6 65690 97370 1688 1067 1245 3389620 
1773 5 5 3 65690 96804 1441 1898 708 3389620 
1779 5 2 7 65690 96303 1531 1927 1113 3389620 
1788 4 5 2 65690 95367 1749 1953 1417 3389620 
1792 5 10 3 65690 94402 1526 2152 1707 3389620 
1799 6 7 8 65690 93175 2208 1448 1983 3389620 
1801 9 9 6 65690 92744 1410 1743 1677 3389620 
1804 8 14 6 65690 92146 1656 1492 1313 3389620 
1813 6 10 9 65690 92234 1406 1094 1295 3389620 
1822 6 7 6 65690 91997 1121 1268 1077 3389620 
1830 5 6 6 65690 91731 963 744 1680 3389620 
1835 8 3 8 65690 91461 1086 897 725 3389620 
1844 5 7 4 65690 91069 1076 750 1280 3389620 
1852 4 8 5 65690 91158 1131 587 755 3389620 
1861 5 5 6 65690 91104 943 898 646 3389620 
1862 6 10 5 65690 90626 1046 1069 947 3389620 
1869 3 7 12 65690 90693 597 1113 1075 3389620 
1872 10 7 4 65690 90642 602 653 1236 3389620 
1879 6 8 8 65690 90547 718 619 764 3389620 
1883 5 12 6 65690 90853 550 586 638 3389620 
1878 12 15 7 65690 91155 489 498 589 3389620 
1887 8 8 15 65690 91606 298 506 470 3389620 
1894 8 3 11 65690 92024 321 566 226 3389620 
1902 8 3 4 65690 92540 173 386 549 3389620 
1912 7 6 2 65690 93007 240 216 366 3389620 
1923 4 5 6 65690 93570 182 157 280 3389620 
1930 4 4 7 65690 94191 111 180 135 3389620 
1936 7 4 3 65690 94763 179 120 137 3389620 
1947 2 4 8 65690 95432 134 110 114 3389620 
2426 2 0 5 65690 122435 153 101 142 3389620 
2436 3 1 1 65690 122979 131 119 177 3389620 
2446 3 4 1 65690 123506 212 104 129 3389620 
2454 7 2 3 65690 124009 211 164 154 3389620 
2460 7 5 4 65690 124571 166 146 226 3389620 
2465 10 7 3 65690 124905 335 267 88 3389620 
2475 7 6 8 65690 124924 730 414 171 3389620 
2477 10 4 9 65690 125144 732 545 379 3389620 
2485 3 6 8 65690 125249 750 632 520 3389620 
2494 3 6 4 65690 125263 707 853 527 3389620 
2502 4 3 5 65690 125038 1085 616 798 3389620 
2514 0 3 5 65690 124994 1277 431 775 3389620 
2519 6 3 1 65690 124901 1115 880 530 3389620 
2525 10 4 3 65690 124335 1313 1277 682 3389620 
2532 6 12 2 65690 123707 1608 1149 1196 3389620 
2541 6 2 15 65690 123033 1733 1041 1382 3389620 
2549 3 1 7 65090 122988 1114 1354 1094 3358000 
2557 5 2 2 65090 122620 990 1334 1290 3358000 
2560 9 7 2 65090 122487 1235 800 1193 3358000 
2560 10 16 4 65090 121922 1478 1133 765 3358000 
2559 20 12 8 65090 121228 2013 1073 999 3358000 
2550 23 15 15 65090 119803 2849 1231 1214 3358000 
2541 15 22 23 65090 118602 2363 2279 1407 3358000 
2498 41 30 20 65090 117137 2205 2917 1774 3358000 
2453 44 44 41 65090 115269 2984 2386 2402 3358000 
2425 26 55 48 65090 113999 3038 2501 1851 3358000 
2367 48 55 49 65090 112234 3178 2470 2436 3358000 
2291 88 74 31 65090 110500 3422 2670 2064 3358000 
2199 102 88 78 65090 107877 2447 3506 3543 3358000 
2136 105 81 79 65090 105928 2453 2606 3638 3358000 
2068 75 73 120 65090 103812 3269 1792 2879 3358000 
2040 50 69 71 65090 103155 2124 2473 1908 3358000 
2023 35 38 77 65090 102808 1658 922 3142 3358000 
2013 23 38 34 65090 102862 1293 1100 925 3358000 
1964 57 38 28 65090 102922 812 1373 929 3358000 
1913 49 80 30 65090 102042 1298 1688 848 3358000 
1884 55 62 55 65090 101423 1102 1328 1934 3358000 
1847 46 76 45 65090 100886 1270 1349 1137 3358000 
1826 59 52 46 65090 100245 1397 1465 1191 3358000 
1802 51 32 65 65090 99729 1460 1298 1416 3358000 
1778 42 51 28 65090 99989 906 947 1424 3358000 
1749 54 29 52 65090 99623 1109 716 1172 3358000 
1731 50 36 29 65090 99233 952 936 1103 3358000 
1702 49 53 26 65090 99406 721 697 1070 3358000 
1667 54 47 50 65090 99768 444 661 735 3358000 
1665 24 43 49 65090 100113 449 533 549 3358000 
1645 30 27 41 65090 100615 375 458 419 3358000 
1646 24 25 21 65090 101251 346 277 363 3358000 
1643 9 36 21 65090 101677 354 403 207 3358000 
1643 11 25 23 65090 102171 270 232 546 3358000 
1648 9 23 11 65090 102624 274 301 255 3358000 
1650 11 16 17 65090 103062 330 275 323 3358000 
2127 12 13 17 65090 131823 304 305 298 3358000 
2132 7 16 10 65090 131842 603 408 338 3358000 
2129 13 14 12 65090 131971 684 530 456 3358000 
2126 17 18 8 65090 131595 1205 638 505 3358000 
2129 18 12 15 65090 130767 1425 1286 731 3358000 
2121 24 12 16 65090 129539 2299 1668 738 3358000 
2121 17 17 14 65090 127999 2555 1869 1867 3358000 
2123 20 17 9 65090 123200 4823 3612 1570 3358000 
2108 30 19 15 65090 122556 2960 3706 3201 3358000 
2093 28 29 21 65090 120373 2575 3947 3105 3358000 
2082 24 31 26 65090 113638 6339 4039 3642 3358000 
2065 28 39 18 65090 108239 5524 7543 3489 3358000 
2036 36 40 31 65090 103070 7452 4459 7087 3358000 
2015 45 32 34 65090 98027 8214 4329 5176 3358000 
1977 55 19 52 65090 93780 5954 6730 4889 3358000 
1973 36 26 29 65090 90995 3758 7948 4535 3358000 
1971 26 19 32 64800 88834 2810 5352 6444 3363000 
1958 23 22 23 64800 84755 2497 6799 3609 3363000 
1935 30 24 25 64800 81851 3438 4500 4937 3363000 
1918 31 29 23 64800 79989 3635 3409 3435 3363000 
1902 29 33 25 64800 77857 3973 3669 2207 3363000 
1869 45 33 28 64800 76946 1693 3738 3795 3363000 
1838 23 66 29 64800 75306 1866 3359 2534 3363000 
1815 46 12 66 64800 73779 1539 3955 1925 3363000 
1813 18 32 21 64800 71461 1972 3569 2941 3363000 
1796 16 33 29 64800 69899 2684 2282 2815 3363000 
1760 30 28 39 64800 69415 2033 1668 2422 3363000 
1742 30 34 23 64800 68596 1805 1742 1651 3363000 
1737 17 28 34 64800 68102 1947 1285 1487 3363000 
1738 12 13 29 64800 68083 1442 958 1533 3363000 
1745 8 6 16 64800 68097 1028 1208 814 3363000 
1749 5 8 7 64800 68366 450 1252 951 3363000 
1754 6 8 5 64800 68618 392 705 1037 3363000 
1759 6 9 5 64800 68921 285 607 567 3363000 
1763 9 9 4 64800 69437 193 231 619 3363000 
1766 12 7 7 64800 69955 209 136 251 3363000 
1774 5 6 11 64800 70568 115 99 197 3363000 
1771 6 19 1 64800 71096 102 156 89 3363000 
1764 13 13 16 64800 71675 61 170 130 3363000 
1764 12 14 9 64800 72222 129 125 114 3363000 
1762 15 9 15 64800 72818 112 106 115 3363000 
1763 11 15 8 64800 73439 91 116 69 3363000 
1764 7 12 16 64800 74051 88 94 96 3363000 
1759 12 8 14 64800 74617 79 110 107 3363000 
1766 9 7 9 64800 75222 115 77 76 3363000 
1769 7 11 5 64800 75837 95 104 57 3363000 
1774 7 3 14 64800 76398 138 59 92 3363000 
1783 2 6 3 64800 77020 71 75 104 3363000 
1791 4 5 3 64800 77644 54 80 66 3363000 
1797 7 4 3 64800 78250 49 102 44 3363000 
1808 3 4 4 64800 78901 22 103 59 3363000 
1818 2 3 4 64800 79536 28 71 63 3363000 
2217 4 2 2 64800 104489 54 66 33 3363000 
2227 4 1 2 64800 105120 41 68 65 3363000 
2230 4 7 2 64800 105743 48 63 56 3363000 
2239 4 3 7 64800 106337 68 54 63 3363000 
2249 3 2 3 64800 106944 67 61 54 3363000 
2254 2 4 4 64800 107539 85 34 77 3363000 
2260 5 6 1 64800 108131 84 63 59 3363000 
2264 8 4 5 64800 108754 83 41 62 3363000 
2263 11 6 6 64800 109362 49 97 33 3363000 
2264 11 12 4 64800 109932 86 48 80 3363000 
2260 15 11 11 64800 110559 84 59 52 3363000 
2253 17 11 15 64800 111169 62 80 40 3363000 
2244 20 7 20 64800 111761 74 91 65 3363000 
2247 13 12 10 64800 112354 89 73 80 3363000 
2242 18 5 18 64800 112941 94 79 71 3363000 
2238 13 13 12 64800 113566 71 72 75 3363000 
2242 15 10 8 64510 114161 87 68 50 3343000 
2238 15 12 12 64510 114715 72 64 75 3343000 
2234 20 11 10 64510 115176 127 94 49 3343000 
2215 23 16 20 64510 115571 167 151 126 3343000 
2213 19 20 11 64510 115978 205 134 200 3343000 
2200 28 17 16 64510 116487 134 175 139 3343000 
2188 20 22 22 64510 116837 192 227 161 3343000 
2166 27 30 18 64510 117076 271 309 211 3343000 
2143 32 42 16 64510 117444 264 237 318 3343000 
2124 23 32 45 64510 117690 225 390 254 3343000 
2093 23 28 45 64510 117821 484 209 398 3343000 
2069 18 50 18 64510 118282 383 154 296 3343000 
2006 59 42 40 64510 118557 328 310 233 3343000 
1956 84 31 47 64510 118697 475 375 249 3343000 
1922 78 50 31 64510 118667 417 640 440 3343000 
1894 51 68 48 64510 118889 275 509 668 3343000 
1865 60 56 42 64510 119101 382 311 496 3343000 
1816 47 65 64 64510 119258 441 351 362 3343000 
1753 55 79 51 64510 119170 561 619 322 3343000 
1679 94 68 57 64510 119266 602 533 579 3343000 
1618 85 89 59 64510 119023 700 468 812 3343000 
1554 71 94 83 64510 118780 1156 356 491 3343000 
1522 64 64 78 64510 118711 876 956 357 3343000 
1481 40 62 77 64510 118668 952 718 811 3343000 
1458 36 52 47 64510 118252 985 920 787 3343000 
1428 43 43 43 64510 117512 1343 1262 667 3343000 
1407 43 36 38 64510 116776 1464 1477 1021 3343000 
1403 32 36 25 64510 116412 1179 1215 1532 3343000 
1386 29 29 37 64510 115524 1241 1441 1227 3343000 
1387 16 31 20 64510 114276 1233 1906 1398 3343000 
1383 12 24 23 64510 113880 1067 1096 1970 3343000 
1389 11 11 19 64510 113887 1051 729 993 3343000 
1393 4 13 10 64510 113956 1056 533 746 3343000 
1402 2 5 12 64510 113957 633 698 884 3343000 
1406 3 2 8 64510 113868 979 671 401 3343000 
1414 3 2 3 64510 114075 538 602 903 3343000 
1788 1 4 1 64510 136995 398 402 653 3343000 
1799 1 0 4 64510 137060 551 411 373 3343000 
1808 1 1 0 64510 136859 823 522 429 3343000 
1819 0 2 0 64510 136484 972 767 600 3343000 
1829 0 1 1 64510 136140 1089 490 1123 3343000 
1839 1 0 1 64510 135783 1143 941 456 3343000 
1848 1 1 0 64510 135455 883 1442 673 3343000 
1856 2 0 1 64510 134235 1695 1283 1178 3343000 
1863 2 3 0 64510 133152 1529 1867 1272 3343000 
1870 3 2 2 64510 130741 2711 1660 2044 3343000 
1874 7 2 2 64510 129667 1962 2195 1900 3343000 
1881 0 6 6 64510 126651 3467 1255 3074 3343000 
1886 3 6 2 64510 124496 2818 2271 2397 3343000 
1891 4 2 7 64510 122672 1952 2230 3352 3343000 
1899 3 2 2 64510 120391 3248 2505 1308 3343000 
1908 0 4 3 64510 119532 2955 1603 2658 3343000 
1913 3 5 1 64800 118830 2711 1593 1560 3322000 
1919 3 4 5 64800 116912 1933 2560 2312 3322000 
1925 2 3 4 64800 115474 1639 2739 2144 3322000 
1929 4 4 4 64800 114328 1972 2216 1899 3322000 
1934 2 4 6 64800 112488 2349 2101 2155 3322000 
1939 2 2 6 64800 108856 3414 1973 3273 3322000 
1948 1 2 2 64800 103812 5157 3608 2258 3322000 
1953 3 2 4 64800 101019 3270 4681 4190 3322000 
1961 2 3 2 64800 98207 3505 1926 5920 3322000 
1961 7 7 1 64800 97074 1926 2914 2317 3322000 
1965 6 9 6 64800 95419 2399 2210 2465 3322000 
1971 4 3 11 64800 93855 2407 2471 1878 3322000 
1975 9 2 2 64800 92163 2770 2737 1648 3322000 
1982 4 7 4 64800 91005 2713 1830 2710 3322000 
1980 8 6 8 64800 89586 2096 2813 1645 3322000 
1977 14 7 5 64800 88433 997 3029 2614 3322000 
1983 9 4 13 64800 88461 542 1617 2416 3322000 
1990 5 6 5 64800 88141 942 937 1182 3322000 
1985 11 9 6 64800 87582 1000 1103 922 3322000 
1979 10 17 9 64800 87232 1032 1174 822 3322000 
1965 23 16 12 64800 86710 892 1429 994 3322000 
1965 16 24 9 64800 86437 878 1216 1085 3322000 
1946 23 27 18 64800 86764 697 501 1171 3322000 
1937 16 20 33 64800 86855 457 719 513 3322000 
1937 6 19 20 64800 87026 488 427 689 3322000 
1927 15 17 13 64800 87372 414 269 478 3322000 
1928 14 14 14 64800 87818 319 234 286 3322000 
1929 13 11 12 64800 87998 460 311 193 3322000 
1925 12 11 13 64800 88322 308 490 242 3322000 
1935 4 12 8 64800 88688 221 277 519 3322000 
1931 13 7 10 64800 89132 141 256 235 3322000 
1930 12 12 5 64800 89503 197 168 236 3322000 
1936 9 10 10 64800 89997 151 150 168 3322000 
1933 14 9 9 64800 90477 129 167 125 3322000 
1927 17 16 4 64800 90870 176 195 133 3322000 
1910 23 24 13 64800 91349 99 106 267 3322000 
2258 16 36 14 64800 113356 61 81 112 3322000 
2248 17 18 34 64800 113891 59 61 72 3322000 
2249 13 21 11 64800 114445 47 66 41 3322000 
2237 14 22 20 64800 114952 66 66 55 3322000 
2208 32 30 11 64800 115434 94 73 63 3322000 
2193 34 25 28 64800 115867 111 120 75 3322000 
2167 30 38 27 64800 116243 194 106 137 3322000 
2125 35 35 50 64800 116666 146 116 179 3322000 
2109 22 39 34 64800 117125 138 81 141 3322000 
2080 32 30 38 64800 117636 94 81 126 3322000 
2044 35 54 18 64800 118079 133 89 60 3322000 
2014 28 65 35 64800 118503 137 96 144 3322000 
1938 71 71 38 64800 118871 178 156 94 3322000 
1920 57 45 67 64800 119318 165 153 161 3322000 
1891 49 44 45 64800 119612 171 287 142 3322000 
1854 49 59 33 64800 119888 216 294 247 3322000 
1834 36 61 41 64800 120258 187 245 288 3322000 
1818 28 36 57 64770 120509 310 188 238 3295000 
1796 33 33 27 64770 120815 271 283 210 3295000 
1778 26 45 22 64770 121150 328 220 250 3295000 
1759 42 25 33 64770 121031 597 411 210 3295000 
1737 46 24 28 64770 121137 493 444 507 3295000 
1699 46 39 32 64770 121221 593 469 336 3295000 
1677 47 29 40 64770 121217 656 565 379 3295000 
1663 36 32 31 64770 120950 807 748 507 3295000 
1633 45 45 17 64770 120654 759 871 783 3295000 
1587 63 51 30 64770 119202 1475 786 1391 3295000 
1554 45 45 66 64770 118499 1559 1152 821 3295000 
1516 62 34 41 64770 117445 1603 1563 1135 3295000 
1498 48 51 24 64770 115994 2079 1863 1240 3295000 
1457 34 63 51 64770 114477 2071 1608 2364 3295000 
1430 34 46 53 64770 113489 1778 1773 1686 3295000 
1423 24 48 23 64770 112201 1396 2419 1599 3295000 
1409 17 41 37 64770 110598 2132 2746 1116 3295000 
1386 19 22 49 64770 105355 4003 4361 2312 3295000 
1385 15 18 18 64770 102528 3695 4581 3472 3295000 
1382 11 21 12 64770 98002 6075 2525 4766 3295000 
1369 12 19 21 64770 95514 5577 4033 2042 3295000 
1352 21 19 17 64770 93102 4333 4387 3881 3295000 
1342 18 22 20 64770 89273 3274 5614 4232 3295000 
1341 7 25 18 64770 86674 3612 3974 4478 3295000 
1336 14 10 22 64770 83876 3411 4650 2893 3295000 
1338 13 2 16 64770 82667 2802 3318 3734 3295000 
1342 5 11 4 64770 79864 3707 3072 2719 3295000 
1346 5 8 8 64770 78091 2021 3087 3997 3295000 
1352 4 3 9 64770 76757 1278 1694 4047 3295000 
1361 1 2 4 64770 76288 1081 1939 977 3295000 
1370 0 3 0 64770 76213 999 1705 978 3295000 
1377 2 2 1 64770 76201 862 1381 1058 3295000 
1384 2 1 2 64770 75889 730 1312 1099 3295000 
1391 1 2 2 64770 75929 644 778 1145 3295000 
1398 0 4 1 64770 76020 552 565 800 3295000 
1723 1 1 4 64770 97298 313 530 537 3295000 
1732 1 0 1 64770 97435 458 332 474 3295000 
1739 1 1 0 64770 97837 309 407 254 3295000 
1746 3 0 1 64770 97958 446 321 398 3295000 
1753 2 1 1 64770 98056 436 448 347 3295000 
1759 3 1 2 64770 98026 637 483 379 3295000 
1767 1 3 1 64770 97877 660 510 676 3295000 
1773 2 4 1 64770 97900 572 772 375 3295000 
1779 2 2 4 64770 97563 840 864 543 3295000 
1780 7 5 0 64770 97717 741 636 751 3295000 
1787 1 8 4 64770 97652 748 722 533 3295000 
1795 1 0 9 64770 97266 961 868 595 3295000 
1801 2 2 0 64770 97029 829 778 1022 3295000 
1809 1 2 1 64770 97123 929 390 756 3295000 
1810 5 2 2 64770 97273 688 518 537 3295000 
1816 3 4 2 64770 97384 592 705 352 3295000 
1821 5 4 2 64770 97265 706 477 814 3295000 
1826 7 4 1 64550 96991 833 738 423 3273000 
1832 3 8 3 64550 96901 940 698 588 3273000 
1832 6 9 5 64550 96900 637 1025 534 3273000 
1830 9 4 12 64550 95543 1919 950 725 3273000 
1832 7 4 9 64550 95410 1302 906 1362 3273000 
1830 11 8 3 64550 94151 1273 1782 966 3273000 
1822 16 12 8 64550 93403 928 1711 1723 3273000 
1818 14 10 16 64550 92418 976 1366 1839 3273000 
1813 7 19 12 64550 92083 933 1118 1192 3273000 
1802 15 13 17 64550 91671 1053 1068 907 3273000 
1798 14 9 18 64550 91580 1040 532 1189 3273000 
1791 18 15 6 64550 91671 1026 357 666 3273000 
1772 23 32 5 64550 91511 1029 597 474 3273000 
1760 26 23 26 64550 91421 935 654 656 3273000 
1740 26 26 23 64550 91299 573 1284 412 3273000 
1743 9 20 29 64550 91325 558 696 1131 3273000 
1745 9 10 16 64550 90802 994 851 491 3273000 
1743 9 12 8 64550 90468 726 1152 870 3273000 
1739 13 10 11 64550 89810 1055 1395 644 3273000 
1739 13 8 11 64550 89535 1105 1107 1080 3273000 
1740 8 4 14 64550 89177 957 1482 699 3273000 
1743 10 2 5 64550 88300 1204 1296 1358 3273000 
1750 2 5 7 64550 87198 1120 1672 1371 3273000 
1754 4 4 4 64550 86274 1249 1738 1299 3273000 
1760 3 5 3 64550 85861 1136 972 1853 3273000 
1769 2 3 3 64550 85386 1166 1061 922 3273000 
1771 3 6 3 64550 84745 1308 1248 886 3273000 
1780 1 3 5 64550 84644 1087 1015 1124 3273000 
1784 4 4 1 64550 84601 624 1128 957 3273000 
1789 5 3 4 64550 84727 589 508 1109 3273000 
1795 4 5 1 64550 85079 199 507 614 3273000 
1799 5 6 2 64550 85525 225 186 420 3273000 
1802 9 6 2 64550 85949 218 150 178 3273000 
1807 5 9 5 64550 86379 157 192 160 3273000 
1816 1 2 11 64550 86841 147 157 135 3273000 
1821 2 1 3 64550 87325 141 119 135 3273000 
2140 2 0 1 64550 108311 161 144 118 3273000 
2147 1 3 0 64550 108743 175 162 99 3273000 
2153 0 3 2 64550 109114 198 158 156 3273000 
2158 2 2 2 64550 109513 142 159 199 3273000 
2165 0 1 3 64550 110020 115 93 165 3273000 
2171 0 1 1 64550 110425 116 92 150 3273000 
2176 1 1 1 64550 110894 63 145 98 3273000 
2183 1 2 1 64550 111359 84 114 90 3273000 
2192 1 0 2 64550 111819 94 135 76 3273000 
2201 1 0 0 64550 112169 90 183 156 3273000 
2208 1 0 0 64550 112573 160 106 170 3273000 
2217 1 0 0 64550 113036 89 81 179 3273000 
2226 0 0 1 64550 113409 145 143 47 3273000 
2234 1 0 0 64550 113808 144 171 111 3273000 
2241 1 1 0 64550 114176 155 217 131 3273000 
2250 1 0 1 64550 114493 264 218 139 3273000 
2258 1 0 0 64600 114849 160 320 203 3253880 
2266 1 1 0 64600 115173 267 209 233 3253880 
2274 1 1 1 64600 115521 284 282 125 3253880 
2281 2 0 1 64600 115779 242 344 272 3253880 
2283 3 4 0 64600 115735 270 410 499 3253880 
2283 5 3 7 64600 115885 380 418 280 3253880 
2288 6 3 3 64600 115889 551 380 422 3253880 
2295 8 2 1 64600 115634 483 918 348 3253880 
2295 6 3 5 64600 115350 745 511 977 3253880 
2299 3 3 6 64600 115277 697 721 471 3253880 
2303 4 2 4 64600 115492 393 591 772 3253880 
2310 1 3 4 64600 115605 436 368 602 3253880 
2314 2 3 3 64600 115825 337 352 441 3253880 
2312 8 4 2 64600 116072 294 321 374 3253880 
2315 5 6 5 64600 115968 703 198 374 3253880 
2320 1 5 8 64600 116225 435 513 240 3253880 
2326 4 4 1 64600 116318 466 388 545 3253880 
2330 4 3 5 64600 116334 591 329 437 3253880 
2336 0 5 5 64600 116259 726 539 283 3253880 
2345 0 0 5 64600 115595 1103 874 514 3253880 
2348 4 0 0 64600 114999 1447 861 813 3253880 
2350 3 4 4 64600 113535 1801 1401 1115 3253880 
2358 2 2 3 64600 112898 1906 1494 998 3253880 
2365 3 0 2 64600 112083 1277 1611 1878 3253880 
2371 4 1 0 64600 110717 1354 1836 1609 3253880 
2374 3 2 4 64600 109820 1550 1958 1137 3253880 
2380 3 2 3 64600 108491 1375 2032 1983 3253880 
2373 10 4 3 64600 107731 1123 1634 1949 3253880 
2365 20 8 3 64600 107059 1409 1013 1564 3253880 
2366 12 11 13 64600 106796 1197 1063 979 3253880 
2361 13 11 10 64600 106599 1261 675 1065 3253880 
2366 11 11 6 64600 106291 1016 1110 675 3253880 
2361 13 10 12 64600 105326 1443 1020 1170 3253880 
2361 16 5 10 64600 104725 1315 1547 760 3253880 
2362 11 9 8 64600 104472 1116 1091 1456 3253880 
2356 9 14 11 64600 103845 1332 1041 1019 3253880 
2644 14 22 6 64600 124207 1009 977 982 3253880 
2623 17 28 18 64600 123711 892 1208 933 3253880 
2572 55 29 21 64600 122808 1345 1244 990 3253880 
2519 53 60 31 64600 121729 1862 1264 1093 3253880 
2482 48 59 50 64600 121232 1863 1604 733 3253880 
2387 76 65 68 64600 120346 1432 1727 1719 3253880 
2322 87 65 61 64600 119249 2161 870 1755 3253880 
2271 61 80 71 64600 119136 1202 1287 1201 3253880 
2249 64 35 70 64600 117549 1743 1656 1194 3253880 
2217 47 32 60 64600 116760 1354 1932 1451 3253880 
2185 58 34 28 64600 114343 2231 2783 1250 3253880 
2098 79 61 46 64600 112366 3514 1756 2288 3253880 
2044 82 76 45 64600 111206 2472 2832 1670 3253880 
1998 67 63 81 64600 109253 2292 3134 2387 3253880 
1965 63 40 68 64600 106355 3371 3055 2462 3253880 
1932 59 30 55 64600 103385 3829 3531 2587 3253880 
1904 53 35 38 64220 101178 4201 3650 2250 3225000 
1870 53 39 38 64220 98177 3656 5386 2375 3225000 
1807 85 39 40 64220 94212 3480 4207 5854 3225000 
1770 59 67 43 64220 90341 4693 4899 2520 3225000 
1735 43 55 70 64220 85356 3302 3606 8197 3225000 
1717 35 34 54 64220 83828 3139 2742 3115 3225000 
1673 47 48 26 64220 80299 3981 2744 3241 3225000 
1656 36 31 51 64220 79455 3807 1468 2856 3225000 
1633 43 33 23 64220 78095 2755 2706 1726 3225000 
1606 46 36 29 64220 76462 2036 2968 2647 3225000 
1596 36 41 23 64220 73416 2411 3463 2726 3225000 
1573 42 33 33 64220 70611 3268 3226 2745 3225000 
1547 41 22 46 64220 69808 2885 2128 2848 3225000 
1536 29 35 19 64220 68789 1964 3235 1403 3225000 
1496 29 46 36 64220 66605 2053 4317 1574 3225000 
1486 31 33 30 64220 65609 2521 3215 2189 3225000 
1475 21 23 38 64220 63554 2589 2281 3485 3225000 
1459 31 29 9 64220 62718 2196 2616 1452 3225000 
1444 28 33 22 64220 61880 1694 2278 2235 3225000 
1423 38 32 21 64220 61394 1538 2031 1446 3225000 
1411 17 34 37 64220 60945 971 1834 1780 3225000 
1400 17 19 35 64220 60725 762 978 1838 3225000 
1397 14 15 17 64220 60626 709 745 948 3225000 
1394 13 15 11 64220 60544 871 731 507 3225000 
1399 9 7 16 64220 60592 633 801 677 3225000 
1401 6 12 4 64220 60724 464 710 684 3225000 
1406 5 8 9 64220 60966 298 473 728 3225000 
1410 5 6 5 64220 61248 239 339 485 3225000 
1418 2 3 7 64220 61633 243 273 250 3225000 
1425 2 2 2 64220 62038 193 269 210 3225000 
1430 3 1 2 64220 62496 118 201 253 3225000 
1438 1 1 2 64220 62994 106 122 167 3225000 
1446 0 1 1 64220 63508 80 89 116 3225000 
1454 0 1 0 64220 64008 82 99 54 3225000 
1462 1 0 1 64220 64507 54 113 59 3225000 
1469 0 0 1 64220 65035 54 48 108 3225000 
1772 0 0 0 64220 85845 46 42 59 3225000 
1778 0 0 0 64220 86376 24 24 63 3225000 
1784 0 0 0 64220 86895 25 15 41 3225000 
1793 0 0 0 64220 87432 23 19 14 3225000 
1801 0 0 0 64220 87964 30 19 11 3225000 
1810 0 0 0 64220 88494 37 21 23 3225000 
1817 0 0 0 64220 89009 39 30 23 3225000 
1826 0 0 0 64220 89521 26 34 41 3225000 
1830 0 0 0 64220 90069 30 10 42 3225000 
1838 0 0 0 64220 90602 27 9 18 3225000 
1846 0 0 0 64220 91153 20 12 15 3225000 
1855 0 0 0 64220 91701 20 13 11 3225000 
1863 0 0 0 64220 92237 14 16 18 3225000 
1872 0 0 0 64220 92790 13 12 12 3225000 
1879 0 0 0 64220 93333 13 13 10 3225000 
1885 0 0 0 64220 93885 10 17 7 3225000 
1893 0 0 0 63900 94429 14 21 9 3204000 
1902 0 0 0 63900 94950 29 17 15 3204000 
1910 0 0 0 63900 95476 26 14 17 3204000 
1917 0 0 0 63900 96002 13 24 15 3204000 
1926 0 0 0 63900 96509 9 23 19 3204000 
1933 0 0 0 63900 97048 10 12 20 3204000 
1941 0 0 0 63900 97582 8 19 6 3204000 
1947 0 0 0 63900 98093 12 18 25 3204000 
1955 0 0 0 63900 98607 20 18 19 3204000 
1964 0 0 0 63900 99124 19 21 18 3204000 
1972 0 0 0 63900 99665 19 14 21 3204000 
1980 0 0 0 63900 100201 19 22 13 3204000 
1989 0 0 0 63900 100727 30 24 12 3204000 
1996 0 0 0 63900 101257 25 19 22 3204000 
2004 0 0 0 63900 101772 26 29 18 3204000 
2013 0 0 0 63900 102288 30 18 41 3204000 
2021 0 0 0 63900 102817 33 24 18 3204000 
2028 0 0 0 63900 103325 36 23 35 3204000 
2037 0 0 0 63900 103789 46 38 40 3204000 
2044 0 0 0 63900 104273 36 58 40 3204000 
2050 0 0 0 63900 104761 25 68 53 3204000 
2057 0 0 0 63900 105278 42 48 46 3204000 
2065 0 0 0 63900 105776 49 47 38 3204000 
2073 0 0 0 63900 106239 42 84 56 3204000 
2081 0 0 0 63900 106677 105 92 32 3204000 
2087 0 0 0 63900 107058 137 154 62 3204000 
2095 0 0 0 63900 107498 95 116 188 3204000 
2101 1 0 0 63900 107895 113 170 87 3204000 
2109 1 0 0 63900 108292 146 135 145 3204000 
2118 1 0 0 63900 108720 163 110 122 3204000 
2126 1 0 0 63900 109034 185 191 109 3204000 
2132 2 0 0 63900 109401 199 160 179 3204000 
2141 0 1 1 63900 109784 172 175 158 3204000 
2147 1 0 1 63900 110229 112 172 167 3204000 
2154 0 1 0 63900 110587 134 160 167 3204000 
2160 0 0 2 63900 110916 171 179 147 3204000 
2456 1 0 0 63900 131066 310 211 144 3204000 
2463 2 0 0 63900 130931 558 376 237 3204000 
2470 1 2 0 63900 130779 777 438 410 3204000 
2472 4 4 0 63900 129884 1306 779 568 3204000 
2472 9 4 3 63900 129628 1021 989 863 3204000 
2479 1 7 6 63900 128516 1752 960 964 3204000 
2476 5 11 2 63900 127519 1152 2008 1066 3204000 
2480 7 4 9 63900 126205 1544 1612 1865 3204000 
2475 16 4 4 63900 125404 1470 1107 1911 3204000 
2472 11 10 9 63900 123919 2105 1050 1441 3204000 
2467 11 11 12 63900 122476 2332 1330 1474 3204000 
2450 18 23 6 63900 121355 1542 2944 834 3204000 
2438 15 9 37 63900 118325 3115 2715 2201 3204000 
2427 24 11 8 63900 115251 3279 4177 1985 3204000 
2402 38 9 20 63900 111571 3525 2970 5173 3204000 
2384 35 32 6 63900 109942 3248 2208 3190 3204000 
2365 40 26 28 65130 108747 3059 2188 1948 3194480 
2353 20 27 39 65130 107553 1701 2654 2623 3194480 
2329 36 19 24 65130 104605 2902 3083 1869 3194480 
2308 30 36 18 65130 100552 4439 3851 2329 3194480 
2268 33 42 37 65130 97613 5270 3626 2911 3194480 
2232 48 30 40 65130 92562 5620 6972 1923 3194480 
2189 33 66 30 65130 85789 6807 7069 6065 3194480 
2136 60 40 60 65130 80262 5724 9246 5006 3194480 
2095 69 40 39 65130 75558 4796 5851 9601 3194480 
2056 70 30 54 65130 72582 5198 4526 4464 3194480 
2009 60 68 27 65130 68687 4922 7637 1631 3194480 
1938 68 67 72 65130 66127 3963 6281 5459 3194480 
1863 100 62 55 65130 61646 4728 7237 3317 3194480 
1851 70 51 61 65130 58455 5312 5918 4491 3194480 
1804 64 73 39 65130 56098 3291 4387 6486 3194480 
1752 67 69 61 65130 54910 2262 3603 3572 3194480 
1716 34 61 85 65130 54221 2045 2955 2132 3194480 
1702 23 43 52 65130 53324 1174 2664 2643 3194480 
1665 33 38 36 65130 52770 1308 1945 1716 3194480 
1654 24 34 32 65130 52402 598 2435 1170 3194480 
1627 33 34 26 65130 51843 878 1411 1890 3194480 
1630 19 13 40 65130 51795 687 861 1375 3194480 
1616 19 17 18 65130 52069 338 561 956 3194480 
1613 18 10 19 65130 52343 245 632 334 3194480 
1610 11 17 10 65130 52711 191 354 531 3194480 
1610 15 8 13 65130 53180 189 159 308 3194480 
1614 11 12 5 65130 53627 196 144 139 3194480 
1605 17 12 11 65130 54110 170 166 103 3194480 
1603 12 17 10 65130 54617 116 91 200 3194480 
1605 10 13 11 65130 55170 49 112 77 3194480 
1598 14 14 10 65130 55706 58 56 101 3194480 
1602 4 15 13 65130 56261 41 53 49 3194480 
1600 7 10 10 65130 56807 30 29 62 3194480 
1597 8 8 10 65130 57378 27 34 14 3194480 
1602 6 2 11 65130 57956 32 28 11 3194480 
1610 4 3 2 65130 58542 20 19 27 3194480 
1900 2 3 2 65130 79989 12 14 17 3194480 
1900 3 8 1 65130 80531 12 24 4 3194480 
1904 2 5 7 65130 81078 14 22 20 3194480 
1912 0 3 4 65130 81645 20 11 16 3194480 
1918 1 2 1 65130 82225 14 13 10 3194480 
1925 0 0 3 65130 82788 9 11 16 3194480 
1933 0 0 0 65130 83360 8 1 12 3194480 
1940 0 0 0 65130 83925 6 4 1 3194480 
1947 0 0 0 65130 84496 4 6 4 3194480 
1954 0 0 0 65130 85067 7 6 4 3194480 
1962 0 0 0 65130 85642 12 3 9 3194480 
1970 0 0 0 65130 86201 5 11 5 3194480 
1977 0 0 0 65130 86736 17 13 8 3194480 
1984 0 0 0 65130 87295 9 15 12 3194480 
1991 0 0 0 65130 87863 18 4 15 3194480 
1999 0 0 0 65130 88434 17 5 7 3194480 
2006 0 0 0 65130 88994 11 13 5 3194480 
2012 0 0 0 66180 89566 11 8 12 3179980 
2018 0 0 0 66180 90137 9 12 9 3179980 
2025 0 0 0 66180 90717 13 13 4 3179980 
2031 1 0 0 66180 91278 19 14 19 3179980 
2039 1 0 0 66180 91830 16 17 13 3179980 
2047 1 1 0 66180 92381 14 25 17 3179980 
2053 0 1 2 66180 92936 17 19 24 3179980 
2059 0 2 0 66180 93492 20 18 20 3179980 
2062 2 2 1 66180 94049 13 13 22 3179980 
2070 1 1 2 66180 94599 14 19 11 3179980 
2077 1 0 2 66180 95155 20 21 9 3179980 
2084 0 0 1 66180 95720 17 17 24 3179980 
2092 0 0 0 66180 96285 23 14 21 3179980 
2100 0 0 0 66180 96823 31 26 6 3179980 
2107 0 0 0 66180 97386 29 18 34 3179980 
2115 0 0 0 66180 97951 16 19 18 3179980 
2122 0 0 0 66180 98530 14 16 12 3179980 
2130 0 0 0 66180 99105 12 17 14 3179980 
2137 0 0 0 66180 99667 18 11 19 3179980 
2144 0 0 0 66180 100223 21 11 14 3179980 
2152 0 0 0 66180 100784 18 22 17 3179980 
2160 0 0 0 66180 101308 14 24 19 3179980 
2168 0 0 0 66180 101867 8 24 24 3179980 
2176 0 0 0 66180 102415 14 12 21 3179980 
2182 0 0 0 66180 102966 10 16 13 3179980 
2189 0 0 0 66180 103512 14 18 20 3179980 
2196 0 0 0 66180 104036 29 34 16 3179980 
2204 0 0 0 66180 104536 52 30 40 3179980 
2211 0 0 0 66180 105048 45 40 46 3179980 
2219 0 0 0 66180 105595 45 33 38 3179980 
2226 0 0 0 66180 106149 40 23 35 3179980 
2233 0 0 0 66180 106694 42 37 21 3179980 
2241 0 0 0 66180 107238 50 33 30 3179980 
2249 0 0 0 66180 107772 38 54 41 3179980 
2256 0 0 0 66180 108300 57 39 43 3179980 
2543 0 0 0 66180 129923 51 38 43 3179980 
2550 0 0 0 66180 130458 42 59 31 3179980 
2558 0 0 0 66180 130969 72 36 67 3179980 
2565 0 0 0 66180 131483 63 40 47 3179980 
2573 0 0 0 66180 132006 55 53 38 3179980 
2579 0 0 0 66180 132425 79 84 51 3179980 
2587 0 0 0 66180 132872 123 66 88 3179980 
2591 0 0 0 66180 133245 205 112 73 3179980 
2599 0 0 0 66180 133697 212 111 119 3179980 
2607 0 0 0 66180 134033 219 222 124 3179980 
2611 0 0 0 66180 134417 134 254 235 3179980 
2618 1 0 0 66180 134644 374 150 209 3179980 
2625 1 0 0 66180 134946 384 226 192 3179980 
2633 0 1 0 66180 135058 436 343 279 3179980 
2639 0 2 0 66180 135085 513 371 438 3179980 
2642 3 1 2 66180 134982 736 501 319 3179980 
2648 2 2 1 66180 134624 801 760 617 3179980 
2656 0 1 3 66640 133956 1259 806 725 3185770 
2663 1 2 0 66640 133527 1255 1001 799 3185770 
2660 7 6 1 66640 132659 1194 1441 1066 3185770 
2655 11 8 7 66640 131419 1908 1645 911 3185770 
2649 17 11 6 66640 129603 2854 1520 1575 3185770 
2634 15 26 7 66640 128802 1997 2266 1475 3185770 
2613 35 18 18 66640 127850 1598 2518 1690 3185770 
2577 42 33 22 66640 125049 1998 3402 2113 3185770 
2483 74 47 57 66640 121196 4301 3839 1699 3185770 
2426 93 47 47 66640 117294 4396 4486 3750 3185770 
2313 111 91 57 66640 110706 4873 6881 4302 3185770 
2265 90 86 83 66640 101885 7627 6362 7170 3185770 
2187 85 85 91 66640 95065 6187 9643 5566 3185770 
2107 52 127 79 66640 88233 6313 8742 8197 3185770 
2020 88 109 78 66640 79974 7137 8093 8686 3185770 
1965 73 76 110 66640 77198 5394 4500 8711 3185770 
1944 59 65 55 66640 75148 2850 4896 4806 3185770 
1856 65 84 70 66640 70781 4553 4019 4131 3185770 
1778 96 49 91 66640 69805 3241 3399 3500 3185770 
1733 50 89 60 66640 69092 1965 2926 3051 3185770 
1682 69 44 84 66640 68287 1029 1908 3355 3185770 
1661 51 30 61 66640 68049 1173 1198 1399 3185770 
1635 53 29 33 66640 67578 1251 1097 1096 3185770 
1620 46 39 21 66640 66798 1141 1753 845 3185770 
1602 48 34 29 66640 66084 1397 1444 1375 3185770 
1577 37 51 27 66640 65825 1072 1758 863 3185770 
1555 25 47 47 66640 65073 1158 1414 1611 3185770 
1537 18 31 49 66640 64526 1086 1266 1369 3185770 
1536 13 18 28 66640 64704 750 1073 947 3185770 
1542 5 5 23 66640 64762 607 1045 723 3185770 
1548 6 3 3 66640 64934 386 842 841 3185770 
1555 0 3 7 66640 65323 342 631 468 3185770 
1563 0 0 3 66640 65690 269 735 213 3185770 
1571 0 0 0 66640 66060 311 399 531 3185770 
1579 0 0 0 66640 66468 293 265 334 3185770 
1586 1 1 0 66640 66967 191 271 202 3185770 
1891 1 1 1 66640 89083 171 165 265 3185770 
1896 1 0 4 66640 89434 186 225 177 3185770 
1905 0 0 1 66640 89867 207 151 216 3185770 
1913 0 0 0 66640 90340 218 134 133 3185770 
1921 0 0 0 66640 90814 145 213 127 3185770 
1929 0 0 0 66640 91217 238 150 147 3185770 
1937 0 0 0 66640 91704 191 179 132 3185770 
1943 1 0 0 66640 92190 181 135 176 3185770 
1950 1 1 0 66640 92670 109 144 172 3185770 
1959 0 1 1 66640 93125 127 157 118 3185770 
1963 3 2 0 66640 93483 173 155 193 3185770 
1969 4 1 3 66640 93828 222 218 138 3185770 
1977 1 2 2 66640 94169 225 202 260 3185770 
1982 3 0 2 66640 94508 301 198 187 3185770 
1989 1 1 1 66640 95007 152 161 272 3185770 
1996 1 1 1 66640 95454 121 202 116 3185770 
2005 1 0 1 66640 95953 120 157 153 3178870 
2013 1 1 0 66640 96370 145 181 135 3178870 
2020 1 0 1 66640 96911 72 154 179 3178870 
2027 1 0 0 66640 97287 155 170 129 3178870 
2035 1 0 0 66640 97740 118 191 178 3178870 
2040 1 0 1 66640 98146 208 154 157 3178870 
2047 1 2 0 66640 98657 144 222 109 3178870 
2054 2 1 2 66640 99077 187 149 215 3178870 
2061 2 1 0 66640 99562 182 87 188 3178870 
2069 2 1 1 66640 100082 127 105 114 3178870 
2077 1 1 1 66640 100580 139 85 109 3178870 
2086 0 0 2 66640 101148 92 118 52 3178870 
2095 0 0 0 66640 101657 67 89 154 3178870 
2103 0 0 0 66640 102204 50 87 85 3178870 
2112 0 0 0 66640 102673 109 99 55 3178870 
2121 0 0 0 66640 103196 87 59 133 3178870 
2128 0 0 0 66640 103771 36 109 38 3178870 
2137 0 0 0 66640 104307 51 123 60 3178870 
2145 0 0 0 66640 104812 47 104 111 3178870 
2153 0 0 0 66640 105326 61 116 62 3178870 
2160 0 0 0 66640 105792 119 101 87 3178870 
2169 0 0 0 66640 106323 80 113 95 3178870 
2176 0 0 0 66640 106786 119 101 124 3178870 
2184 0 0 0 66640 107259 157 87 109 3178870 
2192 0 0 0 66640 107800 157 98 56 3178870 
2201 0 0 0 66640 108268 173 132 81 3178870 
2210 0 0 0 66640 108691 158 203 129 3178870 
2217 0 0 0 66640 109090 186 197 159 3178870 
2226 0 0 0 66640 109405 307 206 174 3178870 
2233 0 0 0 66640 109854 305 147 211 3178870 
2238 0 0 0 66640 110377 191 92 239 3178870 
2247 0 0 0 66640 110907 119 140 107 3178870 
2256 0 0 0 66640 111360 136 133 135 3178870 
2264 0 0 0 66640 111836 147 95 134 3178870 
2272 0 0 0 66640 112304 108 126 129 3178870 
2281 0 0 0 66640 112859 65 106 117 3178870 
2596 0 0 0 66640 135409 118 91 72 3178870 
2605 0 0 0 66640 135651 222 201 135 3178870 
2614 0 0 0 66640 135986 199 252 226 3178870 
2619 2 0 0 66640 136133 367 238 295 3178870 
2627 3 0 0 66640 136571 253 183 322 3178870 
2635 2 0 2 66640 136783 341 313 174 3178870 
2643 2 0 0 66640 137043 288 284 397 3178870 
2650 1 1 1 66640 137370 275 266 300 3178870 
2656 1 2 1 66640 137608 248 370 253 3178870 
2662 3 2 1 66640 137717 491 233 403 3178870 
2665 4 3 4 66640 137983 425 191 405 3178870 
2670 4 1 6 66640 138231 414 375 167 3178870 
2676 4 1 1 66640 138254 454 481 418 3178870 
2684 1 3 2 66640 137189 1066 859 668 3178870 
2688 1 1 4 66640 136610 905 1327 856 3178870 
2696 1 0 2 66640 136094 1013 1147 1177 3178870 
2703 0 0 1 66690 136204 669 901 1096 3184600 
2711 0 0 0 66690 136345 648 516 869 3184600 
2719 0 1 0 66690 135854 1055 696 492 3184600 
2727 0 0 1 66690 135563 908 1035 717 3184600 
2732 3 0 1 66690 135143 1207 917 856 3184600 
2740 1 1 2 66690 134748 1164 765 1225 3184600 
2743 5 1 1 66690 133731 1448 1339 783 3184600 
2738 8 8 4 66690 132618 1753 1002 1771 3184600 
2726 15 10 11 66690 132503 1176 864 1463 3184600 
2708 19 16 16 66690 131751 1530 1099 781 3184600 
2688 27 25 11 66690 131196 1114 1432 1242 3184600 
2639 48 36 26 66690 130593 1121 1530 1126 3184600 
2592 60 60 20 66690 128928 2029 1475 1436 3184600 
2541 72 47 61 66690 126472 2576 2634 1360 3184600 
2495 63 69 40 66690 123797 3558 1136 3810 3184600 
2430 52 96 57 66690 123356 2652 1947 1166 3184600 
2381 47 64 95 66690 121219 1879 2333 3150 3184600 
2338 63 31 66 66690 119469 2233 2718 1620 3184600 
2288 59 46 46 66690 116892 3367 1836 2926 3184600 
2213 63 73 53 66690 113976 4375 2625 1743 3184600 
2079 85 117 77 66690 110512 4766 3342 2989 3184600 
2020 69 75 126 66690 107189 5486 3850 2719 3184600 
1948 82 87 55 66690 102779 6164 4818 3395 3184600 
1867 80 73 105 66690 98230 5281 6195 4675 3184600 
1803 109 39 77 66690 90880 7880 6460 5109 3184600 
1763 89 67 41 66690 86318 4621 5395 9505 3184600 
1744 71 46 66 66690 81535 4966 3985 6489 3184600 
1709 48 68 44 66690 76971 5919 5110 3109 3184600 
1671 59 50 54 66690 73156 5237 6000 4226 3184600 
1654 48 43 43 66690 69685 4010 7739 3571 3184600 
1617 46 28 62 66690 65580 4115 7625 4737 3184600 
1609 24 41 24 66690 63384 2828 5519 6234 3184600 
1589 29 31 33 66690 62243 2016 3812 4297 3184600 
1589 16 36 17 66690 61508 1589 2316 3286 3184600 
1579 20 35 16 66690 61222 841 2024 1967 3184600 
1572 18 29 24 66690 61070 870 1467 1329 3184600 
1867 19 33 19 66690 83896 984 881 1236 3184600 
1857 21 19 31 66690 83964 1037 763 646 3184600 
1853 16 11 25 66690 83964 556 902 988 3184600 
1853 13 14 8 66690 84015 759 689 594 3184600 
1849 16 11 13 66690 84251 504 438 890 3184600 
1853 14 12 6 66690 84568 223 612 427 3184600 
1850 18 13 7 66690 84526 463 612 457 3184600 
1844 13 16 17 66690 84625 566 662 350 3184600 
1843 16 6 15 66690 84711 679 550 554 3184600 
1832 14 15 13 66690 84655 616 678 621 3184600 
1819 19 16 15 66690 84981 264 629 691 3184600 
1822 13 10 16 66690 85066 584 613 255 3184600 
1811 15 8 19 66690 85108 520 476 793 3184600 
1814 12 4 12 66690 85423 386 601 332 3184600 
