135018 911 1080 0 3375470 
133532 1571 1332 1069 3375470 
131319 2637 2010 942 3375470 
128850 2502 3309 1753 3375470 
125895 3423 2750 3080 3375470 
120960 5372 3526 2701 3375470 
115883 5746 5343 3397 3375470 
111075 4104 6254 6021 3375470 
107862 3332 4785 5930 3375470 
103224 4922 4354 3972 3375470 
99799 3293 3608 6304 3375470 
96138 3685 3847 3513 3375470 
93126 4481 3470 3082 3375470 
90841 4353 3097 3289 3375470 
85442 4075 4605 4667 3375470 
83498 3804 4296 3009 3375470 
82311 2681 3823 3278 3375470 
80066 2144 3134 3963 3375470 
79008 2130 2509 2198 3375470 
77447 1959 2532 2210 3375470 
76729 1614 1065 3034 3375470 
76388 1180 1506 841 3375470 
75936 903 1491 1250 3375470 
75561 942 1130 1201 3375470 
75463 662 956 1068 3375470 
75168 708 840 867 3375470 
75109 573 712 826 3375470 
74877 572 949 497 3375470 
74785 668 746 697 3375470 
74803 609 358 930 3375470 
74929 446 399 502 3375470 
75243 257 305 479 3375470 
75628 184 232 261 3375470 
76036 161 138 220 3375470 
76513 97 93 139 3375470 
76957 49 111 82 3375470 
95720 46 102 80 3375470 
96139 85 64 74 3375470 
96579 48 77 75 3375470 
97023 38 67 69 3375470 
97454 44 62 59 3375470 
97904 49 60 50 3375470 
98350 59 41 65 3375470 
98825 47 62 24 3375470 
99260 56 73 55 3375470 
99682 63 62 76 3375470 
100125 32 69 76 3375470 
100564 43 63 54 3375470 
101025 38 56 50 3375470 
101427 78 70 52 3375470 
101860 46 66 81 3375470 
102298 64 50 55 3375470 
102750 49 56 58 3375470 
103381 41 54 59 3389620 
104052 36 56 37 3389620 
104745 34 33 50 3389620 
105462 43 34 23 3389620 
106137 41 31 45 3389620 
106812 35 30 35 3389620 
107495 37 31 30 3389620 
108190 33 18 38 3389620 
108882 25 34 20 3389620 
109561 23 54 25 3389620 
110221 49 28 44 3389620 
110861 65 45 35 3389620 
111514 61 60 47 3389620 
112196 58 55 68 3389620 
112878 67 44 56 3389620 
113590 38 34 67 3389620 
114278 45 31 35 3389620 
114958 48 34 38 3389620 
115630 36 62 31 3389620 
116271 62 56 60 3389620 
116831 114 139 33 3389620 
117435 77 91 198 3389620 
117950 164 103 98 3389620 
118548 178 103 117 3389620 
119053 186 211 104 3389620 
119563 277 140 173 3389620 
119985 307 237 168 3389620 
120456 382 218 184 3389620 
120847 427 341 144 3389620 
121220 488 302 323 3389620 
121627 451 392 271 3389620 
122055 311 379 453 3389620 
122601 296 226 344 3389620 
123163 176 346 162 3389620 
123635 295 245 247 3389620 
124074 295 205 337 3389620 
150977 216 221 228 3389620 
151360 335 238 200 3389620 
151310 643 381 294 3389620 
151078 892 741 346 3389620 
150956 990 647 830 3389620 
149792 1592 1014 881 3389620 
149376 1365 1032 1319 3389620 
148544 1387 1325 1240 3389620 
148597 1199 1193 940 3389620 
148230 1371 977 1132 3389620 
146364 2294 1778 882 3389620 
144311 2278 2344 2194 3389620 
139434 4921 2582 2726 3389620 
135935 4222 4406 3088 3389620 
133369 3611 3661 4646 3389620 
131270 2736 4265 3087 3389620 
126102 3994 5414 3522 3358000 
123612 3160 5834 3683 3358000 
114548 7822 7599 3406 3358000 
109163 6499 8057 7040 3358000 
102564 8190 8338 5399 3358000 
92756 11614 8871 6636 3358000 
82793 7210 9037 14960 3358000 
78230 8416 5859 7315 3358000 
75422 5376 4306 8188 3358000 
72500 3993 5209 4193 3358000 
68861 3733 4513 5375 3358000 
65644 2707 5912 3630 3358000 
63898 2504 3214 5433 3358000 
63141 1681 3348 2245 3358000 
62158 1816 1805 3179 3358000 
62341 1199 1241 1798 3358000 
62227 846 1364 1129 3358000 
62251 656 1394 928 3358000 
62450 612 999 1023 3358000 
62889 416 756 786 3358000 
63384 301 630 548 3358000 
63997 202 376 533 3358000 
64648 226 172 314 3358000 
65313 190 193 149 3358000 
66042 121 100 219 3358000 
66800 40 86 119 3358000 
67556 38 57 66 3358000 
68328 29 59 38 3358000 
69071 46 46 48 3358000 
69827 54 26 41 3358000 
70614 22 32 31 3358000 
71389 21 17 33 3358000 
72165 12 15 18 3358000 
72950 7 12 17 3358000 
73741 7 7 12 3358000 
74506 9 10 5 3358000 
103560 9 7 8 3358000 
104343 15 3 11 3358000 
105124 14 7 6 3358000 
105899 8 14 9 3358000 
106681 13 12 13 3358000 
107423 19 22 14 3358000 
108175 22 21 18 3358000 
108930 24 19 15 3358000 
109629 27 39 17 3358000 
110375 27 37 29 3358000 
111103 35 52 32 3358000 
111774 56 73 47 3358000 
112441 83 54 70 3358000 
113139 67 116 42 3358000 
113837 80 80 104 3358000 
114527 86 62 74 3358000 
115183 91 49 65 3363000 
115767 114 71 50 3363000 
116319 115 76 96 3363000 
116861 133 80 88 3363000 
117349 157 101 142 3363000 
117815 203 134 121 3363000 
118331 207 135 152 3363000 
118844 242 99 154 3363000 
119350 221 172 101 3363000 
119745 234 135 283 3363000 
120292 201 127 156 3363000 
120840 184 168 93 3363000 
121260 171 207 209 3363000 
121652 266 174 215 3363000 
122146 284 165 151 3363000 
122686 207 142 234 3363000 
123260 99 196 158 3363000 
123640 230 154 189 3363000 
124190 169 159 146 3363000 
124657 184 260 84 3363000 
125114 244 161 240 3363000 
125456 306 252 176 3363000 
125739 339 361 228 3363000 
126058 306 370 372 3363000 
126345 396 398 242 3363000 
126429 594 431 322 3363000 
126043 775 854 453 3363000 
124626 1538 1104 1047 3363000 
123973 1080 1654 1226 3363000 
123483 1238 1036 1596 3363000 
123201 817 1612 774 3363000 
122466 1061 1407 1337 3363000 
122336 879 766 1609 3363000 
122200 589 896 950 3363000 
122176 808 529 836 3363000 
122038 610 981 545 3363000 
145644 1138 680 1112 3363000 
145479 863 746 1018 3363000 
144774 1405 892 695 3363000 
143609 1612 1750 725 3363000 
140367 2366 3202 1681 3363000 
137116 3240 2830 3382 3363000 
133429 4088 3003 3323 3363000 
130227 3309 3786 3826 3363000 
128535 2689 3851 2897 3363000 
125610 3187 2637 4280 3363000 
123308 2692 3714 2365 3363000 
117646 4161 5577 2986 3363000 
114361 3298 3942 6421 3363000 
108627 5769 4052 3825 3363000 
102853 5923 5205 5144 3363000 
95553 6413 5488 7171 3363000 
93697 3049 6277 5103 3343000 
89540 5121 4257 4746 3343000 
86218 4350 4300 4666 3343000 
83422 3081 4953 4014 3343000 
80823 3515 2590 5121 3343000 
79119 3787 3307 1341 3343000 
76795 2214 3077 4765 3343000 
75608 1568 2855 2675 3343000 
74571 1313 2615 2147 3343000 
71328 2729 3282 1794 3343000 
70567 2017 1658 3711 3343000 
70567 1638 1453 1215 3343000 
70511 1167 853 1755 3343000 
70708 847 730 883 3343000 
70850 765 638 652 3343000 
71084 612 544 638 3343000 
71441 488 421 510 3343000 
71874 369 387 354 3343000 
72359 319 309 273 3343000 
72823 235 253 302 3343000 
73241 243 297 162 3343000 
73727 203 201 276 3343000 
74174 159 252 179 3343000 
74666 142 174 236 3343000 
75157 173 162 107 3343000 
75543 114 279 163 3343000 
75933 180 250 194 3343000 
76380 190 209 213 3343000 
76863 219 120 211 3343000 
77446 126 166 92 3343000 
78005 96 117 155 3343000 
78606 57 65 127 3343000 
79174 63 46 73 3343000 
79755 50 47 44 3343000 
80348 38 48 57 3343000 
80974 22 31 49 3343000 
104197 20 18 39 3343000 
104789 26 18 24 3343000 
105373 26 16 17 3343000 
105971 18 14 25 3343000 
106572 13 21 18 3343000 
107153 22 28 19 3343000 
107721 29 38 34 3343000 
108306 25 29 43 3343000 
108910 23 20 24 3343000 
109507 20 26 14 3343000 
110106 28 31 13 3343000 
110666 38 23 42 3343000 
111247 37 29 23 3343000 
111807 67 28 28 3343000 
112373 43 69 23 3343000 
112893 68 50 63 3343000 
113453 56 59 51 3322000 
113901 80 88 31 3322000 
114266 207 136 57 3322000 
114635 215 201 136 3322000 
114915 333 111 253 3322000 
115235 352 195 119 3322000 
115597 277 268 219 3322000 
115821 333 217 353 3322000 
115788 655 335 174 3322000 
115438 831 536 547 3322000 
115395 787 757 436 3322000 
115000 858 922 732 3322000 
114999 925 676 785 3322000 
114696 891 937 647 3322000 
114130 1082 1355 559 3322000 
113587 886 1600 1088 3322000 
112464 1458 1260 1479 3322000 
111587 1618 1480 1084 3322000 
109907 2268 1319 1786 3322000 
107872 2597 2669 952 3322000 
105084 3326 3699 1607 3322000 
100086 4717 4929 2944 3322000 
97814 4278 3858 4358 3322000 
94184 5405 3920 3025 3322000 
91146 4101 3310 5532 3322000 
89856 3829 2395 3073 3322000 
87659 2983 3546 2496 3322000 
85544 3661 2653 2906 3322000 
82915 3693 3634 2200 3322000 
82227 2080 2531 3989 3322000 
81155 1872 2594 1819 3322000 
80135 2058 1506 2515 3322000 
79979 841 2134 1336 3322000 
79295 896 2522 832 3322000 
79115 901 1563 1723 3322000 
79207 682 1145 1141 3322000 
100499 575 777 1239 3322000 
100310 646 832 649 3322000 
100285 507 794 785 3322000 
99951 722 782 720 3322000 
99767 857 561 837 3322000 
99290 993 878 589 3322000 
99449 679 972 641 3322000 
98793 942 1452 499 3322000 
98724 658 1021 1355 3322000 
98499 844 962 669 3322000 
98339 747 1005 787 3322000 
97857 1199 743 891 3322000 
97383 937 1338 719 3322000 
96965 1410 770 1106 3322000 
95826 1995 690 1223 3322000 
95670 1294 1125 991 3322000 
95240 822 1336 1293 3322000 
95303 720 908 1044 3295000 
95433 729 674 668 3295000 
95543 618 784 432 3295000 
94664 1312 1056 483 3295000 
94104 1409 1205 887 3295000 
93960 1336 835 1164 3295000 
93995 760 1002 943 3295000 
93812 1007 512 1002 3295000 
93624 654 1141 481 3295000 
93695 403 892 996 3295000 
93720 482 597 761 3295000 
94042 522 246 564 3295000 
94422 408 300 247 3295000 
94719 286 346 344 3295000 
94934 345 418 233 3295000 
95075 317 562 324 3295000 
95267 471 465 318 3295000 
95503 560 408 314 3295000 
95876 363 362 440 3295000 
96228 245 257 442 3295000 
96524 261 145 345 3295000 
96974 201 160 150 3295000 
97429 166 132 180 3295000 
97920 101 96 197 3295000 
98369 107 89 130 3295000 
98830 120 103 91 3295000 
99129 189 119 190 3295000 
99568 210 93 128 3295000 
100019 145 178 109 3295000 
100477 110 185 132 3295000 
100979 97 124 158 3295000 
101492 61 102 107 3295000 
101986 77 85 80 3295000 
102485 80 77 81 3295000 
103013 71 58 66 3295000 
124479 61 59 64 3295000 
124975 60 56 64 3295000 
125443 90 80 53 3295000 
125911 111 89 56 3295000 
126340 146 119 74 3295000 
126621 160 255 111 3295000 
126957 229 152 260 3295000 
127375 208 166 178 3295000 
127830 174 138 164 3295000 
128245 117 211 129 3295000 
128567 198 221 154 3295000 
128852 215 238 214 3295000 
129208 172 294 187 3295000 
129523 211 257 248 3295000 
129758 256 240 298 3295000 
130079 306 121 304 3295000 
130504 247 204 127 3295000 
130796 170 250 277 3273000 
131230 128 221 198 3273000 
131306 327 271 221 3273000 
131386 317 449 293 3273000 
131112 510 768 307 3273000 
130728 654 743 817 3273000 
129356 1772 866 664 3273000 
128773 1401 1156 1215 3273000 
128278 1449 1215 957 3273000 
126343 2001 2048 1101 3273000 
125632 1078 1630 2622 3273000 
123488 2129 1922 1346 3273000 
121634 2883 2419 1163 3273000 
120220 2193 2357 2712 3273000 
119357 1954 2427 1586 3273000 
116773 2574 2476 2480 3273000 
115332 2205 2088 2731 3273000 
114061 2307 2076 1742 3273000 
112088 1898 3092 1921 3273000 
109573 2469 3093 2499 3273000 
106897 3749 3104 1954 3273000 
103380 4890 3258 2778 3273000 
101101 4328 2229 4437 3273000 
99746 1812 3575 3079 3273000 
97451 2996 2339 2919 3273000 
93931 3585 3697 2137 3273000 
92361 3486 2076 3841 3273000 
90606 2641 3008 2235 3273000 
89591 2166 1349 3722 3273000 
89446 1408 1098 1714 3273000 
89277 1223 1129 885 3273000 
89106 805 1351 936 3273000 
89119 879 741 1089 3273000 
89107 872 611 721 3273000 
89062 802 843 452 3273000 
89134 770 739 630 3273000 
109739 706 445 850 3273000 
109800 498 780 364 3273000 
109558 636 775 678 3273000 
109354 927 675 577 3273000 
109042 965 692 816 3273000 
108583 1139 889 630 3273000 
107741 1156 1076 1204 3273000 
107652 952 1004 920 3273000 
107252 866 826 1214 3273000 
106805 852 584 1246 3273000 
105532 1458 1067 738 3273000 
104925 1319 1273 1075 3273000 
103861 2162 993 1065 3273000 
101732 2257 2292 1287 3273000 
99485 1656 4090 1626 3273000 
97982 1939 1997 3873 3273000 
97010 1853 1747 1852 3253880 
96079 1773 1676 1632 3253880 
95316 1616 1254 1896 3253880 
94687 1382 1563 1118 3253880 
93245 1893 1743 1293 3253880 
91418 1312 3321 1386 3253880 
89482 2493 2217 2409 3253880 
87988 2720 1932 2105 3253880 
87090 2045 1985 2073 3253880 
84969 2544 2120 2059 3253880 
83680 2487 1439 2595 3253880 
83090 1419 1470 2182 3253880 
82036 1977 1461 1070 3253880 
81127 2145 1530 1231 3253880 
80462 1769 1933 1189 3253880 
80006 1477 1931 1307 3253880 
79000 1462 2269 1244 3253880 
77722 1862 1905 1784 3253880 
77163 1343 1882 1672 3253880 
76850 1269 1217 1618 3253880 
76672 1018 1052 1163 3253880 
76538 864 990 913 3253880 
76286 943 801 922 3253880 
76513 635 542 886 3253880 
76434 529 543 738 3253880 
76485 571 510 500 3253880 
76399 631 416 693 3253880 
76607 387 363 655 3253880 
76992 257 338 334 3253880 
77311 247 299 282 3253880 
77718 192 353 159 3253880 
77953 291 303 274 3253880 
78343 234 330 201 3253880 
78760 198 341 173 3253880 
79032 151 284 383 3253880 
79468 160 139 267 3253880 
100323 145 164 92 3253880 
100554 297 237 116 3253880 
100769 325 264 281 3253880 
101044 205 468 191 3253880 
101101 463 277 429 3253880 
101134 513 357 377 3253880 
101325 377 357 484 3253880 
101422 551 311 335 3253880 
101666 437 365 365 3253880 
101852 372 394 420 3253880 
102109 327 431 296 3253880 
102325 429 306 371 3253880 
102338 426 636 204 3253880 
101658 1176 596 518 3253880 
101297 1014 901 758 3253880 
101489 782 642 860 3253880 
101161 772 752 781 3225000 
101389 578 745 538 3225000 
100590 869 970 841 3225000 
100152 836 1028 959 3225000 
99536 1017 1130 890 3225000 
99205 1194 1148 692 3225000 
98193 1795 881 1229 3225000 
97486 1384 1502 1036 3225000 
96424 1757 1481 1266 3225000 
95717 1150 2258 1079 3225000 
92691 3091 2207 1686 3225000 
89715 3360 3201 2282 3225000 
88402 3265 1471 3700 3225000 
87922 2921 1718 1125 3225000 
86559 2411 2445 1712 3225000 
85545 1303 2995 2128 3225000 
84164 2075 1643 2517 3225000 
81607 2178 3260 1375 3225000 
80383 2044 2271 2903 3225000 
79299 1964 1324 2671 3225000 
78325 1547 2133 1135 3225000 
78016 1223 1393 1937 3225000 
77248 1440 941 1569 3225000 
77064 909 1095 1113 3225000 
77305 702 582 1042 3225000 
77331 708 555 546 3225000 
77536 613 673 341 3225000 
77745 445 545 654 3225000 
77719 402 930 234 3225000 
77797 500 388 925 3225000 
78181 264 401 395 3225000 
78504 177 327 391 3225000 
78835 219 267 238 3225000 
79275 173 325 110 3225000 
79734 209 173 218 3225000 
80134 190 234 132 3225000 
100846 173 177 217 3225000 
101106 243 276 117 3225000 
101488 166 193 338 3225000 
101829 224 212 137 3225000 
101886 417 328 179 3225000 
102177 301 277 428 3225000 
102516 286 152 360 3225000 
102715 362 201 220 3225000 
103100 250 271 205 3225000 
103373 255 359 184 3225000 
103721 198 250 358 3225000 
103980 295 206 243 3225000 
104305 246 166 324 3225000 
104616 245 209 194 3225000 
104985 228 222 193 3225000 
105332 242 225 187 3225000 
105562 227 293 248 3204000 
105719 362 333 213 3204000 
105916 428 294 311 3204000 
105761 561 536 328 3204000 
105623 628 688 453 3204000 
105121 815 665 869 3204000 
105136 678 767 566 3204000 
104740 1002 656 712 3204000 
104229 1231 1075 416 3204000 
104092 918 925 1135 3204000 
103725 768 950 1034 3204000 
103098 987 764 1148 3204000 
103106 610 954 714 3204000 
101987 1535 1164 526 3204000 
101647 1655 726 1183 3204000 
101317 867 1409 956 3204000 
101266 756 921 1194 3204000 
101095 860 666 874 3204000 
100597 1064 808 696 3204000 
100611 966 935 501 3204000 
100640 593 915 906 3204000 
100113 818 733 1029 3204000 
100154 554 589 901 3204000 
100293 448 646 460 3204000 
100064 752 484 627 3204000 
100096 553 731 463 3204000 
99306 1209 1034 372 3204000 
97724 1662 1653 1052 3204000 
96318 1980 2305 991 3204000 
95569 1544 2144 1895 3204000 
95213 1446 1877 1249 3204000 
94528 1468 1945 1150 3204000 
93995 1027 2213 1256 3204000 
93818 754 1386 1837 3204000 
93122 1119 1448 804 3204000 
92815 759 1094 1579 3204000 
112811 563 905 854 3204000 
112406 843 620 956 3204000 
112166 939 453 833 3204000 
112220 647 694 538 3204000 
111989 544 1029 543 3204000 
111302 1007 867 936 3204000 
110422 1610 756 916 3204000 
109919 1228 1168 1001 3204000 
109059 1357 1150 1278 3204000 
106424 1487 2683 1517 3204000 
105752 987 2077 2328 3204000 
104030 2126 1736 1445 3204000 
102835 911 2653 2030 3204000 
100144 2790 1988 2020 3204000 
98539 2225 3014 1691 3204000 
96293 1850 3978 2204 3204000 
94081 2278 3447 2830 3194480 
92752 2365 2609 2639 3194480 
90496 2229 3715 1866 3194480 
88755 2651 2869 2742 3194480 
86473 2812 2327 3232 3194480 
82906 3383 2060 3841 3194480 
80769 3863 2111 2177 3194480 
78494 3004 2861 2960 3194480 
77047 1865 2475 3558 3194480 
76392 1759 2094 1719 3194480 
75098 1629 2299 1802 3194480 
74105 2276 1617 1583 3194480 
73593 1529 1522 1930 3194480 
73512 1171 1418 1113 3194480 
73187 1115 719 1654 3194480 
73242 549 697 1120 3194480 
73594 444 597 432 3194480 
73844 226 528 612 3194480 
74088 318 397 382 3194480 
74394 250 375 364 3194480 
74815 198 248 345 3194480 
75266 165 196 196 3194480 
75635 164 228 185 3194480 
75917 235 251 194 3194480 
76214 262 252 259 3194480 
76577 277 272 183 3194480 
76919 280 253 227 3194480 
77273 290 211 259 3194480 
77551 351 283 166 3194480 
77907 263 313 277 3194480 
78227 184 242 409 3194480 
78588 290 213 145 3194480 
79079 161 241 187 3194480 
79590 156 122 200 3194480 
80103 145 86 101 3194480 
80642 61 51 160 3194480 
102049 37 49 41 3194480 
102574 61 48 23 3194480 
103016 80 68 75 3194480 
103455 96 99 74 3194480 
103894 105 109 115 3194480 
104358 75 123 110 3194480 
104757 118 127 104 3194480 
105166 119 158 127 3194480 
105441 326 90 154 3194480 
105872 226 250 90 3194480 
106122 282 288 216 3194480 
106297 345 393 211 3194480 
106567 297 458 272 3194480 
106750 336 361 435 3194480 
106844 432 457 270 3194480 
106968 311 534 488 3194480 
107185 332 399 461 3194480 
107462 322 374 320 3179980 
107663 425 324 309 3179980 
107773 439 430 338 3179980 
107912 434 367 491 3179980 
108103 475 389 293 3179980 
108292 349 444 451 3179980 
108590 349 295 442 3179980 
108464 542 449 340 3179980 
108259 820 502 445 3179980 
108127 687 645 678 3179980 
107980 752 581 735 3179980 
107820 590 740 736 3179980 
107755 449 823 701 3179980 
107459 594 736 805 3179980 
106776 1292 724 566 3179980 
106706 944 1171 547 3179980 
106696 784 1213 696 3179980 
106272 1054 1155 780 3179980 
105274 1503 1430 845 3179980 
103903 1688 1548 1645 3179980 
101904 2726 1665 1425 3179980 
101006 1738 1401 2714 3179980 
99307 2183 1964 1271 3179980 
97295 2774 2131 1832 3179980 
95422 2758 1951 2643 3179980 
94047 2493 1821 2344 3179980 
93372 1860 2072 1636 3179980 
90139 2740 3543 1455 3179980 
89017 2316 3121 2560 3179980 
88649 1731 1980 2678 3179980 
88030 1436 1609 1850 3179980 
87698 1100 1585 1273 3179980 
87400 801 1397 1349 3179980 
87364 739 814 1266 3179980 
87208 875 874 537 3179980 
108268 583 759 1007 3179980 
108192 744 522 731 3179980 
108115 939 338 625 3179980 
108417 771 461 311 3179980 
108395 756 544 503 3179980 
108319 753 705 486 3179980 
108182 656 811 676 3179980 
108031 776 616 778 3179980 
108310 528 382 782 3179980 
108494 425 491 391 3179980 
108268 719 642 352 3179980 
108236 660 697 603 3179980 
108284 639 707 551 3179980 
108001 928 774 477 3179980 
107968 939 827 538 3179980 
107747 1095 477 971 3179980 
107235 1052 884 720 3179980 
107175 1081 545 946 3185770 
106472 1494 898 533 3185770 
105777 1389 1261 1036 3185770 
104027 2097 1355 1553 3185770 
102077 2179 2446 1371 3185770 
100554 2565 1276 2879 3185770 
98698 3166 1448 1665 3185770 
98098 2231 1653 1921 3185770 
96285 2659 2064 1536 3185770 
94447 2360 3132 1654 3185770 
93027 2566 2262 2675 3185770 
90685 2669 2471 2621 3185770 
86945 4392 3193 1890 3185770 
85512 2063 4016 3546 3185770 
82299 3694 3608 2592 3185770 
81178 1493 4175 3342 3185770 
79758 1262 3714 2695 3185770 
77524 2746 3142 1916 3185770 
75179 3755 2940 2140 3185770 
73632 1903 3222 3729 3185770 
72733 1237 2862 2522 3185770 
71071 1597 2517 2245 3185770 
70047 1471 2615 1648 3185770 
68660 1463 2631 1980 3185770 
68118 1475 1822 1944 3185770 
67704 1480 1353 1480 3185770 
67457 989 1147 1549 3185770 
67480 838 1032 833 3185770 
66909 701 1324 1020 3185770 
67020 605 942 976 3185770 
67027 553 734 850 3185770 
67213 437 530 730 3185770 
67555 273 376 588 3185770 
67986 212 235 372 3185770 
68461 166 238 169 3185770 
68947 154 181 184 3185770 
90951 244 163 176 3185770 
91385 180 198 198 3185770 
91687 261 223 170 3185770 
92086 212 224 239 3185770 
92366 175 283 291 3185770 
92679 274 258 214 3185770 
93140 208 165 294 3185770 
93648 116 169 165 3185770 
94087 133 143 153 3185770 
94461 171 140 169 3185770 
94987 127 118 143 3185770 
95495 100 93 147 3185770 
96043 58 109 80 3185770 
96560 65 73 116 3185770 
97032 77 89 95 3185770 
97573 52 87 83 3185770 
98112 53 58 82 3178870 
98680 52 39 61 3178870 
99175 69 100 44 3178870 
99678 90 93 82 3178870 
100140 100 84 125 3178870 
100637 146 62 86 3178870 
101092 143 123 86 3178870 
101559 180 160 51 3178870 
102093 91 146 172 3178870 
102598 99 116 129 3178870 
103073 96 104 125 3178870 
103587 65 149 70 3178870 
103985 126 99 173 3178870 
104468 147 91 92 3178870 
104948 128 89 133 3178870 
105480 93 91 84 3178870 
106026 75 71 98 3178870 
106496 114 78 76 3178870 
107020 110 88 70 3178870 
107453 164 161 52 3178870 
107864 211 139 170 3178870 
108286 166 169 181 3178870 
108533 269 204 210 3178870 
108849 341 202 172 3178870 
109267 138 279 290 3178870 
109565 202 287 227 3178870 
109524 470 399 233 3178870 
109677 486 419 412 3178870 
109949 516 306 412 3178870 
109995 534 510 333 3178870 
110263 323 566 492 3178870 
110531 276 508 438 3178870 
110603 465 506 337 3178870 
110849 372 484 462 3178870 
111161 367 265 512 3178870 
111591 203 371 235 3178870 
133909 193 334 373 3178870 
133984 447 359 231 3178870 
133894 457 530 485 3178870 
133855 510 638 444 3178870 
133574 750 645 615 3178870 
132919 830 613 1214 3178870 
132390 1085 892 605 3178870 
131394 1512 1505 553 3178870 
129429 2717 2180 654 3178870 
127522 2891 1951 2567 3178870 
125502 3156 1985 2310 3178870 
123190 3598 2446 2017 3178870 
119905 2879 4199 2834 3178870 
116385 3573 2435 5190 3178870 
114154 3671 2670 2502 3178870 
111650 1823 4547 3061 3178870 
107121 4869 2940 3695 3184600 
105197 5099 3147 2116 3184600 
101211 5296 4087 3486 3184600 
97193 3872 5671 4475 3184600 
91507 6625 4069 5144 3184600 
86470 7788 5395 3186 3184600 
83039 5421 5951 5872 3184600 
81755 2502 5698 5081 3184600 
77408 3986 4676 4493 3184600 
72120 5140 6805 2647 3184600 
69976 4230 5577 4921 3184600 
67689 4380 3506 4842 3184600 
65598 4249 3809 2549 3184600 
63812 3773 2942 3768 3184600 
62280 4270 1917 2705 3184600 
62115 2303 2065 2626 3184600 
62084 1790 1532 1714 3184600 
61620 1669 1726 1016 3184600 
61331 1200 1508 1602 3184600 
60392 1304 1938 1029 3184600 
58909 1815 2153 1405 3184600 
57600 1830 2347 1736 3184600 
57254 1629 1918 1618 3184600 
56383 1535 2307 1210 3184600 
55698 1728 1564 1877 3184600 
55076 1685 1829 1048 3184600 
55136 799 1533 1764 3184600 
54865 895 1477 878 3184600 
54944 680 889 1365 3184600 
55319 514 691 630 3184600 
55764 226 399 783 3184600 
56196 218 409 196 3184600 
56695 165 315 290 3184600 
57264 83 292 178 3184600 
57808 100 159 200 3184600 
58374 77 143 119 3184600 
81913 63 64 140 3184600 
82503 64 29 79 3184600 
83119 40 48 30 3184600 
83710 44 37 48 3184600 
84319 42 24 43 3184600 
84928 43 26 21 3184600 
85529 47 27 20 3184600 
86159 25 27 35 3184600 
86776 19 27 27 3184600 
87367 40 29 16 3184600 
87970 39 41 22 3184600 
88573 51 23 38 3184600 
89190 27 40 24 3184600 
89758 51 49 28 3184600 
