1819 100 100 0 64980 94513 150 150 0 3375470 
1783 47 89 107 64980 94953 124 125 119 3375470 
1722 79 55 70 64980 95327 162 110 97 3375470 
1683 59 80 43 64980 95706 117 141 121 3375470 
1642 38 98 51 64980 96021 142 138 164 3375470 
1533 97 98 58 64980 96431 123 100 139 3375470 
1514 37 87 97 64980 96857 86 81 126 3375470 
1490 35 53 68 64980 97268 71 82 75 3375470 
1462 33 46 45 64980 97691 83 85 75 3375470 
1456 29 32 33 64980 98097 76 106 77 3375470 
1443 24 40 18 64980 98487 90 101 111 3375470 
1418 27 46 24 64980 98901 85 96 92 3375470 
1413 23 24 40 64980 99321 87 106 73 3375470 
1413 22 17 16 64980 99743 49 83 136 3375470 
1410 13 19 17 64980 100162 58 68 76 3375470 
1413 11 10 17 64980 100617 44 49 79 3375470 
1412 8 8 13 64980 101095 30 31 56 3375470 
1417 6 4 8 64980 101564 29 18 30 3375470 
1418 6 3 7 64980 102037 18 38 20 3375470 
1426 3 4 2 64980 102500 25 35 27 3375470 
1433 1 5 2 64980 102967 25 26 27 3375470 
1442 1 2 3 64980 103418 24 17 33 3375470 
1450 0 0 3 64980 103879 10 33 9 3375470 
1459 0 0 0 64980 104342 15 30 22 3375470 
1467 0 0 0 64980 104784 16 26 30 3375470 
1474 0 0 0 64980 105239 34 24 28 3375470 
1482 0 0 0 64980 105705 37 21 36 3375470 
1489 0 0 0 64980 106175 30 17 24 3375470 
1496 0 0 0 64980 106663 15 28 16 3375470 
1504 0 0 0 64980 107126 17 20 25 3375470 
1511 0 0 0 64980 107566 9 20 18 3375470 
1519 0 0 0 64980 108033 12 12 17 3375470 
1528 0 0 0 64980 108511 9 11 10 3375470 
1536 0 0 0 64980 108999 7 8 8 3375470 
1544 0 0 0 64980 109453 7 10 6 3375470 
1552 0 0 0 64980 109936 8 5 10 3375470 
1849 0 0 0 64980 128777 4 7 5 3375470 
1857 0 0 0 64980 129246 12 10 4 3375470 
1866 0 0 0 64980 129732 24 3 9 3375470 
1872 0 0 0 64980 130214 18 10 17 3375470 
1880 0 0 0 64980 130698 22 15 6 3375470 
1888 0 0 0 64980 131186 12 28 13 3375470 
1895 0 0 0 64980 131639 16 22 17 3375470 
1903 0 0 0 64980 132105 23 26 16 3375470 
1912 0 0 0 64980 132578 10 10 32 3375470 
1920 0 0 0 64980 133066 19 5 10 3375470 
1929 0 0 0 64980 133538 12 5 11 3375470 
1937 0 0 0 64980 134000 17 6 10 3375470 
1943 0 0 0 64980 134467 11 15 5 3375470 
1952 0 0 0 64980 134921 26 26 12 3375470 
1959 0 0 0 64980 135389 26 21 27 3375470 
1965 0 0 0 64980 135844 25 28 20 3375470 
1974 0 0 0 64980 136291 28 33 34 3375470 
1986 0 0 0 65690 136936 16 33 31 3389620 
1999 0 0 0 65690 137632 30 25 19 3389620 
2010 0 0 0 65690 138309 47 27 21 3389620 
2023 0 0 0 65690 138970 48 48 32 3389620 
2036 0 0 0 65690 139607 44 69 52 3389620 
2050 0 0 0 65690 140271 29 74 81 3389620 
2062 0 0 0 65690 140913 68 64 47 3389620 
2075 0 0 0 65690 141582 61 46 90 3389620 
2088 0 0 0 65690 142211 89 63 38 3389620 
2098 0 0 0 65690 142871 84 52 81 3389620 
2112 0 0 0 65690 143484 96 85 64 3389620 
2124 0 0 0 65690 144076 134 80 73 3389620 
2135 0 0 0 65690 144583 146 171 71 3389620 
2147 0 0 0 65690 145039 213 230 135 3389620 
2160 0 0 0 65690 145442 201 311 229 3389620 
2173 0 0 0 65690 145891 223 270 239 3389620 
2185 0 0 0 65690 146417 266 188 229 3389620 
2199 0 0 0 65690 146792 356 272 168 3389620 
2212 0 0 0 65690 147016 419 422 281 3389620 
2226 0 0 0 65690 147054 570 444 508 3389620 
2239 0 0 0 65690 147213 739 466 368 3389620 
2252 0 0 0 65690 147310 663 435 739 3389620 
2264 0 0 0 65690 146964 668 594 891 3389620 
2276 0 0 0 65690 147219 527 697 508 3389620 
2289 0 0 0 65690 146943 815 718 688 3389620 
2302 0 0 0 65690 147061 674 969 489 3389620 
2316 0 0 0 65690 146372 1146 1209 711 3389620 
2329 0 0 0 65690 145161 1652 1823 810 3389620 
2343 0 0 0 65690 144471 1167 2016 1715 3389620 
2356 0 0 0 65690 144531 867 1358 1614 3389620 
2369 0 0 0 65690 144151 1013 1323 989 3389620 
2382 0 0 0 65690 142762 1533 2250 671 3389620 
2394 0 0 0 65690 142150 1629 1376 2102 3389620 
2408 0 0 0 65690 142168 1029 910 1730 3389620 
2419 0 0 0 65690 142328 483 1098 893 3389620 
2432 0 0 0 65690 142600 438 534 1065 3389620 
2912 0 0 0 65690 169168 524 649 345 3389620 
2924 0 0 0 65690 168786 681 942 649 3389620 
2935 0 0 0 65690 167976 1174 924 1047 3389620 
2948 0 0 0 65690 168088 698 1161 856 3389620 
2962 0 0 0 65690 167007 1125 1004 1526 3389620 
2973 0 0 0 65690 166481 913 1300 1156 3389620 
2987 0 0 0 65690 165344 1163 1663 1237 3389620 
3000 0 0 0 65690 164854 1442 1287 1291 3389620 
3013 0 0 0 65690 164320 1312 1691 962 3389620 
3027 0 0 0 65690 162934 1775 2357 989 3389620 
3038 0 0 0 65690 161860 2250 1191 2472 3389620 
3052 0 0 0 65690 159641 3053 2232 1087 3389620 
3065 0 0 0 65690 156303 4037 3107 2169 3389620 
3076 0 0 0 65690 153777 3746 3016 3612 3389620 
3088 0 0 0 65690 150548 4582 3386 2714 3389620 
3101 0 0 0 65690 148681 4274 2996 3266 3389620 
3114 0 0 0 65090 145988 4093 3538 3056 3358000 
3127 0 0 0 65090 143774 3841 3931 2836 3358000 
3141 0 0 0 65090 141830 3260 3257 3954 3358000 
3155 0 0 0 65090 135491 5162 3580 4881 3358000 
3167 0 0 0 65090 131824 5189 4042 3930 3358000 
3180 0 0 0 65090 126210 5465 4912 5252 3358000 
3191 0 0 0 65090 121216 7404 4318 4418 3358000 
3205 0 0 0 65090 114878 7312 7650 3870 3358000 
3217 0 0 0 65090 111041 4608 6382 8584 3358000 
3229 0 0 0 65090 107428 4620 5794 4953 3358000 
3241 0 0 0 65090 104068 4105 5500 4931 3358000 
3255 0 0 0 65090 100912 4951 3333 5254 3358000 
3269 0 0 0 65090 99500 3523 3757 3191 3358000 
3282 0 0 0 65090 96655 4819 2639 3455 3358000 
3294 0 0 0 65090 96335 3628 2854 2072 3358000 
3307 0 0 0 65090 95734 2767 2364 2731 3358000 
3320 0 0 0 65090 95591 1916 1253 2879 3358000 
3331 0 0 0 65090 95368 1087 1655 1420 3358000 
3344 0 0 0 65090 94650 1242 1610 1386 3358000 
3356 0 0 0 65090 94264 1201 1707 1126 3358000 
3369 0 0 0 65090 93601 938 2208 1212 3358000 
3382 0 0 0 65090 93290 892 1424 1936 3358000 
3394 0 0 0 65090 93337 599 1460 976 3358000 
3407 0 0 0 65090 92535 1531 1322 791 3358000 
3420 0 0 0 65090 92449 1098 1517 1116 3358000 
3433 0 0 0 65090 91718 1374 1649 1102 3358000 
3445 0 0 0 65090 91297 1340 1473 1434 3358000 
3456 0 0 0 65090 91229 834 1683 1151 3358000 
3469 0 0 0 65090 90931 1166 1010 1434 3358000 
3481 0 0 0 65090 91332 888 837 847 3358000 
3494 0 0 0 65090 91727 589 650 848 3358000 
3507 0 0 0 65090 92340 236 697 483 3358000 
3519 0 0 0 65090 92722 377 403 558 3358000 
3531 0 0 0 65090 93281 250 300 450 3358000 
3543 0 0 0 65090 93959 174 233 248 3358000 
3555 0 0 0 65090 94638 124 199 182 3358000 
4046 0 0 0 65090 123484 174 156 180 3358000 
4055 0 0 0 65090 124134 157 181 125 3358000 
4068 0 0 0 65090 124734 169 128 201 3358000 
4080 0 0 0 65090 125364 139 135 160 3358000 
4093 0 0 0 65090 125937 200 115 169 3358000 
4105 0 0 0 65090 126538 153 165 157 3358000 
4116 0 0 0 65090 127016 225 167 214 3358000 
4129 0 0 0 65090 127690 180 117 192 3358000 
4140 0 0 0 65090 128360 102 193 92 3358000 
4150 0 0 0 65090 129024 60 166 188 3358000 
4163 0 0 0 65090 129623 138 155 107 3358000 
4175 0 0 0 65090 130339 110 57 192 3358000 
4188 0 0 0 65090 131032 82 90 88 3358000 
4200 0 0 0 65090 131740 74 58 112 3358000 
4214 0 0 0 65090 132473 42 67 58 3358000 
4227 0 0 0 65090 133187 58 39 72 3358000 
4238 0 0 0 64800 133849 42 53 49 3363000 
4248 0 0 0 64800 134475 32 33 59 3363000 
4258 0 0 0 64800 135109 36 24 31 3363000 
4267 0 0 0 64800 135738 30 31 33 3363000 
4277 0 0 0 64800 136348 37 53 16 3363000 
4287 0 0 0 64800 136946 57 49 27 3363000 
4298 0 0 0 64800 137535 47 35 71 3363000 
4310 0 0 0 64800 138153 46 36 48 3363000 
4320 0 0 0 64800 138778 42 50 33 3363000 
4329 0 0 0 64800 139383 41 44 48 3363000 
4340 0 0 0 64800 139986 60 41 50 3363000 
4351 0 0 0 64800 140571 73 68 32 3363000 
4361 0 0 0 64800 141156 103 43 73 3363000 
4372 0 0 0 64800 141747 104 56 50 3363000 
4380 0 0 0 64800 142324 135 48 59 3363000 
4391 0 0 0 64800 142890 86 85 93 3363000 
4401 0 0 0 64800 143516 16 88 94 3363000 
4412 0 0 0 64800 144098 60 30 77 3363000 
4423 0 0 0 64800 144695 58 42 46 3363000 
4433 0 0 0 64800 145274 89 60 33 3363000 
4443 0 0 0 64800 145797 83 109 59 3363000 
4454 0 0 0 64800 146356 56 68 154 3363000 
4465 0 0 0 64800 146931 60 51 83 3363000 
4476 0 0 0 64800 147536 68 47 32 3363000 
4486 0 0 0 64800 148138 52 84 44 3363000 
4497 0 0 0 64800 148687 86 71 86 3363000 
4504 0 0 0 64800 149171 124 110 101 3363000 
4515 0 0 0 64800 149746 125 65 116 3363000 
4527 0 0 0 64800 150348 73 99 79 3363000 
4536 0 0 0 64800 150948 58 83 90 3363000 
4544 0 0 0 64800 151527 74 73 67 3363000 
4553 0 0 0 64800 152104 87 62 77 3363000 
4561 0 0 0 64800 152661 88 63 68 3363000 
4569 0 0 0 64800 153265 54 100 47 3363000 
4580 0 0 0 64800 153804 100 78 96 3363000 
4591 0 0 0 64800 154288 77 114 101 3363000 
4993 0 0 0 64800 179173 89 125 77 3363000 
5003 0 0 0 64800 179668 130 116 105 3363000 
5013 0 0 0 64800 180155 183 91 131 3363000 
5024 0 0 0 64800 180634 184 154 115 3363000 
5033 0 0 0 64800 180907 186 254 241 3363000 
5039 0 0 0 64800 181243 269 271 202 3363000 
5050 0 0 0 64800 181597 356 328 153 3363000 
5058 0 0 0 64800 181920 362 212 420 3363000 
5067 0 0 0 64800 181911 662 308 270 3363000 
5077 0 0 0 64800 181891 775 287 566 3363000 
5087 0 0 0 64800 182118 690 382 436 3363000 
5097 0 0 0 64800 182348 664 393 411 3363000 
5107 0 0 0 64800 182382 580 572 512 3363000 
5117 0 0 0 64800 181988 962 718 497 3363000 
5129 0 0 0 64800 181024 1336 1090 851 3363000 
5139 0 0 0 64800 179538 1723 1403 1442 3363000 
5146 0 0 0 64510 178389 2745 1121 1040 3343000 
5156 0 0 0 64510 176239 2854 2450 1308 3343000 
5165 0 0 0 64510 173070 2228 3454 3392 3343000 
5172 0 0 0 64510 167032 4125 5621 2543 3343000 
5181 0 0 0 64510 154782 9068 5959 7579 3343000 
5191 0 0 0 64510 148657 7710 9484 4562 3343000 
5200 0 0 0 64510 136313 11143 11141 7880 3343000 
5210 0 0 0 64510 128580 6595 17365 6664 3343000 
5219 0 0 0 64510 109363 14132 19342 10318 3343000 
5229 0 0 0 64510 94874 13015 15767 19803 3343000 
5237 0 0 0 64510 88939 9591 13009 12736 3343000 
5246 0 0 0 64510 82547 10392 9932 9297 3343000 
5254 0 0 0 64510 77789 9205 8462 8018 3343000 
5264 0 0 0 64510 74648 7000 8178 6250 3343000 
5273 0 0 0 64510 73151 4782 4253 8272 3343000 
5281 0 0 0 64510 72055 3385 2916 4453 3343000 
5291 0 0 0 64510 71823 1707 2576 2877 3343000 
5302 0 0 0 64510 71003 1535 2032 2163 3343000 
5311 0 0 0 64510 70152 1545 2263 1243 3343000 
5316 0 0 0 64510 68985 1708 1923 1980 3343000 
5321 0 0 0 64510 68495 1599 1327 1830 3343000 
5329 0 0 0 64510 68553 719 1354 1428 3343000 
5336 0 0 0 64510 68206 799 1187 1067 3343000 
5346 0 0 0 64510 68429 327 1020 1033 3343000 
5356 0 0 0 64510 68782 378 478 769 3343000 
5365 0 0 0 64510 69071 323 523 341 3343000 
5374 0 0 0 64510 69507 286 362 397 3343000 
5385 0 0 0 64510 70031 150 281 329 3343000 
5394 0 0 0 64510 70478 141 253 221 3343000 
5405 0 0 0 64510 71024 120 180 169 3343000 
5414 0 0 0 64510 71584 69 193 103 3343000 
5424 0 0 0 64510 72161 42 91 178 3343000 
5433 0 0 0 64510 72729 48 95 41 3343000 
5443 0 0 0 64510 73332 39 73 63 3343000 
5451 0 0 0 64510 73931 40 43 65 3343000 
5460 0 0 0 64510 74549 34 26 30 3343000 
5832 0 0 0 64510 97772 22 28 21 3343000 
5842 0 0 0 64510 98359 29 26 26 3343000 
5852 0 0 0 64510 98953 26 33 17 3343000 
5861 0 0 0 64510 99509 46 43 24 3343000 
5868 0 0 0 64510 100072 52 37 47 3343000 
5877 0 0 0 64510 100670 37 23 46 3343000 
5885 0 0 0 64510 101282 20 23 32 3343000 
5893 0 0 0 64510 101892 19 12 27 3343000 
5903 0 0 0 64510 102492 17 24 10 3343000 
5913 0 0 0 64510 103062 36 18 32 3343000 
5922 0 0 0 64510 103651 37 30 19 3343000 
5933 0 0 0 64510 104215 44 59 26 3343000 
5940 0 0 0 64510 104803 36 63 48 3343000 
5949 0 0 0 64510 105368 51 63 54 3343000 
5957 0 0 0 64510 105930 60 46 48 3343000 
5961 0 0 0 64510 106494 82 51 31 3343000 
5968 0 0 0 64800 107082 31 80 53 3322000 
5978 0 0 0 64800 107605 67 74 37 3322000 
5987 0 0 0 64800 108042 125 59 85 3322000 
5996 0 0 0 64800 108546 109 85 67 3322000 
6004 0 0 0 64800 108975 121 108 129 3322000 
6012 0 0 0 64800 109476 113 99 116 3322000 
6018 0 0 0 64800 110009 64 97 98 3322000 
6023 0 0 0 64800 110479 69 131 62 3322000 
6032 0 0 0 64800 110952 82 124 106 3322000 
6037 0 0 0 64800 111471 85 58 133 3322000 
6043 0 0 0 64800 112016 60 70 65 3322000 
6051 0 0 0 64800 112467 118 90 64 3322000 
6060 0 0 0 64800 112864 171 94 115 3322000 
6067 0 0 0 64800 113366 152 63 131 3322000 
6074 0 0 0 64800 113859 166 83 61 3322000 
6081 0 0 0 64800 114373 135 70 102 3322000 
6092 0 0 0 64800 114944 92 72 64 3322000 
6101 0 0 0 64800 115443 54 87 97 3322000 
6109 0 0 0 64800 115892 98 90 65 3322000 
6117 0 0 0 64800 116414 77 90 88 3322000 
6124 0 0 0 64800 116901 107 71 81 3322000 
6132 0 0 0 64800 117405 106 96 56 3322000 
6141 0 0 0 64800 117850 144 111 93 3322000 
6148 0 0 0 64800 118236 219 113 119 3322000 
6155 0 0 0 64800 118711 156 127 144 3322000 
6164 0 0 0 64800 119206 127 105 141 3322000 
6173 0 0 0 64800 119681 149 125 61 3322000 
6183 0 0 0 64800 120147 104 147 122 3322000 
6193 0 0 0 64800 120558 133 149 129 3322000 
6203 0 0 0 64800 121000 126 159 100 3322000 
6207 0 0 0 64800 121440 105 182 137 3322000 
6216 0 0 0 64800 121931 124 128 136 3322000 
6227 0 0 0 64800 122447 93 82 123 3322000 
6235 0 0 0 64800 122974 84 125 43 3322000 
6244 0 0 0 64800 123532 55 65 119 3322000 
6254 0 0 0 64800 124042 46 59 58 3322000 
6618 0 0 0 64800 146048 59 29 51 3322000 
6624 0 0 0 64800 146542 70 43 40 3322000 
6631 0 0 0 64800 147072 62 64 54 3322000 
6637 0 0 0 64800 147574 83 50 70 3322000 
6642 0 0 0 64800 148029 59 131 48 3322000 
6649 0 0 0 64800 148451 95 104 136 3322000 
6659 0 0 0 64800 148863 125 132 92 3322000 
6667 0 0 0 64800 149313 116 133 133 3322000 
6675 0 0 0 64800 149782 110 150 75 3322000 
6680 0 0 0 64800 150138 172 193 113 3322000 
6689 0 0 0 64800 150272 350 304 112 3322000 
6696 0 0 0 64800 150547 409 252 286 3322000 
6706 0 0 0 64800 150687 532 219 356 3322000 
6716 0 0 0 64800 150612 622 458 312 3322000 
6721 0 0 0 64800 150692 484 618 466 3322000 
6731 0 0 0 64800 150912 290 647 533 3322000 
6739 0 0 0 64800 150893 625 390 493 3322000 
6748 0 0 0 64770 150936 461 634 437 3295000 
6751 0 0 0 64770 150207 1046 783 559 3295000 
6758 0 0 0 64770 150294 674 653 972 3295000 
6767 0 0 0 64770 150152 713 823 461 3295000 
6775 0 0 0 64770 149782 1032 656 796 3295000 
6782 0 0 0 64770 148878 1345 800 1002 3295000 
6789 0 0 0 64770 147483 2108 1232 764 3295000 
6794 0 0 0 64770 145941 1688 2358 1368 3295000 
6802 0 0 0 64770 143405 2797 2435 1888 3295000 
6806 0 0 0 64770 137641 4535 4036 2987 3295000 
6815 0 0 0 64770 135942 2802 3461 4564 3295000 
6823 0 0 0 64770 133741 2466 3603 2952 3295000 
6829 0 0 0 64770 131508 3511 1690 3656 3295000 
6836 0 0 0 64770 130640 2779 1964 1889 3295000 
6844 0 0 0 64770 130048 1676 1462 2748 3295000 
6849 0 0 0 64770 128914 1765 2171 899 3295000 
6857 0 0 0 64770 127741 1688 2472 1525 3295000 
6866 0 0 0 64770 126122 1920 1337 3089 3295000 
6871 0 0 0 64770 125329 1805 1309 1504 3295000 
6877 0 0 0 64770 124598 1057 1360 1994 3295000 
6885 0 0 0 64770 124127 1192 1073 1211 3295000 
6893 0 0 0 64770 123557 967 1026 1387 3295000 
6902 0 0 0 64770 123061 966 955 1126 3295000 
6907 0 0 0 64770 122493 1051 1123 872 3295000 
6913 0 0 0 64770 121682 1694 1204 664 3295000 
6921 0 0 0 64770 121375 1153 1745 820 3295000 
6928 0 0 0 64770 119965 1447 1736 1679 3295000 
6936 0 0 0 64770 119527 1695 1004 1492 3295000 
6942 0 0 0 64770 118904 988 1643 1262 3295000 
6948 0 0 0 64770 118457 1164 1348 1123 3295000 
6956 0 0 0 64770 118563 573 776 1626 3295000 
6963 0 0 0 64770 118942 387 449 703 3295000 
6970 0 0 0 64770 119223 348 329 435 3295000 
6975 0 0 0 64770 119617 209 257 385 3295000 
6983 0 0 0 64770 119892 307 247 198 3295000 
7308 0 0 0 64770 141251 223 219 270 3295000 
7308 0 0 0 64770 141635 170 222 233 3295000 
7316 0 0 0 64770 141967 253 240 149 3295000 
7323 0 0 0 64770 142171 265 279 279 3295000 
7330 0 0 0 64770 142311 321 410 237 3295000 
7336 0 0 0 64770 142309 507 360 401 3295000 
7342 0 0 0 64770 142387 451 547 372 3295000 
7350 0 0 0 64770 142556 479 385 539 3295000 
7358 0 0 0 64770 142748 355 399 462 3295000 
7366 0 0 0 64770 142915 435 288 422 3295000 
7374 0 0 0 64770 143209 399 298 291 3295000 
7381 0 0 0 64770 143338 389 352 383 3295000 
7390 0 0 0 64770 143266 387 602 380 3295000 
7395 0 0 0 64770 143020 733 599 467 3295000 
7402 0 0 0 64770 143018 804 534 544 3295000 
7408 0 0 0 64770 142764 853 785 512 3295000 
7417 0 0 0 64770 142443 959 656 915 3295000 
7424 0 0 0 64550 141914 901 984 817 3273000 
7432 0 0 0 64550 141180 1054 1349 778 3273000 
7438 0 0 0 64550 140546 1235 1394 964 3273000 
7445 0 0 0 64550 139812 1425 1220 1258 3273000 
7451 0 0 0 64550 138759 1679 1314 1233 3273000 
7459 0 0 0 64550 138101 1292 1281 1633 3273000 
7466 0 0 0 64550 137165 1499 1308 1264 3273000 
7472 0 0 0 64550 136530 1441 1640 918 3273000 
7478 0 0 0 64550 134170 2603 1870 1487 3273000 
7487 0 0 0 64550 133101 1541 2657 1890 3273000 
7492 0 0 0 64550 131613 1857 1771 2598 3273000 
7498 0 0 0 64550 129830 1955 2125 1899 3273000 
7505 0 0 0 64550 128737 1553 1852 2322 3273000 
7512 0 0 0 64550 127777 1712 1017 2176 3273000 
7517 0 0 0 64550 127370 1611 993 1077 3273000 
7524 0 0 0 64550 127366 1263 832 1072 3273000 
7529 0 0 0 64550 126953 1215 1109 724 3273000 
7534 0 0 0 64550 126306 1434 1295 799 3273000 
7542 0 0 0 64550 125767 1176 1221 1424 3273000 
7548 0 0 0 64550 125742 731 1123 1139 3273000 
7556 0 0 0 64550 124794 1332 665 1373 3273000 
7563 0 0 0 64550 123682 1440 1162 1037 3273000 
7568 0 0 0 64550 122303 1500 1760 1271 3273000 
7576 0 0 0 64550 121710 1777 1460 1181 3273000 
7584 0 0 0 64550 120594 1595 1922 1387 3273000 
7589 0 0 0 64550 119145 1944 1809 1781 3273000 
7594 0 0 0 64550 119105 1156 1335 1857 3273000 
7603 0 0 0 64550 118742 1347 866 1199 3273000 
7608 0 0 0 64550 118187 1671 1139 523 3273000 
7611 0 0 0 64550 117827 1086 1590 1058 3273000 
7617 0 0 0 64550 117123 1555 1393 988 3273000 
7621 0 0 0 64550 117217 1009 1167 1243 3273000 
7630 0 0 0 64550 117311 656 1076 895 3273000 
7638 0 0 0 64550 117378 513 909 805 3273000 
7644 0 0 0 64550 117294 512 967 580 3273000 
7652 0 0 0 64550 117206 645 713 773 3273000 
7969 0 0 0 64550 137575 733 580 795 3273000 
7974 0 0 0 64550 137313 944 618 555 3273000 
7980 0 0 0 64550 137317 715 582 828 3273000 
7987 0 0 0 64550 137260 733 543 620 3273000 
7995 0 0 0 64550 136136 1251 1091 587 3273000 
8001 0 0 0 64550 135715 1030 1317 977 3273000 
8006 0 0 0 64550 135138 1288 1242 959 3273000 
8013 0 0 0 64550 134442 867 1596 1296 3273000 
8020 0 0 0 64550 133346 1261 1645 1174 3273000 
8027 0 0 0 64550 132372 1554 1090 1787 3273000 
8031 0 0 0 64550 131657 1679 863 1367 3273000 
8040 0 0 0 64550 130885 1495 1607 731 3273000 
8045 0 0 0 64550 129664 1536 1717 1616 3273000 
8050 0 0 0 64550 126540 3314 2039 1563 3273000 
8054 0 0 0 64550 124378 3907 2349 1794 3273000 
8061 0 0 0 64550 122383 3113 3306 2391 3273000 
8066 0 0 0 64600 121142 2639 3138 2422 3253880 
8068 0 0 0 64600 118901 3540 2317 2685 3253880 
8074 0 0 0 64600 117771 3053 2397 2060 3253880 
8078 0 0 0 64600 114641 2674 3508 2939 3253880 
8081 0 0 0 64600 109892 4921 4366 2205 3253880 
8088 0 0 0 64600 106688 3907 3144 5975 3253880 
8097 0 0 0 64600 103850 3580 3803 3066 3253880 
8102 0 0 0 64600 101636 3228 3951 2979 3253880 
8099 0 0 0 64600 98819 2154 2263 6137 3253880 
8103 0 0 0 64600 97882 1658 1949 2287 3253880 
8107 0 0 0 64600 97517 1180 1391 1962 3253880 
8111 0 0 0 64600 97251 920 1440 1025 3253880 
8115 0 0 0 64600 96012 1492 1291 1385 3253880 
8121 0 0 0 64600 95963 1330 1018 1047 3253880 
8130 0 0 0 64600 95879 813 889 1293 3253880 
8134 0 0 0 64600 96109 798 567 659 3253880 
8143 0 0 0 64600 96069 544 813 607 3253880 
8148 0 0 0 64600 96158 346 805 671 3253880 
8154 0 0 0 64600 96220 599 463 583 3253880 
8160 0 0 0 64600 96489 363 659 329 3253880 
8165 0 0 0 64600 96259 610 722 479 3253880 
8172 0 0 0 64600 96494 431 627 608 3253880 
8175 0 0 0 64600 96529 663 232 681 3253880 
8181 0 0 0 64600 96840 398 307 420 3253880 
8186 0 0 0 64600 97025 257 482 327 3253880 
8194 0 0 0 64600 97298 183 353 470 3253880 
8200 0 0 0 64600 97539 280 334 238 3253880 
8206 0 0 0 64600 97933 234 223 314 3253880 
8213 0 0 0 64600 98352 148 189 267 3253880 
8220 0 0 0 64600 98655 241 214 113 3253880 
8226 0 0 0 64600 99061 186 258 145 3253880 
8232 0 0 0 64600 99478 122 222 253 3253880 
8236 0 0 0 64600 99941 119 162 148 3253880 
8244 0 0 0 64600 100418 120 107 136 3253880 
8252 0 0 0 64600 100880 91 124 112 3253880 
8257 0 0 0 64600 101349 82 126 76 3253880 
8560 0 0 0 64600 122226 76 97 101 3253880 
8567 0 0 0 64600 122664 107 119 62 3253880 
8574 0 0 0 64600 123057 139 145 88 3253880 
8579 0 0 0 64600 123527 104 94 152 3253880 
8587 0 0 0 64600 123962 144 120 62 3253880 
8594 0 0 0 64600 124389 153 94 142 3253880 
8599 0 0 0 64600 124869 95 107 117 3253880 
8604 0 0 0 64600 125363 89 106 74 3253880 
8607 0 0 0 64600 125818 103 122 75 3253880 
8613 0 0 0 64600 126202 123 170 103 3253880 
8615 0 0 0 64600 126661 111 140 147 3253880 
8623 0 0 0 64600 127073 169 95 134 3253880 
8629 0 0 0 64600 127538 116 121 106 3253880 
8636 0 0 0 64600 128027 104 99 110 3253880 
8640 0 0 0 64600 128455 64 140 104 3253880 
8642 0 0 0 64600 128928 76 104 93 3253880 
8650 0 0 0 64220 129332 90 120 106 3225000 
8655 0 0 0 64220 129785 74 131 85 3225000 
8663 0 0 0 64220 130078 155 193 93 3225000 
8669 0 0 0 64220 130484 176 158 154 3225000 
8675 0 0 0 64220 130867 235 144 109 3225000 
8682 0 0 0 64220 131118 260 230 183 3225000 
8689 0 0 0 64220 131506 169 271 202 3225000 
8697 0 0 0 64220 131550 378 283 299 3225000 
8704 0 0 0 64220 131528 579 354 284 3225000 
8712 0 0 0 64220 131722 424 482 382 3225000 
8716 0 0 0 64220 131822 479 447 431 3225000 
8721 0 0 0 64220 132033 338 367 576 3225000 
8727 0 0 0 64220 132450 176 247 416 3225000 
8730 0 0 0 64220 132781 217 225 183 3225000 
8736 0 0 0 64220 133061 277 234 207 3225000 
8744 0 0 0 64220 133410 264 228 208 3225000 
8750 0 0 0 64220 133778 165 366 148 3225000 
8757 0 0 0 64220 134033 312 241 276 3225000 
8764 0 0 0 64220 134382 222 265 246 3225000 
8772 0 0 0 64220 134733 217 212 242 3225000 
8777 0 0 0 64220 135089 199 181 214 3225000 
8782 0 0 0 64220 135214 312 294 186 3225000 
8789 0 0 0 64220 135537 320 217 285 3225000 
8792 0 0 0 64220 135798 320 302 155 3225000 
8797 0 0 0 64220 136009 340 170 438 3225000 
8800 0 0 0 64220 136351 265 152 270 3225000 
8807 0 0 0 64220 136732 186 210 185 3225000 
8810 0 0 0 64220 137114 195 138 242 3225000 
8812 0 0 0 64220 137451 268 144 134 3225000 
8818 0 0 0 64220 137856 142 232 189 3225000 
8822 0 0 0 64220 138190 224 241 121 3225000 
8827 0 0 0 64220 138469 182 298 235 3225000 
8833 0 0 0 64220 138773 246 223 236 3225000 
8839 0 0 0 64220 139068 229 227 238 3225000 
8845 0 0 0 64220 139492 233 230 126 3225000 
8845 0 0 0 64220 139851 194 292 150 3225000 
9145 0 0 0 64220 160479 206 257 205 3225000 
9152 0 0 0 64220 160714 270 191 287 3225000 
9156 0 0 0 64220 160933 246 327 170 3225000 
9165 0 0 0 64220 161009 337 397 269 3225000 
9171 0 0 0 64220 161224 283 353 406 3225000 
9178 0 0 0 64220 161439 268 301 393 3225000 
9180 0 0 0 64220 161556 376 139 434 3225000 
9186 0 0 0 64220 161841 274 339 159 3225000 
9193 0 0 0 64220 161897 481 246 345 3225000 
9200 0 0 0 64220 161940 490 466 259 3225000 
9203 0 0 0 64220 161914 531 551 410 3225000 
9206 0 0 0 64220 161492 669 483 868 3225000 
9211 0 0 0 64220 160944 1073 820 327 3225000 
9220 0 0 0 64220 160300 1231 793 1052 3225000 
9224 0 0 0 64220 159282 1791 763 1039 3225000 
9227 0 0 0 64220 157945 1754 1579 1062 3225000 
9233 0 0 0 63900 156908 1687 1506 1697 3204000 
9238 0 0 0 63900 156380 804 2251 1159 3204000 
9241 0 0 0 63900 154792 1708 1876 1603 3204000 
9248 0 0 0 63900 153196 2840 1802 1047 3204000 
9254 0 0 0 63900 151894 1778 2159 2512 3204000 
9256 0 0 0 63900 148951 3168 2300 1917 3204000 
9262 0 0 0 63900 147558 3157 2290 1946 3204000 
9270 0 0 0 63900 145178 1879 4119 2341 3204000 
9274 0 0 0 63900 143004 3101 3035 2573 3204000 
9279 0 0 0 63900 139459 3286 4655 2255 3204000 
9283 0 0 0 63900 131476 6408 6107 3928 3204000 
9289 0 0 0 63900 124580 7275 6650 6033 3204000 
9296 0 0 0 63900 120701 5253 6411 6664 3204000 
9302 0 0 0 63900 109139 8789 9456 5492 3204000 
9305 0 0 0 63900 103273 7315 9282 8048 3204000 
9311 0 0 0 63900 99289 6985 7787 6355 3204000 
9315 0 0 0 63900 96615 3692 3987 10319 3204000 
9319 0 0 0 63900 95239 3269 3340 2985 3204000 
9326 0 0 0 63900 93913 2960 3302 2203 3204000 
9334 0 0 0 63900 91060 3765 3327 2567 3204000 
9340 0 0 0 63900 88971 3280 3193 3256 3204000 
9347 0 0 0 63900 87105 2601 2982 3319 3204000 
9352 0 0 0 63900 85814 2490 2774 2146 3204000 
9356 0 0 0 63900 84455 2059 2936 2176 3204000 
9362 0 0 0 63900 83383 2068 1788 2746 3204000 
9365 0 0 0 63900 82925 1434 1055 2368 3204000 
9372 0 0 0 63900 83012 1060 1089 795 3204000 
9378 0 0 0 63900 82591 1179 932 1002 3204000 
9382 0 0 0 63900 82525 1023 705 1006 3204000 
9389 0 0 0 63900 82576 552 579 1095 3204000 
9392 0 0 0 63900 82774 478 696 315 3204000 
9399 0 0 0 63900 83135 460 434 470 3204000 
9406 0 0 0 63900 83463 302 359 446 3204000 
9412 0 0 0 63900 83854 275 164 379 3204000 
9416 0 0 0 63900 84322 108 267 147 3204000 
9420 0 0 0 63900 84723 146 121 260 3204000 
9714 0 0 0 63900 105092 143 155 67 3204000 
9718 0 0 0 63900 105419 164 162 183 3204000 
9723 0 0 0 63900 105901 70 103 216 3204000 
9730 0 0 0 63900 106357 67 81 108 3204000 
9734 0 0 0 63900 106787 106 83 59 3204000 
9741 0 0 0 63900 107166 151 135 59 3204000 
9744 0 0 0 63900 107569 127 154 128 3204000 
9751 0 0 0 63900 107846 227 145 165 3204000 
9756 0 0 0 63900 108235 101 253 137 3204000 
9758 0 0 0 63900 108506 135 269 226 3204000 
9764 0 0 0 63900 108750 270 186 249 3204000 
9768 0 0 0 63900 109128 201 216 209 3204000 
9772 0 0 0 63900 109327 328 232 196 3204000 
9779 0 0 0 63900 109557 393 273 202 3204000 
9781 0 0 0 63900 109844 331 252 331 3204000 
9786 0 0 0 63900 110193 309 233 222 3204000 
9793 0 0 0 65130 110563 229 169 320 3194480 
9797 0 0 0 65130 111005 136 136 260 3194480 
9804 0 0 0 65130 111430 159 137 118 3194480 
9810 0 0 0 65130 111806 155 168 160 3194480 
9817 0 0 0 65130 112206 191 98 188 3194480 
9819 0 0 0 65130 112668 138 174 89 3194480 
9822 0 0 0 65130 113041 131 129 241 3194480 
9826 0 0 0 65130 113457 141 127 144 3194480 
9831 0 0 0 65130 113792 149 181 163 3194480 
9837 0 0 0 65130 114047 284 188 168 3194480 
9840 0 0 0 65130 114365 225 247 226 3194480 
9847 0 0 0 65130 114426 432 348 212 3194480 
9853 0 0 0 65130 114589 474 458 260 3194480 
9857 0 0 0 65130 114696 442 574 367 3194480 
9862 0 0 0 65130 114653 525 506 597 3194480 
9865 0 0 0 65130 114800 712 268 468 3194480 
9871 0 0 0 65130 115186 412 341 405 3194480 
9879 0 0 0 65130 115523 237 341 401 3194480 
9883 0 0 0 65130 115873 205 242 326 3194480 
9885 0 0 0 65130 116288 83 225 250 3194480 
9892 0 0 0 65130 116637 157 216 138 3194480 
9894 0 0 0 65130 116981 143 233 206 3194480 
9899 0 0 0 65130 117384 201 118 226 3194480 
9900 0 0 0 65130 117538 297 258 164 3194480 
9908 0 0 0 65130 117824 252 221 317 3194480 
9915 0 0 0 65130 118129 232 174 325 3194480 
9922 0 0 0 65130 118522 180 165 211 3194480 
9923 0 0 0 65130 118909 178 197 143 3194480 
9931 0 0 0 65130 119221 260 244 138 3194480 
9938 0 0 0 65130 119670 230 114 289 3194480 
9940 0 0 0 65130 120124 146 194 100 3194480 
9946 0 0 0 65130 120518 184 150 160 3194480 
9950 0 0 0 65130 120980 105 199 150 3194480 
9955 0 0 0 65130 121439 134 135 132 3194480 
9959 0 0 0 65130 121953 82 114 125 3194480 
9963 0 0 0 65130 122463 61 81 120 3194480 
10248 0 0 0 65130 143838 61 62 74 3194480 
10249 0 0 0 65130 144356 54 64 56 3194480 
10255 0 0 0 65130 144866 43 57 59 3194480 
10260 0 0 0 65130 145318 62 86 43 3194480 
10267 0 0 0 65130 145747 129 58 104 3194480 
10269 0 0 0 65130 146124 140 118 102 3194480 
10272 0 0 0 65130 146528 146 122 151 3194480 
10277 0 0 0 65130 147017 109 118 115 3194480 
10281 0 0 0 65130 147382 112 193 90 3194480 
10288 0 0 0 65130 147751 138 158 182 3194480 
10295 0 0 0 65130 148088 220 172 131 3194480 
10301 0 0 0 65130 148322 372 198 140 3194480 
10306 0 0 0 65130 148356 568 369 153 3194480 
10313 0 0 0 65130 148517 409 405 539 3194480 
10316 0 0 0 65130 148463 667 438 312 3194480 
10321 0 0 0 65130 148527 602 650 346 3194480 
10326 0 0 0 65130 148274 692 590 767 3194480 
10333 0 0 0 66180 148399 551 510 645 3179980 
10336 0 0 0 66180 148329 441 753 499 3179980 
10341 0 0 0 66180 148235 762 464 613 3179980 
10341 0 0 0 66180 147944 724 580 769 3179980 
10344 0 0 0 66180 147273 1009 937 598 3179980 
10351 0 0 0 66180 145583 1967 1378 853 3179980 
10358 0 0 0 66180 145071 1269 1570 1583 3179980 
10360 0 0 0 66180 143630 1865 1308 1664 3179980 
10367 0 0 0 66180 143036 1829 844 1607 3179980 
10374 0 0 0 66180 141650 2279 1759 560 3179980 
10376 0 0 0 66180 140613 2242 1351 2028 3179980 
10381 0 0 0 66180 138946 2239 2198 1372 3179980 
10383 0 0 0 66180 137776 2303 1562 2257 3179980 
10387 0 0 0 66180 136295 1965 2097 1814 3179980 
10393 0 0 0 66180 134772 1860 2419 1866 3179980 
10395 0 0 0 66180 132753 1818 2486 2547 3179980 
10400 0 0 0 66180 132043 1521 1362 2698 3179980 
10406 0 0 0 66180 130550 2263 1405 1267 3179980 
10411 0 0 0 66180 129716 1827 1961 1270 3179980 
10413 0 0 0 66180 128587 1701 1792 2000 3179980 
10419 0 0 0 66180 126483 2809 1982 1350 3179980 
10424 0 0 0 66180 123656 3612 3094 1484 3179980 
10432 0 0 0 66180 121318 3755 3034 2819 3179980 
10432 0 0 0 66180 119772 2736 3257 2886 3179980 
10436 0 0 0 66180 118677 2343 2805 2511 3179980 
10439 0 0 0 66180 115554 3702 1920 3211 3179980 
10446 0 0 0 66180 114077 4048 1655 1965 3179980 
10449 0 0 0 66180 111481 3852 3231 1786 3179980 
10452 0 0 0 66180 109007 3627 2865 3642 3179980 
10456 0 0 0 66180 107479 3237 2783 2577 3179980 
10464 0 0 0 66180 106623 1928 2500 3015 3179980 
10471 0 0 0 66180 105693 1883 1588 2468 3179980 
10476 0 0 0 66180 104930 1982 1426 1390 3179980 
10481 0 0 0 66180 104464 1369 2128 934 3179980 
10487 0 0 0 66180 103983 1295 1881 1380 3179980 
10774 0 0 0 66180 124882 1498 1664 802 3179980 
10779 0 0 0 66180 123599 1718 2107 1186 3179980 
10786 0 0 0 66180 122749 2485 1395 1356 3179980 
10794 0 0 0 66180 121988 1365 1782 2048 3179980 
10796 0 0 0 66180 121370 1287 1119 1927 3179980 
10802 0 0 0 66180 119968 1762 1661 961 3179980 
10803 0 0 0 66180 118052 2079 2873 970 3179980 
10807 0 0 0 66180 114710 3554 2724 2593 3179980 
10811 0 0 0 66180 113638 2909 2538 2471 3179980 
10817 0 0 0 66180 112783 1925 1998 2947 3179980 
10821 0 0 0 66180 110324 2435 2363 2141 3179980 
10826 0 0 0 66180 109054 1758 3328 1564 3179980 
10828 0 0 0 66180 107769 2774 1402 2776 3179980 
10835 0 0 0 66180 106769 2391 1063 2296 3179980 
10842 0 0 0 66180 106378 2193 1006 1213 3179980 
10847 0 0 0 66180 106253 1032 1017 1828 3179980 
10852 0 0 0 66180 106380 768 703 1004 3179980 
10857 0 0 0 66640 106442 700 638 660 3185770 
10864 0 0 0 66640 106615 550 679 536 3185770 
10868 0 0 0 66640 106101 682 966 693 3185770 
10875 0 0 0 66640 106115 748 742 752 3185770 
10882 0 0 0 66640 106419 475 573 742 3185770 
10885 0 0 0 66640 106555 505 411 586 3185770 
10892 0 0 0 66640 106544 616 667 217 3185770 
10897 0 0 0 66640 106465 811 652 504 3185770 
10900 0 0 0 66640 106493 540 887 603 3185770 
10906 0 0 0 66640 106495 527 710 765 3185770 
10913 0 0 0 66640 106766 555 380 616 3185770 
10919 0 0 0 66640 107206 247 470 379 3185770 
10925 0 0 0 66640 107511 301 426 289 3185770 
10930 0 0 0 66640 107440 527 588 263 3185770 
10937 0 0 0 66640 107738 397 507 494 3185770 
10943 0 0 0 66640 107893 336 606 390 3185770 
10949 0 0 0 66640 108001 441 550 417 3185770 
10953 0 0 0 66640 108107 528 412 535 3185770 
10957 0 0 0 66640 108269 477 414 483 3185770 
10965 0 0 0 66640 108124 634 572 410 3185770 
10970 0 0 0 66640 108165 659 559 541 3185770 
10975 0 0 0 66640 108252 526 385 821 3185770 
10981 0 0 0 66640 108536 356 506 347 3185770 
10987 0 0 0 66640 108373 603 688 322 3185770 
10984 0 0 0 66640 108500 545 572 640 3185770 
10990 0 0 0 66640 108469 610 568 536 3185770 
10996 0 0 0 66640 108811 452 441 537 3185770 
10994 0 0 0 66640 109055 304 470 462 3185770 
10998 0 0 0 66640 109331 338 322 429 3185770 
11002 0 0 0 66640 109590 367 250 377 3185770 
11009 0 0 0 66640 110014 290 123 367 3185770 
11013 0 0 0 66640 110494 183 227 121 3185770 
11020 0 0 0 66640 110877 149 197 244 3185770 
11023 0 0 0 66640 111372 132 152 157 3185770 
11025 0 0 0 66640 111774 152 128 203 3185770 
11032 0 0 0 66640 112273 152 81 148 3185770 
11333 0 0 0 66640 134468 58 170 82 3185770 
11337 0 0 0 66640 134836 123 173 141 3185770 
11342 0 0 0 66640 135300 135 113 160 3185770 
11348 0 0 0 66640 135769 113 120 151 3185770 
11352 0 0 0 66640 136203 143 127 116 3185770 
11358 0 0 0 66640 136606 202 124 113 3185770 
11361 0 0 0 66640 136567 494 296 155 3185770 
11370 0 0 0 66640 136960 319 316 342 3185770 
11377 0 0 0 66640 137345 171 337 338 3185770 
11386 0 0 0 66640 137509 459 190 266 3185770 
11393 0 0 0 66640 137741 426 285 287 3185770 
11401 0 0 0 66640 137924 338 440 345 3185770 
11409 0 0 0 66640 137964 573 325 423 3185770 
11412 0 0 0 66640 138289 442 413 308 3185770 
11415 0 0 0 66640 138576 416 290 467 3185770 
11422 0 0 0 66640 138885 278 377 295 3185770 
11429 0 0 0 66640 139273 189 254 409 3178870 
11434 0 0 0 66640 139607 252 271 179 3178870 
11442 0 0 0 66640 139738 373 422 188 3178870 
11446 0 0 0 66640 139597 619 420 481 3178870 
11452 0 0 0 66640 139778 533 574 328 3178870 
11459 0 0 0 66640 139359 822 753 517 3178870 
11462 0 0 0 66640 138934 1165 602 817 3178870 
11469 0 0 0 66640 137810 1673 1140 675 3178870 
11474 0 0 0 66640 136226 1972 1623 1349 3178870 
11478 0 0 0 66640 135247 2067 1327 1774 3178870 
11484 0 0 0 66640 134256 2422 1372 1198 3178870 
11491 0 0 0 66640 133729 1277 1673 1940 3178870 
11497 0 0 0 66640 132635 1517 1773 1358 3178870 
11500 0 0 0 66640 130759 2424 1905 1411 3178870 
11506 0 0 0 66640 128919 2010 3008 1742 3178870 
11508 0 0 0 66640 128161 1501 2077 2806 3178870 
11515 0 0 0 66640 126990 1303 2680 1369 3178870 
11520 0 0 0 66640 122684 4113 3397 1383 3178870 
11523 0 0 0 66640 121019 4173 3140 2473 3178870 
11523 0 0 0 66640 117914 4979 3372 2677 3178870 
11526 0 0 0 66640 116299 3882 3946 2739 3178870 
11533 0 0 0 66640 112560 3448 5095 3640 3178870 
11538 0 0 0 66640 109587 3543 3708 4860 3178870 
11543 0 0 0 66640 106331 4086 5065 1956 3178870 
11551 0 0 0 66640 102772 3780 4405 5110 3178870 
11559 0 0 0 66640 99171 3478 5635 3278 3178870 
11562 0 0 0 66640 93872 5763 4707 4556 3178870 
11568 0 0 0 66640 92614 3667 6065 2596 3178870 
11572 0 0 0 66640 89050 3940 6255 3715 3178870 
11579 0 0 0 66640 87238 2350 6113 4141 3178870 
11585 0 0 0 66640 85469 2859 3115 4855 3178870 
11592 0 0 0 66640 84960 2008 2407 2671 3178870 
11597 0 0 0 66640 83818 1805 1976 2394 3178870 
11606 0 0 0 66640 84001 878 1819 1511 3178870 
11612 0 0 0 66640 83654 505 1918 1236 3178870 
11620 0 0 0 66640 83563 730 1040 1359 3178870 
11931 0 0 0 66640 105507 935 988 589 3178870 
11937 0 0 0 66640 105189 912 985 943 3178870 
11945 0 0 0 66640 104701 738 1161 1076 3178870 
11952 0 0 0 66640 104439 847 747 1177 3178870 
11957 0 0 0 66640 104179 982 810 655 3178870 
11964 0 0 0 66640 103782 1178 799 825 3178870 
11969 0 0 0 66640 103828 767 797 967 3178870 
11974 0 0 0 66640 103775 673 509 1029 3178870 
11977 0 0 0 66640 103946 704 441 464 3178870 
11980 0 0 0 66640 104313 330 384 619 3178870 
11986 0 0 0 66640 104674 332 351 274 3178870 
11993 0 0 0 66640 104988 223 373 361 3178870 
12000 0 0 0 66640 105370 291 186 343 3178870 
12006 0 0 0 66640 105627 407 196 215 3178870 
12008 0 0 0 66640 106113 373 132 229 3178870 
12011 0 0 0 66640 106625 199 203 170 3178870 
12017 0 0 0 66690 107085 146 223 164 3184600 
12022 0 0 0 66690 107617 108 131 228 3184600 
12025 0 0 0 66690 108109 102 124 153 3184600 
12033 0 0 0 66690 108646 66 91 164 3184600 
12036 0 0 0 66690 109176 76 95 91 3184600 
12043 0 0 0 66690 109734 74 59 104 3184600 
12051 0 0 0 66690 110297 65 90 34 3184600 
12056 0 0 0 66690 110842 47 57 107 3184600 
12061 0 0 0 66690 111454 50 31 45 3184600 
12066 0 0 0 66690 112061 36 29 39 3184600 
12073 0 0 0 66690 112671 30 30 27 3184600 
12080 0 0 0 66690 113281 24 25 22 3184600 
12088 0 0 0 66690 113876 32 20 32 3184600 
12093 0 0 0 66690 114480 33 30 15 3184600 
12100 0 0 0 66690 115053 34 22 35 3184600 
12106 0 0 0 66690 115659 22 27 24 3184600 
12112 0 0 0 66690 116263 21 16 23 3184600 
12120 0 0 0 66690 116851 27 20 12 3184600 
12127 0 0 0 66690 117460 15 24 21 3184600 
12135 0 0 0 66690 118051 27 25 14 3184600 
12140 0 0 0 66690 118636 26 45 28 3184600 
12145 0 0 0 66690 119244 33 21 54 3184600 
12150 0 0 0 66690 119798 42 41 16 3184600 
12159 0 0 0 66690 120337 67 62 25 3184600 
12161 0 0 0 66690 120723 178 125 73 3184600 
12166 0 0 0 66690 121166 238 145 84 3184600 
12175 0 0 0 66690 121590 227 244 113 3184600 
12182 0 0 0 66690 122041 175 229 230 3184600 
12188 0 0 0 66690 122357 252 200 262 3184600 
12191 0 0 0 66690 122770 193 243 223 3184600 
12198 0 0 0 66690 123311 145 148 220 3184600 
12206 0 0 0 66690 123799 166 157 122 3184600 
12212 0 0 0 66690 124368 157 94 140 3184600 
12218 0 0 0 66690 124884 132 148 77 3184600 
12223 0 0 0 66690 125402 75 158 117 3184600 
12229 0 0 0 66690 125943 111 131 83 3184600 
12538 0 0 0 66690 149433 98 87 142 3184600 
12540 0 0 0 66690 149915 121 70 130 3184600 
12547 0 0 0 66690 150425 125 100 88 3184600 
12554 0 0 0 66690 150916 168 121 78 3184600 
12559 0 0 0 66690 151346 90 162 180 3184600 
12562 0 0 0 66690 151625 229 209 124 3184600 
12566 0 0 0 66690 151936 210 323 218 3184600 
12573 0 0 0 66690 152218 284 340 251 3184600 
12577 0 0 0 66690 152613 217 306 347 3184600 
12583 0 0 0 66690 152513 450 383 388 3184600 
12591 0 0 0 66690 152510 735 437 273 3184600 
12597 0 0 0 66690 152391 761 592 541 3184600 
12599 0 0 0 66690 152102 748 1011 485 3184600 
12606 0 0 0 66690 151615 675 1169 978 3184600 
