59 0 0 0 2110 309 0 0 0 11040 1819 0 0 0 64980 14383 0 0 0 513700 94513 150 150 0 3375470 
59 0 0 0 2110 310 0 0 0 11040 1827 0 0 0 64980 14479 0 0 0 513700 94952 121 142 109 3375470 
59 0 0 0 2110 312 0 0 0 11040 1835 0 0 0 64980 14576 1 0 0 513700 95357 115 103 137 3375470 
60 0 0 0 2110 314 0 0 0 11040 1843 0 0 0 64980 14672 0 2 0 513700 95739 103 127 98 3375470 
60 0 0 0 2110 316 0 0 0 11040 1851 0 0 0 64980 14767 0 2 3 513700 96169 47 92 164 3375470 
61 0 0 0 2110 318 0 0 0 11040 1857 0 0 0 64980 14855 2 0 2 513700 96579 64 107 58 3375470 
61 0 0 0 2110 320 0 0 0 11040 1866 0 0 0 64980 14948 0 3 0 513700 96993 80 110 68 3375470 
62 0 0 0 2110 322 0 0 0 11040 1871 1 0 0 64980 15038 0 1 3 513700 97412 79 97 97 3375470 
62 0 0 0 2110 324 0 0 0 11040 1877 1 0 1 64980 15134 1 0 1 513700 97849 81 116 48 3375470 
63 0 0 0 2110 326 0 0 0 11040 1885 0 2 0 64980 15231 0 1 1 513700 98267 70 92 95 3375470 
63 0 0 0 2110 328 0 0 0 11040 1893 0 0 2 64980 15328 1 0 1 513700 98695 100 54 86 3375470 
63 0 0 0 2110 330 0 0 0 11040 1901 0 0 0 64980 15422 0 1 0 513700 99147 98 56 50 3375470 
64 0 0 0 2110 332 0 0 0 11040 1908 0 0 0 64980 15518 0 2 0 513700 99620 82 47 47 3375470 
64 0 0 0 2110 334 0 0 0 11040 1916 0 0 0 64980 15611 3 0 3 513700 100062 65 71 41 3375470 
65 0 0 0 2110 335 0 0 0 11040 1924 0 0 0 64980 15705 3 0 0 513700 100473 62 78 62 3375470 
65 0 0 0 2110 336 0 0 0 11040 1932 0 1 0 64980 15801 2 1 0 513700 100913 29 100 71 3375470 
66 0 0 0 2110 338 0 0 0 11040 1939 0 1 0 64980 15888 2 2 2 513700 101363 37 46 91 3375470 
66 0 0 0 2110 340 0 0 0 11040 1946 1 1 0 64980 15977 2 1 1 513700 101816 40 27 37 3375470 
67 0 0 0 2110 342 0 0 0 11040 1954 1 1 1 64980 16070 2 1 2 513700 102290 14 38 30 3375470 
67 0 0 0 2110 344 0 0 0 11040 1959 2 3 0 64980 16165 1 1 1 513700 102722 38 47 20 3375470 
67 0 0 0 2110 346 0 0 0 11040 1964 2 3 2 64980 16256 1 4 1 513700 103168 36 50 36 3375470 
68 0 0 0 2110 348 0 0 0 11040 1970 2 3 3 64980 16346 1 1 3 513700 103639 23 43 48 3375470 
68 0 0 0 2110 350 0 0 0 11040 1974 3 2 2 64980 16442 2 1 1 513700 104096 32 25 45 3375470 
69 0 0 0 2110 352 0 0 0 11040 1979 3 1 3 64980 16536 2 1 1 513700 104550 28 25 33 3375470 
69 0 0 0 2110 353 0 0 0 11040 1986 1 2 2 64980 16632 1 0 2 513700 104978 50 33 34 3375470 
70 0 0 0 2110 355 0 0 0 11040 1991 1 2 1 64980 16727 1 0 0 513700 105444 38 55 32 3375470 
70 0 0 0 2110 357 0 0 0 11040 1997 1 1 2 64980 16814 0 0 1 513700 105915 33 30 61 3375470 
71 0 0 0 2110 359 0 0 0 11040 2001 3 2 1 64980 16903 0 0 0 513700 106386 26 30 33 3375470 
71 0 0 0 2110 361 0 0 0 11040 2006 3 3 1 64980 16995 0 0 0 513700 106821 37 21 55 3375470 
72 0 0 0 2110 363 0 0 0 11040 2014 2 1 3 64980 17091 0 1 0 513700 107302 36 25 25 3375470 
72 0 0 0 2110 364 0 0 0 11040 2022 0 2 1 64980 17181 0 0 1 513700 107777 25 26 34 3375470 
72 0 0 0 2110 366 0 0 0 11040 2030 0 0 2 64980 17274 0 0 0 513700 108260 16 32 15 3375470 
73 0 0 0 2110 368 0 0 0 11040 2037 0 0 0 64980 17368 0 0 0 513700 108743 12 19 28 3375470 
73 0 0 0 2110 369 0 0 0 11040 2045 0 0 0 64980 17461 0 0 0 513700 109225 14 13 13 3375470 
74 0 0 0 2110 371 0 0 0 11040 2053 0 0 0 64980 17554 0 0 0 513700 109721 4 11 18 3375470 
74 0 0 0 2110 373 0 0 0 11040 2060 0 0 0 64980 17644 0 0 0 513700 110212 10 11 6 3375470 
90 0 0 0 2110 442 0 0 0 11040 2358 0 0 0 64980 21158 0 0 0 513700 129034 8 13 8 3375470 
90 0 0 0 2110 444 0 0 0 11040 2365 0 0 0 64980 21251 0 0 0 513700 129523 10 12 15 3375470 
91 0 0 0 2110 446 0 0 0 11040 2374 0 0 0 64980 21343 0 0 0 513700 130001 18 9 12 3375470 
91 0 0 0 2110 448 0 0 0 11040 2378 0 0 0 64980 21432 1 1 0 513700 130451 24 16 14 3375470 
90 0 0 0 2110 450 0 0 0 11040 2386 0 0 0 64980 21516 2 4 2 513700 130916 26 17 24 3375470 
90 0 0 0 2110 452 0 0 0 11040 2394 0 0 0 64980 21602 3 4 4 513700 131398 18 25 15 3375470 
90 0 0 0 2110 454 0 0 0 11040 2402 0 0 0 64980 21693 2 6 2 513700 131835 27 15 28 3375470 
91 0 0 0 2110 456 0 0 0 11040 2408 0 0 0 64980 21780 7 6 4 513700 132316 10 18 29 3375470 
91 0 0 0 2110 458 0 0 0 11040 2417 0 0 0 64980 21866 6 7 5 513700 132794 11 15 15 3375470 
92 0 0 0 2110 459 0 0 0 11040 2423 0 0 0 64980 21955 5 8 2 513700 133248 9 18 8 3375470 
92 0 0 0 2110 461 0 0 0 11040 2429 0 0 0 64980 22034 15 5 8 513700 133692 25 21 27 3375470 
93 0 0 0 2110 463 0 0 0 11040 2435 0 0 0 64980 22113 14 9 9 513700 134148 36 25 16 3375470 
93 0 0 0 2110 465 0 0 0 11040 2442 0 0 0 64980 22188 5 23 7 513700 134607 37 37 20 3375470 
93 0 0 0 2110 467 0 0 0 11040 2450 0 0 0 64980 22252 15 22 15 513700 135075 25 34 46 3375470 
94 0 0 0 2110 469 0 0 0 11040 2457 1 0 0 64980 22330 20 12 17 513700 135517 37 29 31 3375470 
94 0 0 0 2110 471 0 0 0 11040 2464 1 1 0 64980 22402 11 28 10 513700 135989 33 39 22 3375470 
95 0 0 0 2110 473 0 0 0 11040 2473 0 2 0 64980 22474 19 26 12 513700 136446 29 21 50 3375470 
95 0 0 0 2171 474 0 0 0 10970 2484 0 0 2 65690 22551 22 27 22 515000 137071 30 23 29 3389620 
95 0 0 0 2171 477 0 0 0 10970 2496 0 0 0 65690 22642 22 17 22 515000 137766 31 34 21 3389620 
96 0 0 0 2171 479 0 0 0 10970 2509 0 0 0 65690 22725 13 27 14 515000 138485 23 26 30 3389620 
96 0 0 0 2171 481 0 0 0 10970 2522 0 0 0 65690 22816 17 29 16 515000 139187 31 32 12 3389620 
96 0 0 0 2171 484 0 0 0 10970 2532 1 0 0 65690 22881 35 32 21 515000 139877 42 34 32 3389620 
97 0 0 0 2171 484 0 0 0 10970 2543 0 0 1 65690 22951 33 33 41 515000 140562 31 38 32 3389620 
97 0 0 0 2171 486 0 0 0 10970 2556 0 0 0 65690 23040 38 23 24 515000 141227 41 46 37 3389620 
98 0 0 0 2171 488 0 0 0 10970 2568 0 0 0 65690 23116 41 22 29 515000 141878 50 60 43 3389620 
98 0 0 0 2171 491 0 0 0 10970 2578 0 0 0 65690 23205 33 29 24 515000 142529 68 44 54 3389620 
98 0 0 0 2171 493 0 0 0 10970 2589 1 0 0 65690 23278 35 23 40 515000 143183 68 62 45 3389620 
99 0 0 0 2171 495 0 0 0 10970 2603 1 0 0 65690 23342 54 25 24 515000 143760 77 124 55 3389620 
99 0 0 0 2171 497 0 0 0 10970 2613 2 1 1 65690 23435 25 47 27 515000 144253 206 115 98 3389620 
100 0 0 0 2171 499 0 0 0 10970 2620 2 4 1 65690 23493 45 46 30 515000 144774 199 190 129 3389620 
100 0 0 0 2171 501 0 0 0 10970 2627 3 2 5 65690 23496 88 46 63 515000 145270 158 271 163 3389620 
100 0 0 0 2171 502 0 0 0 10970 2636 5 2 1 65690 23562 39 69 66 515000 145776 238 189 232 3389620 
101 0 0 0 2171 505 0 0 0 10970 2648 1 3 4 65690 23643 39 40 57 515000 146291 304 139 185 3389620 
101 0 0 0 2171 505 0 0 0 10970 2653 7 2 2 65690 23729 30 42 32 515000 146860 147 273 159 3389620 
101 0 0 0 2171 507 0 0 0 10970 2657 9 6 3 65690 23736 65 59 53 515000 147244 284 296 173 3389620 
102 0 0 0 2171 509 0 0 0 10970 2663 9 6 5 65690 23792 50 60 69 515000 147446 498 228 347 3389620 
102 0 0 0 2171 511 0 0 0 10970 2663 9 5 14 65690 23830 72 50 61 515000 147706 614 348 218 3389620 
103 0 0 0 2171 513 0 0 0 10970 2665 8 12 3 65690 23859 87 65 49 515000 147715 797 499 380 3389620 
103 0 0 0 2171 515 0 0 0 10970 2666 13 9 10 65690 23864 98 90 61 515000 147408 1223 629 445 3389620 
103 0 0 0 2171 517 0 0 0 10970 2668 12 14 7 65690 23907 80 79 96 515000 146731 1219 1465 549 3389620 
104 0 0 0 2171 519 0 0 0 10970 2673 7 11 14 65690 23918 108 82 61 515000 146331 1300 1178 1352 3389620 
104 0 0 0 2171 521 0 0 0 10970 2669 15 10 11 65690 23924 118 82 87 515000 146148 1147 1296 937 3389620 
105 0 0 0 2171 524 0 0 0 10970 2661 19 15 11 65690 23862 130 129 114 515000 145399 1386 1253 1247 3389620 
105 0 0 0 2171 523 1 2 0 10970 2650 21 16 19 65690 23839 92 153 141 515000 144635 1730 1449 910 3389620 
105 0 0 0 2171 524 1 2 1 10970 2610 29 25 36 65690 23772 73 189 161 515000 142291 1762 2773 1705 3389620 
106 0 0 0 2171 522 3 2 2 10970 2601 33 22 22 65690 23525 233 205 182 515000 141233 1351 2998 1931 3389620 
106 0 0 0 2171 524 2 3 1 10970 2597 27 29 13 65690 23465 196 190 222 515000 139618 2289 2874 1518 3389620 
107 0 0 0 2171 523 4 2 2 10970 2595 23 25 23 65690 23468 130 164 193 515000 136363 3180 4129 1824 3389620 
107 0 0 0 2171 522 4 3 2 10970 2572 37 29 16 65690 23389 175 153 146 515000 135159 2244 3160 3831 3389620 
107 0 0 0 2171 523 4 2 3 10970 2563 35 32 20 65690 23334 172 187 136 515000 133105 2220 2957 3002 3389620 
108 0 0 0 2171 524 2 0 4 10970 2542 40 34 28 65690 23293 145 213 154 515000 132059 1872 2287 2786 3389620 
108 0 0 0 2171 525 1 2 0 10970 2546 20 28 35 65690 23164 208 113 276 515000 132072 1247 1661 1966 3389620 
109 0 0 0 2171 525 3 1 1 10970 2532 18 28 29 65690 23191 88 178 138 515000 131831 1271 1582 976 3389620 
122 0 0 0 2171 606 4 1 0 10970 2975 33 32 18 65690 27129 154 214 85 515000 157505 1315 1905 1100 3389620 
122 0 0 0 2171 607 1 0 5 10970 2954 39 33 26 65690 27060 176 206 160 515000 156308 2071 1460 1608 3389620 
123 0 0 0 2171 608 1 0 1 10970 2942 31 35 32 65690 26901 251 246 151 515000 154857 2590 1574 1519 3389620 
123 0 0 0 2171 611 1 0 0 10970 2910 34 34 43 65690 26782 212 184 328 515000 153067 2201 2520 1923 3389620 
123 0 0 0 2171 611 2 1 0 10970 2881 40 41 28 65690 26761 156 86 282 515000 150751 3412 1895 2419 3389620 
124 0 0 0 2171 608 4 2 2 10970 2854 36 33 51 65690 26737 161 103 113 515000 148242 3505 2385 2648 3389620 
124 0 0 0 2171 609 3 2 2 10970 2832 30 43 30 65690 26464 208 258 170 515000 145572 3110 3091 3030 3389620 
125 0 0 0 2171 610 3 2 2 10970 2812 20 24 61 65690 26295 289 217 238 515000 144844 2548 2742 2360 3389620 
125 0 0 0 2171 605 5 7 0 10970 2773 37 30 28 65690 25965 397 254 293 515000 142589 3137 2924 2215 3389620 
125 0 0 0 2171 590 13 10 6 10970 2763 31 32 27 65690 25726 502 220 270 515000 140281 3392 3860 1830 3389620 
126 0 0 0 2171 585 13 8 10 10970 2735 19 62 22 65690 25446 307 502 296 515000 135794 3711 5448 3298 3389620 
126 0 0 0 2171 568 10 14 16 10970 2671 83 40 35 65690 25086 335 457 482 515000 130860 4489 6207 4110 3389620 
127 0 0 0 2171 541 15 25 13 10970 2586 110 59 51 65690 24513 670 310 490 515000 123166 8180 4928 5979 3389620 
127 0 0 0 2171 519 18 19 28 10970 2563 57 99 50 65690 23895 526 713 468 515000 119877 4855 6476 5795 3389620 
126 0 0 1 2171 492 30 19 17 10970 2459 62 116 93 65690 23330 626 662 623 515000 113975 5761 5540 6658 3389620 
127 0 0 0 2171 479 24 14 26 10970 2374 88 123 66 65690 22843 443 1055 385 515000 109149 7111 5691 4056 3389620 
127 0 0 0 2169 472 17 17 13 10890 2342 59 88 108 65090 21603 1089 960 797 510000 106486 6502 5115 4595 3358000 
128 0 0 0 2169 463 15 16 15 10890 2293 43 57 109 65090 20383 1081 1502 797 510000 103162 5250 5867 4599 3358000 
128 0 0 0 2169 446 22 18 11 10890 2260 60 42 43 65090 18985 1434 1327 1326 510000 99617 5950 5540 3950 3358000 
129 0 0 0 2169 423 19 33 13 10890 2226 42 64 43 65090 17479 1881 582 1921 510000 97495 4155 6158 4066 3358000 
127 2 0 0 2169 404 23 29 21 10890 2210 39 44 51 65090 17013 1453 721 871 510000 95717 4111 3047 5722 3358000 
128 2 0 0 2169 391 18 31 19 10890 2154 55 49 49 65090 16101 1254 1176 774 510000 93498 4052 3481 2627 3358000 
128 2 1 0 2169 374 19 32 18 10890 2132 60 28 52 65090 14435 1504 1778 928 510000 91622 3296 3994 2895 3358000 
124 4 2 1 2169 353 20 17 37 10890 2113 42 46 33 65090 13891 670 1563 1708 510000 89520 3221 2974 3970 3358000 
120 5 3 3 2169 342 15 20 16 10890 2092 27 43 51 65090 13338 874 821 1207 510000 88600 2758 1942 3205 3358000 
106 8 10 5 2169 332 15 15 18 10890 2064 39 31 42 65090 12900 724 675 851 510000 87558 2510 2235 1795 3358000 
93 11 9 11 2169 323 17 9 15 10890 2047 35 32 33 65090 12522 472 774 648 510000 87263 2039 2533 1246 3358000 
86 7 11 10 2169 317 11 12 12 10890 2017 37 37 37 65090 12180 459 572 676 510000 85063 3338 2525 1700 3358000 
78 8 7 12 2169 308 10 17 8 10890 2015 22 31 36 65090 11986 382 550 410 510000 83585 3326 1745 3066 3358000 
72 7 6 8 2169 300 15 11 12 10890 1998 26 28 27 65090 11863 345 280 546 510000 82849 2281 2218 2102 3358000 
65 8 7 6 2169 298 13 7 10 10890 2004 12 31 19 65090 11909 171 248 276 510000 82501 1866 1621 2143 3358000 
58 9 11 3 2169 295 6 6 14 10890 2005 14 18 22 65090 11858 178 237 168 510000 82299 1375 1144 1969 3358000 
52 7 15 4 2169 295 3 7 5 10890 1997 28 19 7 65090 11855 196 180 159 510000 82755 742 966 1140 3358000 
49 10 3 13 2169 295 1 5 6 10890 1996 26 24 9 65090 11898 130 121 199 510000 82676 957 918 703 3358000 
47 5 5 6 2169 295 3 3 3 10890 2000 14 15 31 65090 11962 62 85 157 510000 83097 730 937 580 3358000 
47 4 2 4 2169 298 1 1 4 10890 1993 22 11 15 65090 12029 60 71 63 510000 83298 723 697 829 3358000 
46 5 2 1 2169 301 1 0 1 10890 1983 24 19 14 65090 12091 53 70 63 510000 83826 463 667 567 3358000 
45 1 3 4 2169 303 0 0 1 10890 1973 20 12 33 65090 12182 28 18 103 510000 84089 547 579 514 3358000 
46 0 2 2 2169 306 0 0 0 10890 1974 16 12 17 65090 12268 27 19 32 510000 84530 401 580 492 3358000 
46 0 1 2 2169 309 0 0 0 10890 1977 10 11 15 65090 12356 25 28 17 510000 85056 399 330 514 3358000 
44 2 0 1 2169 310 0 0 0 10890 1980 9 7 15 65090 12442 25 39 20 510000 85570 264 440 297 3358000 
45 0 2 0 2169 313 0 0 0 10890 1988 9 9 3 65090 12539 23 16 44 510000 85927 422 347 347 3358000 
46 0 1 1 2169 316 0 0 0 10890 1994 9 8 9 65090 12653 15 7 20 510000 86346 475 345 323 3358000 
46 0 0 1 2169 318 1 0 0 10890 2003 6 7 8 65090 12766 10 8 10 510000 86802 400 430 318 3358000 
47 0 0 0 2169 320 1 0 0 10890 2010 5 6 8 65090 12875 12 4 11 510000 87353 377 473 184 3358000 
48 0 0 0 2169 323 0 0 1 10890 2015 7 4 8 65090 12979 11 5 6 510000 88033 239 397 312 3358000 
48 0 0 0 2169 326 0 0 0 10890 2026 2 6 4 65090 13093 6 4 7 510000 88733 164 252 309 3358000 
49 0 0 0 2169 328 0 0 0 10890 2038 3 3 4 65090 13209 3 4 3 510000 89424 124 204 169 3358000 
50 0 0 0 2169 331 0 0 0 10890 2044 6 4 3 65090 13327 4 1 3 510000 90138 124 110 170 3358000 
50 0 0 0 2169 334 0 0 0 10890 2052 4 4 5 65090 13434 4 2 2 510000 90866 48 125 103 3358000 
51 0 0 0 2169 337 0 0 0 10890 2065 2 2 4 65090 13550 4 4 0 510000 91562 68 146 39 3358000 
51 0 0 0 2169 339 0 0 0 10890 2077 1 2 1 65090 13666 3 1 6 510000 92254 75 115 122 3358000 
74 0 0 0 2169 435 0 0 0 10890 2567 2 3 0 65090 17971 2 1 2 510000 121252 52 99 93 3358000 
75 0 0 0 2169 437 1 0 0 10890 2579 3 1 3 65090 18083 1 3 1 510000 121939 87 48 105 3358000 
75 0 0 0 2169 439 1 0 0 10890 2587 3 1 3 65090 18197 1 3 1 510000 122662 77 58 71 3358000 
76 0 0 0 2169 442 0 1 0 10890 2598 1 2 4 65090 18307 2 4 1 510000 123348 74 55 53 3358000 
77 0 0 0 2169 445 0 1 0 10890 2607 1 1 4 65090 18415 3 2 4 510000 124046 95 70 56 3358000 
77 0 0 0 2169 447 1 1 0 10890 2621 1 1 0 65090 18532 2 3 1 510000 124689 111 87 79 3358000 
78 0 0 0 2169 448 1 1 1 10890 2630 0 1 1 65090 18641 2 3 1 510000 125413 46 99 112 3358000 
79 0 0 0 2169 450 2 1 0 10890 2642 0 2 0 65090 18754 3 2 2 510000 126095 67 53 112 3358000 
79 0 0 0 2169 453 1 0 2 10890 2656 0 1 1 65090 18871 2 4 1 510000 126827 82 46 43 3358000 
80 0 0 0 2169 455 1 0 0 10890 2668 1 0 1 65090 18982 2 4 4 510000 127562 75 41 52 3358000 
81 0 0 0 2169 458 1 0 0 10890 2681 0 1 0 65090 19088 9 4 2 510000 128299 56 67 48 3358000 
80 0 0 0 2169 461 0 0 1 10890 2693 0 0 1 65090 19186 13 6 7 510000 129032 32 59 61 3358000 
81 0 0 0 2169 464 0 0 0 10890 2706 1 0 0 65090 19292 12 10 10 510000 129756 54 53 46 3358000 
81 0 0 0 2169 466 0 0 0 10890 2720 0 0 1 65090 19392 13 10 13 510000 130466 65 60 42 3358000 
82 0 0 0 2169 469 0 0 0 10890 2732 0 0 0 65090 19490 13 18 10 510000 131122 61 65 101 3358000 
83 0 0 0 2169 472 0 0 0 10890 2744 0 0 0 65090 19591 13 14 13 510000 131837 59 62 46 3358000 
83 0 0 0 2186 474 0 0 0 10870 2755 0 0 0 64800 19687 6 14 12 510900 132529 55 46 52 3363000 
83 0 0 0 2186 476 0 0 0 10870 2765 0 0 0 64800 19780 4 9 13 510900 133136 57 42 58 3363000 
83 0 0 0 2186 478 0 0 0 10870 2775 0 0 0 64800 19877 3 3 11 510900 133751 37 43 57 3363000 
84 0 0 0 2186 481 0 0 0 10870 2784 1 1 0 64800 19966 3 0 4 510900 134398 38 26 43 3363000 
84 0 0 0 2186 483 0 0 0 10870 2793 0 1 1 64800 20067 1 1 1 510900 135022 48 37 19 3363000 
85 0 0 0 2186 484 0 0 0 10870 2802 0 0 2 64800 20157 1 0 1 510900 135644 40 44 46 3363000 
85 0 0 0 2186 486 0 0 0 10870 2813 0 0 0 64800 20258 1 0 0 510900 136261 39 48 43 3363000 
85 0 0 0 2186 489 0 0 0 10870 2824 0 0 0 64800 20356 1 1 0 510900 136883 23 67 33 3363000 
86 0 0 0 2186 491 0 0 0 10870 2835 0 0 0 64800 20448 5 2 0 510900 137442 76 51 66 3363000 
86 0 0 0 2186 493 0 0 0 10870 2846 0 0 0 64800 20545 4 4 2 510900 138062 47 54 63 3363000 
86 0 0 0 2186 496 0 0 0 10870 2856 0 0 0 64800 20645 3 4 3 510900 138623 92 60 36 3363000 
87 0 0 0 2186 498 0 0 0 10870 2867 0 0 0 64800 20728 6 6 3 510900 139188 78 67 79 3363000 
87 0 0 0 2186 499 0 0 0 10870 2877 0 0 0 64800 20820 7 8 6 510900 139710 104 97 62 3363000 
88 0 0 0 2186 502 0 0 0 10870 2887 0 0 0 64800 20911 5 3 10 510900 140265 116 90 103 3363000 
88 0 0 0 2186 504 0 0 0 10870 2896 2 1 0 64800 20998 7 7 2 510900 140819 116 73 112 3363000 
88 0 0 0 2186 506 0 0 0 10870 2902 3 1 0 64800 21091 5 8 8 510900 141409 120 78 64 3363000 
89 0 0 0 2186 508 0 0 0 10870 2912 3 1 1 64800 21174 8 8 10 510900 141985 94 119 71 3363000 
89 0 0 0 2186 510 0 0 0 10870 2923 3 2 0 64800 21268 9 6 10 510900 142447 189 130 71 3363000 
90 0 0 0 2186 512 0 0 0 10870 2931 2 5 1 64800 21358 12 6 5 510900 142923 177 230 105 3363000 
90 0 0 0 2186 514 0 0 0 10870 2938 3 2 4 64800 21449 9 8 9 510900 143380 230 181 207 3363000 
90 0 0 0 2186 517 0 0 0 10870 2942 4 5 1 64800 21538 14 7 10 510900 143925 186 166 161 3363000 
91 0 0 0 2186 519 0 0 0 10870 2950 4 3 4 64800 21621 17 10 12 510900 144375 219 181 136 3363000 
91 0 0 0 2186 521 0 0 0 10870 2957 5 3 2 64800 21695 21 11 15 510900 144768 287 221 153 3363000 
91 0 0 0 2186 524 0 0 0 10870 2959 8 4 5 64800 21789 5 24 12 510900 145086 326 210 307 3363000 
92 0 0 0 2186 526 0 0 0 10870 2964 8 4 5 64800 21870 12 23 12 510900 145497 238 342 183 3363000 
92 0 0 0 2186 527 1 0 0 10870 2962 14 5 6 64800 21956 19 14 17 510900 145996 202 230 295 3363000 
93 0 0 0 2186 530 1 0 0 10870 2954 19 10 8 64800 22035 20 19 18 510900 146395 230 220 229 3363000 
93 0 0 0 2186 531 2 0 0 10870 2947 19 9 16 64800 22097 26 22 26 510900 146847 207 206 217 3363000 
93 0 0 0 2186 533 0 0 2 10870 2951 14 15 7 64800 22145 40 34 26 510900 147164 293 242 199 3363000 
94 0 0 0 2186 536 0 0 0 10870 2943 13 16 18 64800 22189 48 37 37 510900 147578 286 259 229 3363000 
94 0 0 0 2186 538 0 0 0 10870 2940 13 7 23 64800 22264 31 27 43 510900 147927 328 223 291 3363000 
94 0 0 0 2186 540 0 0 0 10870 2938 12 8 13 64800 22332 38 28 27 510900 148281 312 324 226 3363000 
95 0 0 0 2186 543 0 0 0 10870 2941 9 5 13 64800 22404 37 31 30 510900 148663 258 343 283 3363000 
95 0 0 0 2186 545 0 0 0 10870 2939 12 9 3 64800 22485 21 20 43 510900 149059 266 248 321 3363000 
96 0 0 0 2186 547 0 0 0 10870 2945 9 6 11 64800 22555 23 26 15 510900 149461 299 284 193 3363000 
96 0 0 0 2186 549 0 0 0 10870 2954 5 9 3 64800 22617 24 35 30 510900 149961 212 232 290 3363000 
109 0 0 0 2186 632 0 0 0 10870 3354 4 5 7 64800 26333 20 34 31 510900 174626 250 241 238 3363000 
110 0 0 0 2186 634 0 0 0 10870 3360 5 2 6 64800 26341 70 38 37 510900 175064 266 176 256 3363000 
110 0 0 0 2186 636 0 0 0 10870 3365 9 3 1 64800 26367 68 60 44 510900 175540 255 229 133 3363000 
110 0 0 0 2186 639 0 0 0 10870 3365 8 8 4 64800 26408 60 53 70 510900 175854 379 257 186 3363000 
111 0 0 0 2186 641 0 0 0 10870 3363 8 9 9 64800 26442 52 49 72 510900 175954 445 397 362 3363000 
111 0 0 0 2186 642 0 1 0 10870 3355 12 9 14 64800 26457 79 47 52 510900 176176 453 510 331 3363000 
112 0 0 0 2186 632 7 5 1 10870 3344 11 13 16 64800 26449 86 102 44 510900 176282 581 512 416 3363000 
112 0 0 0 2186 629 6 9 1 10870 3343 17 7 11 64800 26445 135 110 46 510900 175908 924 783 446 3363000 
112 0 0 0 2186 620 11 3 11 10870 3341 11 19 6 64800 26460 156 131 44 510900 175304 1099 1325 525 3363000 
113 0 0 0 2186 619 5 8 5 10870 3338 13 8 23 64800 26370 252 118 108 510900 174002 1689 1647 1048 3363000 
113 0 0 0 2186 612 8 5 9 10870 3333 9 19 8 64800 26161 220 241 215 510900 172785 2177 1537 1510 3363000 
114 0 0 0 2186 604 6 10 6 10870 3303 33 19 17 64800 25930 327 184 282 510900 171560 2225 1782 1559 3363000 
114 0 0 0 2186 601 6 7 9 10870 3283 39 22 21 64800 25789 375 174 200 510900 169260 3464 2279 1204 3363000 
114 0 0 0 2186 593 4 11 7 10870 3232 62 31 30 64800 25656 318 165 291 510900 167338 2683 3144 2480 3363000 
114 0 0 0 2186 587 5 5 12 10870 3174 58 69 35 64800 25489 187 406 151 510900 164198 4129 2958 2532 3363000 
113 0 0 0 2186 588 4 5 2 10870 3127 51 46 86 64800 25092 419 277 395 510900 162670 2854 3911 2509 3363000 
113 0 0 0 2249 582 10 2 5 10860 3104 41 56 33 64510 24923 238 338 383 507600 161823 1992 2561 3691 3343000 
113 0 0 0 2249 580 3 7 6 10860 3083 24 55 50 64510 24771 304 203 308 507600 161149 1529 2215 2088 3343000 
113 0 0 0 2249 573 6 3 8 10860 3007 75 54 36 64510 24547 265 299 252 507600 159170 1254 2655 2445 3343000 
113 0 0 0 2249 571 7 3 3 10860 2957 85 54 50 64510 24132 240 534 284 507600 157424 2235 2503 1540 3343000 
113 0 0 0 2249 563 10 6 3 10860 2928 74 36 67 64510 23755 311 538 386 507600 151604 4570 3564 3009 3343000 
114 0 0 0 2249 550 14 10 6 10860 2884 63 65 37 64510 23316 531 455 382 507600 149288 4454 2408 4198 3343000 
114 0 0 0 2249 527 24 15 9 10860 2848 63 31 80 64510 22593 748 515 532 507600 146912 3434 3956 2436 3343000 
114 0 0 0 2249 516 22 14 16 10860 2797 68 67 20 64510 22386 600 533 420 507600 139865 4906 5197 4929 3343000 
113 1 0 0 2249 494 23 20 17 10860 2722 100 68 50 64510 21907 548 573 575 507600 135951 4749 3598 6289 3343000 
112 2 1 0 2249 458 31 23 27 10860 2588 154 79 79 64510 21254 512 472 874 507600 130724 4406 5499 4287 3343000 
111 1 1 2 2249 437 20 27 30 10860 2466 106 148 111 64510 20129 1087 710 395 507600 124969 7316 4843 4100 3343000 
109 1 0 3 2249 361 57 36 32 10860 2317 140 125 148 64510 19319 1055 986 647 507600 121431 5697 5232 5391 3343000 
109 0 1 0 2249 341 55 19 39 10860 2213 135 123 121 64510 18563 727 1083 1071 507600 116953 6117 4909 4996 3343000 
109 0 0 1 2249 313 29 52 23 10860 2143 104 116 119 64510 18102 439 1021 901 507600 114166 3655 6734 4034 3343000 
110 0 0 0 2249 281 31 43 40 10860 2020 120 167 65 64510 17550 815 537 744 507600 111678 3560 5390 4502 3343000 
110 0 0 0 2249 261 28 33 34 10860 1986 78 142 110 64510 17422 482 376 711 507600 109065 3507 3950 4732 3343000 
110 0 0 0 2249 260 22 15 27 10860 1947 82 90 97 64510 17284 459 307 316 507600 107378 2206 3464 4074 3343000 
110 0 0 0 2249 255 11 17 16 10860 1917 71 70 72 64510 17107 343 404 282 507600 105918 1427 3463 2852 3343000 
110 0 0 0 2249 245 6 26 8 10860 1867 49 76 76 64510 16883 404 266 388 507600 103140 3000 1941 3334 3343000 
111 0 0 0 2249 244 7 9 20 10860 1831 39 65 67 64510 16498 496 426 220 507600 101452 2518 2682 2051 3343000 
111 0 0 0 2249 239 9 7 7 10860 1805 30 77 33 64510 16165 466 323 554 507600 98585 3098 3336 2263 3343000 
111 0 0 0 2249 238 3 10 6 10860 1752 37 80 54 64510 15940 488 272 343 507600 96941 2593 2211 3887 3343000 
111 0 0 0 2249 236 2 9 6 10860 1718 40 56 65 64510 15859 229 377 321 507600 94943 1867 2748 2795 3343000 
112 0 0 0 2249 236 2 7 4 10860 1691 40 46 47 64510 15685 306 332 233 507600 93573 2323 2413 1875 3343000 
112 0 0 0 2249 236 3 2 6 10860 1656 46 41 44 64510 15361 504 293 252 507600 92655 1786 2078 2415 3343000 
112 0 0 0 2249 236 3 2 2 10860 1640 35 52 26 64510 15341 264 348 294 507600 91784 2077 1669 1613 3343000 
112 0 0 0 2249 238 2 2 1 10860 1631 29 37 39 64510 15210 252 282 290 507600 89958 2437 2658 1092 3343000 
112 0 0 0 2249 240 2 0 3 10860 1616 23 30 39 64510 15026 268 337 201 507600 88476 2601 2128 2449 3343000 
113 0 0 0 2249 238 4 1 1 10860 1599 19 33 28 64510 14759 397 325 235 507600 86453 2425 2540 2407 3343000 
113 0 0 0 2249 240 1 1 3 10860 1590 20 34 18 64510 14518 377 293 378 507600 85780 1921 2397 1945 3343000 
113 0 0 0 2249 242 0 1 1 10860 1587 16 25 26 64510 14392 198 330 357 507600 85697 1318 1850 1864 3343000 
113 0 0 0 2249 243 1 1 0 10860 1587 13 19 19 64510 14394 150 148 316 507600 85670 1026 881 1918 3343000 
114 0 0 0 2249 245 0 2 0 10860 1586 7 14 20 64510 14384 146 148 98 507600 85773 921 1089 421 3343000 
114 0 0 0 2249 247 0 0 2 10860 1592 6 5 13 64510 14385 98 117 170 507600 85922 674 991 824 3343000 
114 0 0 0 2249 249 0 0 0 10860 1598 6 6 3 64510 14438 37 66 141 507600 86228 490 768 714 3343000 
114 0 0 0 2249 252 0 0 0 10860 1606 5 3 6 64510 14474 49 57 54 507600 86599 318 383 804 3343000 
121 0 0 0 2249 328 0 0 0 10860 1979 3 3 3 64510 17729 62 42 50 507600 109662 254 351 270 3343000 
122 0 0 0 2249 330 0 0 0 10860 1989 1 2 4 64510 17775 60 50 38 507600 109969 252 261 397 3343000 
121 0 0 0 2249 332 0 0 0 10860 1995 3 3 0 64510 17796 47 79 47 507600 110433 198 292 174 3343000 
121 0 0 0 2249 334 0 0 0 10860 2001 6 2 2 64510 17830 57 65 56 507600 110697 368 282 196 3343000 
121 0 0 0 2249 336 0 0 0 10860 2003 6 4 5 64510 17857 74 50 58 507600 111029 348 250 339 3343000 
122 0 0 0 2249 338 0 0 0 10860 1998 11 6 8 64510 17891 62 62 49 507600 111256 352 315 324 3343000 
122 0 0 0 2249 339 1 0 0 10860 1997 12 8 8 64510 17930 50 63 58 507600 111672 288 251 336 3343000 
122 0 0 0 2249 341 1 1 0 10860 2007 9 5 7 64510 17989 49 41 44 507600 112132 205 161 323 3343000 
122 0 0 0 2249 343 1 0 1 10860 2013 10 7 0 64510 18053 38 39 37 507600 112621 147 198 152 3343000 
122 0 0 0 2249 344 1 1 0 10860 2015 6 15 3 64510 18107 47 34 33 507600 113055 193 198 140 3343000 
123 0 0 0 2249 346 1 0 1 10860 2016 7 12 11 64510 18148 55 47 22 507600 113532 170 220 148 3343000 
123 0 0 0 2249 348 0 0 1 10860 2017 12 12 4 64510 18199 55 41 39 507600 113895 242 305 108 3343000 
123 0 0 0 2249 349 1 0 0 10860 2020 9 6 16 64510 18270 58 30 28 507600 114177 321 279 273 3343000 
122 0 0 0 2249 351 0 1 0 10860 2026 6 4 7 64510 18326 39 45 34 507600 114657 196 315 232 3343000 
122 0 0 0 2249 352 0 0 1 10860 2034 5 6 1 64510 18332 56 59 50 507600 115101 224 190 273 3343000 
123 0 0 0 2249 355 0 0 0 10860 2044 0 3 7 64510 18358 71 62 42 507600 115543 187 240 140 3343000 
123 0 0 0 2270 357 0 0 0 10970 2046 3 3 1 64800 18367 88 87 39 503400 115982 176 182 235 3322000 
123 0 0 0 2270 359 0 0 0 10970 2055 1 2 4 64800 18379 89 81 73 503400 116372 179 234 135 3322000 
123 0 0 0 2270 360 0 1 0 10970 2060 1 1 2 64800 18426 57 75 73 503400 116794 188 151 237 3322000 
124 0 0 0 2270 362 0 1 0 10970 2070 1 1 1 64800 18445 66 61 66 503400 117205 173 189 151 3322000 
124 0 0 0 2270 364 0 1 0 10970 2076 3 1 2 64800 18436 92 70 56 503400 117556 190 182 226 3322000 
124 0 0 0 2270 364 2 1 0 10970 2081 3 4 2 64800 18461 101 69 44 503400 117769 269 327 148 3322000 
124 0 0 0 2270 365 3 0 1 10970 2078 10 5 5 64800 18472 44 71 126 503400 118120 314 281 216 3322000 
125 0 0 0 2270 365 2 3 0 10970 2086 8 4 6 64800 18492 47 84 46 503400 118183 579 305 201 3322000 
123 1 0 0 2270 365 2 3 2 10970 2093 5 5 4 64800 18507 69 37 90 503400 118305 548 255 523 3322000 
123 1 0 0 2270 367 0 4 1 10970 2094 3 11 5 64800 18521 83 52 36 503400 118368 432 513 383 3322000 
124 1 0 0 2270 367 1 2 3 10970 2093 14 4 8 64800 18551 60 75 49 503400 118397 628 431 442 3322000 
124 0 0 1 2270 363 6 3 0 10970 2096 11 10 3 64800 18514 67 108 74 503400 118539 579 588 334 3322000 
124 0 0 0 2270 364 4 3 3 10970 2102 6 10 9 64800 18534 60 90 85 503400 118200 701 954 427 3322000 
125 0 0 0 2270 365 1 5 2 10970 2096 12 15 6 64800 18579 49 75 61 503400 118272 572 752 851 3322000 
125 0 0 0 2270 363 3 2 5 10970 2088 11 21 12 64800 18535 122 47 78 503400 117820 914 653 792 3322000 
124 0 0 0 2270 361 2 1 5 10970 2089 7 14 19 64800 18579 79 72 51 503400 117820 643 955 547 3322000 
125 0 0 0 2270 357 4 0 4 10970 2090 8 9 13 64800 18579 91 66 75 503400 117736 529 1095 657 3322000 
125 0 0 0 2270 357 3 2 1 10970 2087 13 6 8 64800 18572 80 98 66 503400 117741 586 735 865 3322000 
125 0 0 0 2270 357 4 1 2 10970 2088 10 14 4 64800 18562 103 84 81 503400 117527 644 946 509 3322000 
126 0 0 0 2270 357 4 1 2 10970 2089 9 16 9 64800 18538 86 102 105 503400 116953 1135 863 753 3322000 
126 0 0 0 2270 357 5 1 1 10970 2092 6 11 15 64800 18489 80 142 97 503400 116473 999 975 1088 3322000 
126 0 0 0 2270 356 5 3 1 10970 2081 12 11 14 64800 18482 116 77 114 503400 115856 1293 807 1036 3322000 
127 0 0 0 2270 349 5 6 6 10970 2085 4 13 12 64800 18424 104 106 119 503400 115478 1250 1081 697 3322000 
127 0 0 0 2270 350 6 3 3 10970 2088 4 7 13 64800 18275 254 89 94 503400 115309 1001 1159 915 3322000 
127 0 0 0 2270 349 4 6 2 10970 2092 5 5 7 64800 18292 128 136 146 503400 115040 1101 809 1115 3322000 
128 0 0 0 2270 345 9 2 5 10970 2094 7 4 7 64800 18269 127 120 111 503400 114536 1518 619 861 3322000 
128 0 0 0 2270 347 4 4 3 10970 2098 6 6 5 64800 18254 137 97 109 503400 113975 1824 905 561 3322000 
128 0 0 0 2270 348 1 4 4 10970 2094 13 7 5 64800 18235 81 96 154 503400 113796 1442 870 1184 3322000 
129 0 0 0 2270 343 5 5 2 10970 2099 9 5 11 64800 18251 105 42 92 503400 113698 1017 985 982 3322000 
129 0 0 0 2270 343 2 6 4 10970 2105 3 11 5 64800 18251 65 78 87 503400 113851 651 736 1003 3322000 
129 0 0 0 2270 340 5 3 5 10970 2112 3 10 4 64800 18276 86 76 40 503400 114004 476 688 651 3322000 
130 0 0 0 2270 337 3 6 4 10970 2117 1 8 7 64800 18282 61 107 70 503400 114049 680 503 525 3322000 
130 0 0 0 2270 332 2 9 5 10970 2120 7 5 4 64800 18312 51 97 72 503400 114340 336 444 690 3322000 
130 0 0 0 2270 332 2 4 7 10970 2125 4 6 7 64800 18367 54 37 86 503400 114607 341 465 311 3322000 
130 0 0 0 2270 331 3 3 2 10970 2128 5 2 9 64800 18395 49 50 49 503400 114886 396 283 413 3322000 
131 0 0 0 2270 330 2 4 3 10970 2134 3 6 3 64800 18436 38 53 46 503400 115386 251 190 342 3322000 
142 0 0 0 2270 400 1 2 4 10970 2498 3 4 5 64800 21468 13 31 64 503400 137206 234 237 201 3322000 
142 0 0 0 2270 401 1 0 2 10970 2504 4 4 3 64800 21520 29 28 19 503400 137359 369 314 192 3322000 
143 0 0 0 2270 403 1 0 0 10970 2514 1 5 3 64800 21557 36 25 39 503400 137600 290 447 284 3322000 
143 0 0 0 2270 404 1 0 1 10970 2518 3 1 5 64800 21588 45 48 14 503400 137500 587 510 297 3322000 
143 0 0 0 2270 406 1 0 0 10970 2523 7 1 0 64800 21633 41 20 60 503400 137299 746 494 658 3322000 
144 0 0 0 2270 408 1 0 0 10970 2527 8 3 3 64800 21683 36 39 18 503400 137111 862 791 354 3322000 
144 0 0 0 2270 409 1 0 1 10970 2528 8 1 10 64800 21711 54 46 28 503400 137054 796 615 857 3322000 
144 0 0 0 2270 410 0 1 0 10970 2528 7 7 4 64800 21713 65 42 66 503400 136933 779 674 666 3322000 
145 0 0 0 2270 412 0 0 1 10970 2532 4 7 8 64800 21745 69 57 28 503400 137230 479 487 753 3322000 
145 0 0 0 2270 414 0 0 0 10970 2534 8 2 10 64800 21716 111 58 65 503400 137213 557 547 456 3322000 
145 0 0 0 2270 416 0 0 0 10970 2537 6 9 2 64800 21703 92 103 68 503400 137203 458 487 737 3322000 
146 0 0 0 2270 418 0 0 0 10970 2536 10 6 9 64800 21691 119 68 101 503400 137549 279 349 536 3322000 
146 0 0 0 2270 420 0 0 0 10970 2538 11 8 5 64800 21612 156 103 84 503400 137792 265 297 404 3322000 
146 0 0 0 2270 422 0 0 0 10970 2540 6 8 12 64800 21519 152 187 91 503400 138068 360 244 271 3322000 
147 0 0 0 2270 422 0 0 0 10970 2546 2 7 8 64800 21302 276 169 190 503400 138340 491 204 237 3322000 
147 0 0 0 2270 424 0 0 0 10970 2553 4 6 2 64800 21116 278 182 253 503400 138636 357 348 277 3322000 
147 0 0 0 2270 426 0 0 0 10970 2558 4 4 6 64800 21087 182 227 159 503400 138946 441 223 298 3322000 
147 0 0 0 2310 427 0 0 0 10960 2561 2 6 5 64770 21054 131 187 202 501100 139323 304 184 327 3295000 
147 0 0 0 2310 429 0 1 0 10960 2567 3 3 5 64770 20926 206 196 121 501100 139614 308 263 177 3295000 
147 0 0 0 2310 430 0 1 1 10960 2573 4 2 3 64770 20820 231 181 177 501100 139866 307 281 295 3295000 
147 0 0 0 2310 431 1 0 1 10960 2579 4 3 2 64770 20630 239 160 279 501100 140260 201 157 385 3295000 
148 0 0 0 2310 433 0 0 1 10960 2585 2 2 5 64770 20601 194 138 172 501100 140550 261 213 158 3295000 
148 0 0 0 2310 435 0 0 0 10960 2593 2 1 1 64770 20471 228 177 134 501100 140712 427 227 211 3295000 
148 0 0 0 2310 437 0 0 0 10960 2601 2 1 1 64770 20301 253 215 186 501100 140700 633 356 248 3295000 
148 0 0 0 2310 438 1 0 0 10960 2606 2 4 1 64770 20172 299 181 188 501100 140470 671 636 434 3295000 
149 0 0 0 2310 440 0 0 1 10960 2605 6 4 4 64770 20098 232 241 158 501100 140353 632 695 648 3295000 
149 0 0 0 2310 442 0 0 0 10960 2611 2 5 5 64770 19941 308 176 228 501100 140588 480 450 722 3295000 
149 0 0 0 2310 443 0 0 0 10960 2618 2 2 5 64770 19809 255 169 269 501100 140679 409 617 349 3295000 
149 0 0 0 2310 445 0 0 0 10960 2621 5 1 3 64770 19782 129 167 230 501100 140108 843 782 501 3295000 
150 0 0 0 2310 448 0 0 0 10960 2628 1 5 1 64770 19665 164 144 184 501100 139978 515 814 1000 3295000 
150 0 0 0 2310 447 2 0 0 10960 2631 5 2 5 64770 19675 158 117 97 501100 139350 607 866 1031 3295000 
150 0 0 0 2310 448 1 1 1 10960 2633 5 3 6 64770 19553 202 156 114 501100 138294 1198 1217 690 3295000 
150 0 0 0 2310 449 1 0 1 10960 2632 5 7 4 64770 19461 240 164 124 501100 137888 800 1263 1313 3295000 
151 0 0 0 2310 448 2 0 2 10960 2641 2 1 10 64770 19326 198 230 185 501100 137185 1058 1152 1120 3295000 
151 0 0 0 2310 445 3 2 1 10960 2637 8 4 2 64770 19200 143 326 161 501100 136121 1198 1659 988 3295000 
151 0 0 0 2310 441 6 1 4 10960 2636 12 8 2 64770 19031 199 263 254 501100 135285 1495 1084 1671 3295000 
150 0 0 0 2310 442 3 1 3 10960 2637 11 9 8 64770 18859 288 180 237 501100 134707 1270 1210 1204 3295000 
151 0 0 0 2310 444 0 2 2 10960 2623 13 20 9 64770 18774 205 174 247 501100 133797 1600 1069 1279 3295000 
151 0 0 0 2310 446 0 0 2 10960 2612 13 27 13 64770 18748 178 188 117 501100 132758 1956 932 1382 3295000 
151 0 0 0 2310 448 0 0 0 10960 2593 33 16 19 64770 18594 299 119 174 501100 131816 2375 1090 918 3295000 
151 0 0 0 2310 450 1 0 0 10960 2576 22 34 19 64770 18297 384 269 138 501100 131191 1456 1987 1207 3295000 
152 0 0 0 2310 450 2 1 0 10960 2548 36 18 37 64770 18158 265 387 219 501100 131059 977 1951 1199 3295000 
152 0 0 0 2310 451 2 1 1 10960 2527 36 30 17 64770 17652 340 447 449 501100 129979 1665 1438 1447 3295000 
152 0 0 0 2310 449 4 1 2 10960 2487 49 34 30 64770 17469 417 218 415 501100 129579 1656 1055 1349 3295000 
152 0 0 0 2310 451 4 1 0 10960 2450 49 47 33 64770 17298 249 395 243 501100 127251 2322 2192 1092 3295000 
152 0 0 0 2310 452 2 2 2 10960 2421 52 32 51 64770 17151 207 322 342 501100 125399 3563 1990 1346 3295000 
153 0 0 0 2310 452 2 4 0 10960 2413 47 20 32 64770 17089 195 199 273 501100 124080 1869 3652 1915 3295000 
153 0 0 0 2310 452 2 1 5 10960 2395 44 33 17 64770 17018 222 158 164 501100 122044 1599 4063 2460 3295000 
153 0 0 0 2310 453 1 2 1 10960 2373 30 35 42 64770 16991 216 113 156 501100 118622 3743 4021 1879 3295000 
153 0 0 0 2310 453 2 1 2 10960 2338 29 45 35 64770 16992 121 122 156 501100 117446 2222 4203 3097 3295000 
154 0 0 0 2310 453 3 1 2 10960 2303 34 35 49 64770 16987 60 110 151 501100 116191 1911 2872 3448 3295000 
154 0 0 0 2310 452 3 3 1 10960 2292 28 47 14 64770 17022 38 75 98 501100 115380 1598 1345 3186 3295000 
162 0 0 0 2310 523 4 3 2 10960 2590 38 34 32 64770 19906 59 68 55 501100 135939 1284 1497 1129 3295000 
162 0 0 0 2310 517 7 5 3 10960 2579 25 41 26 64770 19885 101 71 53 501100 135328 1034 1337 1593 3295000 
163 0 0 0 2310 510 4 10 7 10960 2563 33 17 40 64770 19899 100 44 94 501100 134327 1356 1607 952 3295000 
163 0 0 0 2310 505 6 6 9 10960 2548 28 21 24 64770 19898 100 56 63 501100 133017 2010 1055 1778 3295000 
163 0 0 0 2310 503 4 7 5 10960 2534 13 38 21 64770 19885 83 67 98 501100 131619 2018 1736 1255 3295000 
163 0 0 0 2310 489 9 12 6 10960 2506 23 17 49 64770 19845 121 96 44 501100 130401 1421 1899 2214 3295000 
164 0 0 0 2310 482 10 13 7 10960 2488 30 19 17 64770 19729 179 159 75 501100 129193 2010 1522 1540 3295000 
162 1 1 0 2310 463 23 12 9 10960 2464 38 30 14 64770 19692 168 92 196 501100 127955 2239 1490 1621 3295000 
158 2 3 1 2310 459 7 21 13 10960 2452 24 34 31 64770 19704 86 53 188 501100 127171 1814 1614 1667 3295000 
145 6 4 8 2310 443 13 17 17 10960 2414 25 39 41 64770 19687 61 84 88 501100 126022 1914 1977 1227 3295000 
143 5 3 4 2310 439 10 13 13 10960 2404 25 27 30 64770 19661 74 71 104 501100 124035 1381 2576 2484 3295000 
137 6 6 2 2310 430 11 9 14 10960 2388 38 10 30 64770 19607 77 84 111 501100 121926 1549 2424 2671 3295000 
124 14 6 5 2310 419 14 13 6 10960 2388 31 16 10 64770 19541 142 68 94 501100 119036 2136 3563 1738 3295000 
111 14 7 12 2310 410 4 21 13 10960 2345 39 32 28 64770 19455 134 121 119 501100 114997 3020 5162 2133 3295000 
103 11 5 14 2310 396 14 18 9 10960 2283 60 56 26 64770 19326 172 144 143 501100 110240 3066 5503 4943 3295000 
94 13 6 6 2310 384 14 12 20 10960 2228 50 72 58 64770 19162 286 130 144 501100 100376 6430 7928 4642 3295000 
88 12 6 7 2310 379 14 12 7 10960 2180 61 47 70 64770 19042 229 250 129 501100 96785 4893 9119 4519 3295000 
83 8 10 5 2310 373 6 13 15 10960 2145 37 50 63 64550 18975 151 153 310 499000 88851 7087 10538 4886 3273000 
80 2 10 9 2310 364 6 16 8 10960 2096 46 50 47 64550 18892 164 111 183 499000 84501 6899 8381 7257 3273000 
71 3 6 13 2310 360 4 9 15 10960 2040 64 67 29 64550 18777 158 241 67 499000 81397 4876 7594 6478 3273000 
66 4 6 4 2310 354 8 5 8 10960 1992 61 77 49 64550 18554 194 190 316 499000 77846 3880 5990 6710 3273000 
66 1 4 5 2310 351 6 7 5 10960 1928 74 66 71 64550 18362 277 228 142 499000 76061 2228 3734 6260 3273000 
62 2 4 3 2310 343 10 3 10 10960 1898 68 52 58 64550 18048 349 364 184 499000 75073 968 2328 4215 3273000 
60 2 3 3 2310 340 3 5 10 10960 1854 51 65 57 64550 17871 237 405 320 499000 73950 1577 2384 1023 3273000 
57 4 2 3 2310 338 4 6 2 10960 1822 47 50 60 64550 17535 395 303 358 499000 72915 1340 2904 1319 3273000 
56 3 1 3 2310 337 5 2 6 10960 1794 36 44 53 64550 17425 279 242 362 499000 72075 1403 1884 2362 3273000 
56 0 2 2 2310 336 7 1 2 10960 1761 29 58 35 64550 17293 305 264 159 499000 71754 830 1935 1407 3273000 
57 0 0 2 2310 337 3 5 2 10960 1753 26 35 43 64550 17161 304 276 195 499000 71260 877 1868 1079 3273000 
57 0 0 0 2310 326 10 9 2 10960 1751 21 15 35 64550 17019 274 323 198 499000 70858 1120 1468 1127 3273000 
58 0 0 0 2310 323 9 6 9 10960 1747 14 28 6 64550 16892 195 297 305 499000 70785 733 1390 1104 3273000 
58 0 0 0 2310 320 5 7 8 10960 1728 20 19 29 64550 16711 318 207 227 499000 70588 704 1162 1025 3273000 
58 0 0 0 2310 318 4 3 9 10960 1725 14 16 20 64550 16574 246 294 196 499000 70516 723 866 917 3273000 
59 0 0 0 2310 320 1 1 5 10960 1722 16 15 10 64550 16437 206 272 276 499000 70759 422 890 598 3273000 
59 0 0 0 2310 322 0 2 0 10960 1728 8 11 15 64550 16283 207 211 288 499000 71148 253 440 783 3273000 
59 0 0 0 2310 323 1 0 2 10960 1727 5 13 9 64550 16192 184 249 150 499000 71428 386 366 234 3273000 
59 0 0 0 2310 323 1 2 0 10960 1733 4 1 16 64550 16064 238 180 222 499000 71708 273 573 195 3273000 
59 0 0 0 2310 324 1 2 1 10960 1739 5 2 1 64550 15954 251 153 200 499000 71975 224 460 463 3273000 
60 0 0 0 2310 320 3 1 4 10960 1743 5 2 5 64550 15800 294 216 126 499000 72299 299 325 308 3273000 
60 0 0 0 2310 319 3 3 1 10960 1749 5 2 3 64550 15742 244 179 222 499000 72729 276 189 303 3273000 
61 0 0 0 2310 320 1 3 3 10960 1755 2 3 3 64550 15699 180 172 188 499000 73160 182 223 207 3273000 
61 0 0 0 2310 318 4 3 1 10960 1759 3 2 3 64550 15638 106 232 152 499000 73531 176 209 211 3273000 
61 0 0 0 2310 320 1 2 4 10960 1765 3 5 0 64550 15583 119 126 222 499000 73970 143 216 152 3273000 
62 0 0 0 2310 322 1 0 2 10960 1766 6 5 2 64550 15539 77 153 138 499000 74385 137 216 156 3273000 
62 0 0 0 2310 323 0 1 1 10960 1774 2 4 6 64550 15526 79 100 140 499000 74856 102 200 152 3273000 
63 0 0 0 2310 325 0 0 1 10960 1781 2 3 3 64550 15504 78 118 84 499000 75331 98 135 167 3273000 
63 0 0 0 2310 327 0 0 0 10960 1788 2 3 2 64550 15513 48 85 130 499000 75857 48 114 108 3273000 
63 0 0 0 2310 329 0 0 0 10960 1795 2 2 2 64550 15567 25 44 90 499000 76397 44 82 64 3273000 
64 0 0 0 2310 331 0 0 0 10960 1802 2 2 2 64550 15602 37 33 41 499000 76931 34 63 60 3273000 
64 0 0 0 2310 333 0 0 0 10960 1809 2 1 3 64550 15653 33 22 39 499000 77454 40 61 41 3273000 
65 0 0 0 2310 336 0 0 0 10960 1818 1 0 2 64550 15719 25 24 16 499000 77983 41 56 52 3273000 
65 0 0 0 2310 338 0 0 0 10960 1826 1 0 0 64550 15780 23 19 22 499000 78515 28 58 45 3273000 
65 0 0 0 2310 340 0 0 0 10960 1835 1 0 0 64550 15849 12 21 15 499000 79046 32 30 47 3273000 
66 0 0 0 2310 342 0 0 0 10960 1844 1 0 0 64550 15912 15 14 16 499000 79590 25 43 17 3273000 
80 0 0 0 2310 415 0 0 0 10960 2163 1 0 0 64550 18797 10 7 16 499000 100672 35 24 36 3273000 
80 0 0 0 2310 417 0 0 0 10960 2171 0 0 1 64550 18871 10 4 10 499000 101211 45 23 20 3273000 
80 0 0 0 2310 419 0 0 0 10960 2179 0 0 0 64550 18943 7 6 6 499000 101737 27 32 32 3273000 
80 0 0 0 2310 420 0 0 0 10960 2188 0 0 0 64550 19003 11 11 7 499000 102258 45 35 18 3273000 
81 0 0 0 2310 422 0 0 0 10960 2195 1 0 0 64550 19067 8 11 13 499000 102775 55 23 34 3273000 
81 0 0 0 2310 424 0 0 0 10960 2203 1 0 0 64550 19131 12 10 7 499000 103320 38 24 29 3273000 
82 0 0 0 2310 426 0 0 0 10960 2211 0 1 0 64550 19196 12 10 7 499000 103860 40 23 25 3273000 
82 0 0 0 2310 428 0 0 0 10960 2215 1 1 0 64550 19267 10 6 12 499000 104384 22 33 27 3273000 
83 0 0 0 2310 430 0 0 0 10960 2221 0 3 2 64550 19334 8 11 5 499000 104922 30 22 37 3273000 
83 0 0 0 2310 432 0 0 0 10960 2226 1 3 1 64550 19403 8 4 14 499000 105457 28 30 12 3273000 
83 0 0 0 2310 434 0 0 0 10960 2229 4 3 2 64550 19476 8 8 2 499000 105957 55 30 30 3273000 
84 0 0 0 2310 436 0 0 0 10960 2235 2 4 4 64550 19545 7 8 6 499000 106436 64 36 36 3273000 
84 0 0 0 2310 437 0 0 0 10960 2240 3 4 3 64550 19609 4 11 10 499000 106918 76 64 44 3273000 
85 0 0 0 2310 439 0 0 0 10960 2246 2 7 1 64550 19675 8 9 6 499000 107303 132 87 82 3273000 
85 0 0 0 2310 441 0 0 0 10960 2245 9 6 4 64550 19740 8 5 14 499000 107757 160 97 53 3273000 
85 0 0 0 2310 443 0 0 0 10960 2252 0 8 8 64550 19814 1 10 4 499000 108257 83 141 97 3273000 
86 0 0 0 2330 444 0 0 0 11020 2259 0 2 7 64600 19875 8 8 5 498500 108746 92 135 75 3253880 
86 0 0 0 2330 446 0 0 0 11020 2268 0 1 1 64600 19936 13 7 8 498500 109168 130 89 123 3253880 
87 0 0 0 2330 448 0 0 0 11020 2277 0 0 1 64600 19999 10 9 15 498500 109677 78 56 121 3253880 
87 0 0 0 2330 450 0 0 0 11020 2281 1 0 0 64600 20051 21 16 7 498500 110141 94 74 59 3253880 
87 0 0 0 2330 452 0 0 0 11020 2288 1 1 0 64600 20094 16 37 14 498500 110610 88 72 92 3253880 
88 0 0 0 2330 454 0 0 0 11020 2291 2 1 2 64600 20123 24 34 42 498500 111109 82 53 87 3253880 
87 0 0 0 2330 456 0 0 0 11020 2298 0 1 2 64600 20176 26 26 30 498500 111601 86 74 44 3253880 
88 0 0 0 2330 458 0 0 0 11020 2303 2 0 1 64600 20202 45 37 17 498500 112071 75 85 74 3253880 
88 0 0 0 2330 459 0 0 0 11020 2307 4 2 0 64600 20228 38 58 30 498500 112571 46 84 84 3253880 
88 0 0 0 2330 461 0 0 0 11020 2313 2 6 0 64600 20246 53 58 44 498500 113077 33 67 78 3253880 
89 0 0 0 2330 463 0 0 0 11020 2315 4 7 3 64600 20245 67 75 48 498500 113585 57 57 40 3253880 
89 0 0 0 2330 465 0 0 0 11020 2321 3 6 5 64600 20283 53 56 72 498500 114078 67 46 44 3253880 
90 0 0 0 2330 467 0 0 0 11020 2323 2 5 6 64600 20321 42 63 41 498500 114606 39 39 59 3253880 
90 0 0 0 2330 469 0 0 0 11020 2326 4 4 4 64600 20335 52 65 51 498500 115090 62 53 36 3253880 
90 0 0 0 2330 470 0 0 0 11020 2333 1 4 4 64600 20327 87 37 76 498500 115544 79 80 50 3253880 
91 0 0 0 2330 472 0 0 0 11020 2338 2 4 2 64600 20351 60 81 35 498500 116060 53 63 81 3253880 
91 0 0 0 2330 474 0 0 0 11020 2346 1 2 4 64600 20377 67 77 47 498500 116571 27 69 57 3253880 
92 0 0 0 2330 476 0 0 0 11020 2351 3 1 2 64600 20411 55 44 85 498500 117090 37 71 31 3253880 
92 0 0 0 2330 478 0 0 0 11020 2360 1 1 2 64600 20454 29 46 60 498500 117536 58 94 44 3253880 
92 0 0 0 2330 480 0 0 0 11020 2367 2 1 0 64600 20495 38 49 25 498500 117866 146 121 83 3253880 
93 0 0 0 2330 482 0 0 0 11020 2373 2 1 1 64600 20498 76 37 42 498500 118203 197 172 112 3253880 
93 0 0 0 2330 484 0 0 0 11020 2382 1 2 0 64600 20525 55 50 58 498500 118581 170 250 117 3253880 
94 0 0 0 2330 485 1 0 0 11020 2388 2 2 1 64600 20523 53 85 46 498500 118969 221 145 230 3253880 
94 0 0 0 2330 487 0 0 1 11020 2395 2 4 0 64600 20551 40 42 105 498500 119301 278 163 138 3253880 
94 0 0 0 2330 489 0 0 0 11020 2400 3 2 4 64600 20587 44 46 32 498500 119626 279 247 135 3253880 
95 0 0 0 2330 490 1 0 0 11020 2402 3 0 7 64600 20606 62 58 25 498500 119763 421 301 211 3253880 
95 0 0 0 2330 491 1 0 1 11020 2410 2 0 2 64600 20584 91 77 55 498500 120045 278 323 388 3253880 
96 0 0 0 2330 489 2 1 1 11020 2417 1 1 1 64600 20575 141 61 47 498500 120390 242 324 246 3253880 
96 0 0 0 2330 491 2 0 1 11020 2421 3 3 0 64600 20596 100 60 95 498500 120628 265 335 279 3253880 
96 0 0 0 2330 492 1 2 0 11020 2426 2 5 3 64600 20615 56 99 65 498500 120960 186 351 279 3253880 
97 0 0 0 2330 490 2 4 1 11020 2427 4 4 4 64600 20651 40 62 93 498500 121361 128 261 312 3253880 
97 0 0 0 2330 491 2 1 4 11020 2434 4 2 4 64600 20690 40 53 44 498500 121806 125 137 228 3253880 
98 0 0 0 2330 493 0 3 0 11020 2440 3 2 3 64600 20730 31 36 61 498500 122295 87 134 105 3253880 
98 0 0 0 2330 493 2 1 2 11020 2447 2 2 3 64600 20761 33 32 44 498500 122781 85 66 140 3253880 
98 0 0 0 2330 495 2 0 1 11020 2453 1 2 2 64600 20818 34 16 31 498500 123269 55 96 62 3253880 
99 0 0 0 2330 497 1 0 1 11020 2459 1 2 2 64600 20879 24 25 16 498500 123793 39 68 76 3253880 
112 0 0 0 2330 568 1 0 1 11020 2763 1 2 1 64600 23742 29 36 27 498500 144684 47 65 34 3253880 
113 0 0 0 2330 570 1 0 0 11020 2768 2 3 1 64600 23772 39 35 33 498500 145128 86 90 49 3253880 
113 0 0 0 2330 572 0 1 0 11020 2773 4 2 3 64600 23785 43 41 43 498500 145549 133 83 83 3253880 
113 0 0 0 2330 572 1 2 0 11020 2780 1 1 5 64600 23791 63 52 37 498500 145891 155 132 104 3253880 
114 0 0 0 2330 570 3 4 0 11020 2786 0 1 2 64600 23782 76 75 49 498500 146161 202 170 175 3253880 
114 0 0 0 2330 563 3 9 4 11020 2794 1 1 0 64600 23692 123 113 73 498500 146397 257 229 182 3253880 
115 0 0 0 2330 561 5 5 6 11020 2799 4 1 0 64600 23670 123 130 81 498500 146532 374 264 246 3253880 
115 0 0 0 2330 556 8 3 5 11020 2807 2 2 1 64600 23665 96 130 107 498500 146850 306 243 330 3253880 
115 0 0 0 2330 552 8 2 7 11020 2809 2 2 2 64600 23634 129 94 107 498500 146954 364 325 269 3253880 
116 0 0 0 2330 550 2 6 6 11020 2814 3 1 2 64600 23650 85 127 72 498500 146988 371 321 510 3253880 
116 0 0 0 2330 540 10 2 8 11020 2818 0 5 3 64600 23543 167 111 118 498500 147139 505 336 255 3253880 
117 0 0 0 2330 536 10 6 2 11020 2816 6 7 2 64600 23317 310 138 128 498500 146847 733 436 464 3253880 
117 0 0 0 2330 523 13 13 5 11020 2813 3 10 7 64600 23200 233 209 199 498500 146752 749 584 472 3253880 
117 0 0 0 2330 507 23 12 9 11020 2813 5 8 8 64600 22884 310 296 217 498500 146363 710 815 739 3253880 
118 0 0 0 2330 491 21 22 10 11020 2812 11 6 6 64600 22719 322 216 307 498500 146087 806 790 765 3253880 
118 0 0 0 2330 483 9 22 22 11020 2813 6 10 7 64600 22566 262 256 251 498500 146181 658 629 760 3253880 
119 0 0 0 2350 469 13 20 14 11100 2813 7 7 10 64220 22522 223 204 211 498800 145909 711 676 712 3225000 
119 0 0 0 2350 453 18 5 28 11100 2816 5 8 5 64220 22403 158 250 208 498800 145409 983 936 502 3225000 
119 0 0 0 2350 439 13 20 6 11100 2805 9 10 12 64220 22308 213 178 182 498800 144419 1147 1407 919 3225000 
120 0 0 0 2350 430 9 18 17 11100 2804 14 5 9 64220 22198 209 225 143 498800 142881 1913 1162 1578 3225000 
120 0 0 0 2350 419 12 8 20 11100 2796 24 4 7 64220 22012 264 207 222 498800 141204 2436 1931 918 3225000 
120 0 0 0 2350 420 7 3 11 11100 2778 23 22 9 64220 21855 287 185 225 498800 139854 2347 2477 1444 3225000 
121 0 0 0 2350 415 7 5 4 11100 2761 21 22 28 64220 21589 223 270 319 498800 137833 3022 2266 2105 3225000 
121 0 0 0 2350 414 5 5 5 11100 2732 23 29 27 64220 21142 337 373 297 498800 135344 2889 2064 3359 3225000 
121 0 0 0 2350 411 5 1 9 11100 2714 19 28 31 64220 20685 525 348 367 498800 133118 3165 1963 2589 3225000 
122 0 0 0 2350 412 2 2 3 11100 2687 31 31 20 64220 20304 521 446 362 498800 130567 3200 2940 2066 3225000 
122 0 0 0 2350 413 2 2 1 11100 2664 29 36 27 64220 19740 731 392 478 498800 129140 2590 2712 2791 3225000 
122 0 0 0 2350 411 2 3 3 11100 2606 45 38 48 64220 19550 529 367 491 498800 125683 4060 3458 1789 3225000 
122 0 0 0 2350 406 5 4 3 11100 2557 66 35 35 64220 19078 533 511 400 498800 121808 4346 3543 4034 3225000 
123 0 0 0 2350 404 8 1 4 11100 2497 75 62 32 64220 18571 658 482 475 498800 118733 3433 4332 3749 3225000 
123 0 0 0 2350 397 5 5 5 11100 2424 93 81 43 64220 18251 579 523 433 498800 116168 3871 4416 2579 3225000 
123 0 0 0 2350 388 7 12 1 11100 2380 73 100 54 64220 18000 403 500 519 498800 114189 2661 4371 3782 3225000 
124 0 0 0 2350 385 7 6 11 11100 2358 35 78 90 64220 17787 224 442 520 498800 111288 3218 3824 3414 3225000 
124 0 0 0 2350 379 10 9 2 11100 2316 51 50 61 64220 17566 278 356 323 498800 109440 2927 2600 3914 3225000 
124 0 0 0 2350 378 5 5 12 11100 2274 65 41 43 64220 17267 300 381 321 498800 106866 3697 2542 2410 3225000 
122 2 1 0 2350 376 5 5 4 11100 2229 51 79 30 64220 17012 248 352 411 498800 104473 2336 3473 3379 3225000 
122 2 0 1 2350 374 5 4 5 11100 2150 92 81 44 64220 16454 432 556 246 498800 103831 1669 2125 3216 3225000 
122 2 0 0 2350 371 4 5 5 11100 2102 62 75 92 64220 16067 495 387 565 498800 101938 2312 2618 1323 3225000 
122 2 1 0 2350 370 2 3 5 11100 2054 67 61 65 64220 15777 544 438 260 498800 100261 1439 3387 2337 3225000 
120 1 2 2 2350 370 2 5 0 11100 2010 47 73 60 64220 15375 500 444 516 498800 99248 1437 2485 2461 3225000 
120 1 0 2 2350 370 1 1 7 11100 1942 45 78 74 64220 15089 572 421 308 498800 98422 1358 2184 1764 3225000 
121 0 1 0 2350 371 1 0 1 11100 1914 35 49 74 64220 14780 579 456 342 498800 98252 907 1727 1622 3225000 
119 1 1 1 2350 373 0 1 0 11100 1899 22 40 46 64220 14456 611 322 501 498800 97677 789 1440 1525 3225000 
116 2 2 1 2350 374 1 0 1 11100 1888 18 30 33 64220 14231 475 470 290 498800 97127 1023 888 1436 3225000 
116 0 2 3 2350 375 1 0 0 11100 1872 22 23 28 64220 14131 346 342 432 498800 97188 835 632 887 3225000 
116 0 0 2 2350 377 0 0 1 11100 1870 11 25 17 64220 14050 230 352 260 498800 97402 598 779 420 3225000 
116 0 0 0 2350 378 0 0 0 11100 1875 3 15 21 64220 13965 175 229 334 498800 97123 552 619 1032 3225000 
117 0 0 0 2350 380 0 0 0 11100 1879 5 8 9 64220 13942 156 115 233 498800 97290 434 687 442 3225000 
116 0 0 0 2350 382 0 0 0 11100 1884 3 8 3 64220 13927 107 192 61 498800 97294 504 697 475 3225000 
116 0 0 0 2350 384 0 0 0 11100 1887 6 2 8 64220 13906 95 154 147 498800 97323 546 695 495 3225000 
117 0 0 0 2350 386 0 0 0 11100 1888 6 2 4 64220 13930 45 88 168 498800 97300 643 641 529 3225000 
117 0 0 0 2350 388 0 0 0 11100 1890 10 3 1 64220 13978 31 90 39 498800 97462 626 498 557 3225000 
128 0 0 0 2350 455 0 0 0 11100 2185 10 5 5 64220 16744 59 49 72 498800 117806 586 627 394 3225000 
129 0 0 0 2350 457 0 0 0 11100 2185 9 11 3 64220 16784 44 43 49 498800 117959 526 485 617 3225000 
129 0 0 0 2350 457 1 0 0 11100 2175 20 6 12 64220 16822 39 44 42 498800 118141 512 483 395 3225000 
129 0 0 0 2350 458 2 0 0 11100 2177 6 14 13 64220 16801 58 72 47 498800 118277 498 523 395 3225000 
130 0 0 0 2350 459 1 2 0 11100 2177 4 15 7 64220 16845 47 51 61 498800 118623 420 275 541 3225000 
130 0 0 0 2350 460 2 2 0 11100 2173 5 13 11 64220 16887 38 61 32 498800 118937 239 368 319 3225000 
130 0 0 0 2350 461 1 1 3 11100 2169 11 9 10 64220 16873 65 68 47 498800 119052 364 350 319 3225000 
129 0 0 0 2350 462 1 0 1 11100 2176 9 8 5 64220 16902 50 40 92 498800 119305 371 270 365 3225000 
130 0 0 0 2350 464 0 0 1 11100 2179 6 11 5 64220 16948 38 35 42 498800 119630 319 373 163 3225000 
130 0 0 0 2350 466 0 0 0 11100 2168 14 11 11 64220 16997 41 27 31 498800 119886 348 339 278 3225000 
130 0 0 0 2350 465 1 0 0 11100 2166 11 12 11 64220 17055 24 27 34 498800 120217 362 200 336 3225000 
131 0 0 0 2350 467 0 1 0 11100 2161 12 12 12 64220 17105 23 27 25 498800 120588 220 241 283 3225000 
131 0 0 0 2350 467 1 1 1 11100 2158 10 10 15 64220 17152 25 13 40 498800 120720 295 276 303 3225000 
131 0 0 0 2350 469 1 0 1 11100 2158 10 8 11 64220 17214 15 17 20 498800 120873 295 322 347 3225000 
132 0 0 0 2350 471 0 1 0 11100 2151 10 17 5 64220 17268 13 16 21 498800 121141 356 244 280 3225000 
132 0 0 0 2350 471 1 2 0 11100 2138 21 9 16 64220 17337 10 2 22 498800 121513 276 282 220 3225000 
132 0 0 0 2350 470 2 2 1 11230 2141 11 13 11 63900 17404 8 5 1 499400 121899 196 205 296 3204000 
132 0 0 0 2350 471 1 3 1 11230 2144 6 11 13 63900 17472 3 6 9 499400 122254 258 206 130 3204000 
133 0 0 0 2350 468 2 5 2 11230 2141 8 10 9 63900 17534 7 5 5 499400 122606 219 349 88 3204000 
133 0 0 0 2350 466 4 3 3 11230 2147 4 10 6 63900 17602 10 4 3 499400 122850 265 367 223 3204000 
134 0 0 0 2350 461 3 9 2 11230 2148 3 5 13 63900 17666 11 9 4 499400 123189 248 319 256 3204000 
134 0 0 0 2350 449 8 17 1 11230 2151 5 3 5 63900 17731 8 6 14 499400 123344 346 291 323 3204000 
135 0 0 0 2350 435 16 13 12 11230 2150 8 2 7 63900 17788 5 5 13 499400 123612 289 250 369 3204000 
136 0 0 0 2350 409 19 24 13 11230 2157 3 6 3 63900 17850 7 6 7 499400 123957 306 216 219 3204000 
136 0 0 0 2350 377 34 29 14 11230 2163 3 7 0 63900 17911 15 5 5 499400 124318 317 144 223 3204000 
137 0 0 0 2350 358 33 23 28 11230 2169 5 5 3 63900 17963 19 12 5 499400 124568 292 249 207 3204000 
137 0 0 0 2350 345 20 35 16 11230 2171 7 5 4 63900 18016 18 20 13 499400 124720 322 308 286 3204000 
138 0 0 0 2350 329 17 22 33 11230 2166 7 7 11 63900 18062 16 32 17 499400 124913 339 250 391 3204000 
139 0 0 0 2350 307 21 12 29 11230 2168 7 5 7 63900 18115 15 28 27 499400 125153 399 175 320 3204000 
139 0 0 0 2350 304 13 10 15 11230 2163 10 9 6 63900 18157 34 15 29 499400 125558 339 161 202 3204000 
140 0 0 0 2350 293 14 12 10 11230 2161 9 11 8 63900 18195 32 26 24 499400 125853 335 269 133 3204000 
139 0 0 0 2350 295 7 11 8 11230 2164 8 8 10 63900 18259 21 23 26 499400 126096 255 391 209 3204000 
140 0 0 0 2350 293 9 4 9 11230 2168 3 8 8 63900 18317 18 17 19 499400 126322 342 163 463 3204000 
140 0 0 0 2350 291 6 7 4 11230 2175 0 3 8 63900 18376 15 16 17 499400 126690 288 229 166 3204000 
141 0 0 0 2350 288 5 7 5 11230 2181 1 1 2 63900 18430 24 12 13 499400 126934 345 195 248 3204000 
142 0 0 0 2350 289 5 4 4 11230 2185 1 3 1 63900 18483 9 29 14 499400 127287 237 279 216 3204000 
142 0 0 0 2350 289 3 4 4 11230 2193 1 0 3 63900 18529 18 27 21 499400 127506 362 233 213 3204000 
143 0 0 0 2350 289 3 4 2 11230 2200 1 0 1 63900 18573 18 25 24 499400 127740 292 377 235 3204000 
143 0 0 0 2350 289 1 5 3 11230 2205 1 1 0 63900 18607 28 31 15 499400 128017 299 362 274 3204000 
144 0 0 0 2350 289 0 3 5 11230 2210 4 0 1 63900 18640 42 23 30 499400 128256 281 367 319 3204000 
144 0 0 0 2350 291 0 0 3 11230 2214 5 1 2 63900 18674 56 25 24 499400 128248 452 405 310 3204000 
145 0 0 0 2350 292 0 0 0 11230 2218 5 3 2 63900 18705 33 41 49 499400 128101 505 476 568 3204000 
145 1 0 0 2350 294 0 0 0 11230 2222 4 2 3 63900 18726 42 37 49 499400 127829 741 589 446 3204000 
143 0 1 1 2350 295 0 0 0 11230 2224 3 6 1 63900 18773 25 38 45 499400 127302 1039 1056 294 3204000 
143 1 0 1 2350 296 1 0 0 11230 2220 8 8 5 63900 18815 23 47 26 499400 126947 1276 1064 646 3204000 
143 0 0 1 2350 298 0 1 0 11230 2221 9 7 8 63900 18835 27 46 42 499400 127056 784 906 1059 3204000 
144 0 0 0 2350 299 0 2 0 11230 2223 10 3 8 63900 18856 47 34 39 499400 127082 432 841 922 3204000 
144 0 0 0 2350 301 0 1 1 11230 2226 5 10 2 63900 18892 50 25 41 499400 127016 343 705 819 3204000 
145 0 0 0 2350 302 0 2 0 11230 2235 3 4 8 63900 18943 31 41 27 499400 127148 464 562 427 3204000 
146 0 0 0 2350 303 0 0 2 11230 2241 2 4 2 63900 18966 42 60 19 499400 127329 455 569 363 3204000 
146 0 0 0 2350 305 0 0 0 11230 2247 1 2 4 63900 19010 44 47 40 499400 127334 339 726 498 3204000 
147 0 0 0 2350 307 0 0 0 11230 2252 2 0 3 63900 19029 40 56 42 499400 127390 362 476 694 3204000 
167 0 0 0 2350 373 0 0 0 11230 2544 2 1 1 63900 21769 34 48 54 499400 147387 307 507 477 3204000 
168 0 0 0 2350 375 0 0 0 11230 2551 2 2 1 63900 21744 71 78 25 499400 147341 462 453 475 3204000 
168 0 0 0 2350 376 0 0 0 11230 2554 5 0 2 63900 21722 124 46 71 499400 147314 687 356 435 3204000 
170 0 0 0 2350 377 0 0 0 11230 2557 6 3 0 63900 21706 97 84 75 499400 147009 730 617 516 3204000 
171 0 0 0 2350 377 1 0 0 11230 2560 6 7 2 63900 21654 102 100 98 499400 146781 874 572 676 3204000 
170 1 0 0 2350 379 1 0 0 11230 2561 8 2 8 63900 21548 123 111 146 499400 146484 767 957 544 3204000 
170 1 1 0 2350 381 0 0 1 11230 2555 14 7 3 63900 21500 130 101 119 499400 145907 1217 961 654 3204000 
166 1 3 2 2350 383 0 0 0 11230 2555 15 9 5 63900 21453 127 77 150 499400 145381 1322 627 1278 3204000 
162 3 3 3 2350 385 0 0 0 11230 2556 12 13 5 63900 21459 141 77 53 499400 144971 960 1080 869 3204000 
160 4 2 2 2350 387 0 0 0 11230 2533 24 18 12 63900 21340 146 126 132 499400 144396 1185 1080 875 3204000 
155 5 4 3 2350 389 0 0 0 11230 2519 18 22 25 63900 21213 157 167 148 499400 144098 666 1534 903 3204000 
141 16 6 2 2350 390 0 0 0 11230 2501 20 23 23 63900 21086 153 211 162 499400 143165 1375 1327 951 3204000 
129 9 13 12 2350 392 0 0 0 11230 2487 32 14 18 63900 20971 188 271 90 499400 142383 1548 952 1515 3204000 
102 18 17 15 2350 394 0 0 0 11230 2471 24 32 12 63900 20840 177 220 265 499400 141559 1430 1144 1264 3204000 
97 11 15 14 2350 396 0 0 0 11230 2456 17 35 27 63900 20635 266 236 161 499400 139955 1587 1668 1465 3204000 
84 13 17 10 2350 397 0 1 0 11230 2427 25 38 23 63900 20547 294 165 204 499400 139348 1586 1729 1046 3204000 
77 14 11 13 2400 398 1 0 1 11270 2414 32 12 40 65130 20413 229 183 248 499610 138648 1576 1874 1103 3194480 
70 11 12 9 2400 400 0 1 0 11270 2410 10 25 18 65130 20372 183 152 194 499610 137580 2245 1983 824 3194480 
65 9 12 7 2400 399 3 1 0 11270 2405 7 16 24 65130 20308 235 119 119 499610 135899 2809 1773 1899 3194480 
55 11 12 9 2400 401 2 0 2 11270 2389 19 15 13 65130 20281 170 134 154 499610 134232 1731 3206 1884 3194480 
48 7 12 11 2400 403 2 0 0 11270 2382 17 12 19 65130 20252 137 171 98 499610 132708 2061 2326 2614 3194480 
45 3 10 10 2400 404 1 1 1 11270 2374 11 17 16 65130 20141 208 140 142 499610 130175 3468 1577 2438 3194480 
41 4 3 10 2400 405 2 0 1 11270 2371 9 14 16 65130 19941 277 233 114 499610 129026 2548 2338 1879 3194480 
38 5 2 3 2400 406 1 2 0 11270 2364 8 17 13 65130 19691 396 224 218 499610 126466 3700 1218 3093 3194480 
37 6 0 3 2400 405 3 3 0 11270 2360 16 4 17 65130 19493 390 192 309 499610 123646 2418 3273 2598 3194480 
37 1 4 1 2400 406 2 2 3 11270 2356 10 14 8 65130 19410 184 279 276 499610 122743 2001 2473 2674 3194480 
38 1 1 3 2400 405 3 4 1 11270 2355 12 13 7 65130 19182 255 216 287 499610 121709 1936 2389 1725 3194480 
38 0 2 0 2400 404 2 4 4 11270 2344 19 11 13 65130 18912 357 238 219 499610 120838 1989 1749 1997 3194480 
39 0 2 0 2400 399 4 5 4 11270 2332 20 14 16 65130 18783 271 261 264 499610 119658 1685 1898 1898 3194480 
39 0 0 2 2400 395 3 6 6 11270 2331 14 15 13 65130 18549 313 238 286 499610 117701 2625 1916 1561 3194480 
39 0 0 0 2400 396 1 4 5 11270 2313 16 27 11 65130 18301 294 349 234 499610 115849 2423 2530 1996 3194480 
40 0 0 0 2400 396 3 1 3 11270 2305 18 17 23 65130 18045 396 323 257 499610 114810 2464 2026 2056 3194480 
40 0 0 0 2400 398 2 2 0 11270 2293 21 20 13 65130 17893 258 397 293 499610 114146 1413 1628 2672 3194480 
41 0 0 0 2400 399 1 2 2 11270 2283 21 23 15 65130 17840 224 154 403 499610 113535 912 2304 997 3194480 
41 0 0 0 2400 396 2 3 2 11270 2278 13 20 24 65130 17777 151 197 169 499610 112387 1814 1082 2034 3194480 
42 0 0 0 2400 391 7 1 4 11270 2239 48 16 16 65130 17690 144 163 199 499610 112098 1533 755 1453 3194480 
42 0 0 0 2400 389 8 3 1 11270 2218 41 27 24 65130 17704 105 154 111 499610 111669 969 1333 976 3194480 
42 0 0 0 2400 385 7 6 5 11270 2196 36 30 29 65130 17635 139 170 93 499610 110334 1720 1189 1299 3194480 
42 1 0 0 2400 379 11 7 3 11270 2186 20 30 33 65130 17630 112 88 191 499610 109466 1361 1471 1529 3194480 
42 1 0 0 2400 374 11 3 10 11270 2174 11 31 27 65130 17625 78 84 118 499610 108766 1541 1332 1236 3194480 
43 0 0 1 2400 373 9 6 2 11270 2165 17 19 23 65130 17640 71 110 41 499610 108530 1679 987 1016 3194480 
43 0 0 0 2400 364 13 11 2 11270 2158 18 13 20 65130 17603 87 111 97 499610 108204 1938 618 1007 3194480 
44 0 0 0 2400 350 19 12 8 11270 2150 18 14 16 65130 17578 117 68 116 499610 108479 878 953 1014 3194480 
44 0 0 0 2400 340 19 14 10 11270 2138 23 12 16 65130 17505 133 92 108 499610 107920 1158 645 1143 3194480 
44 0 0 0 2400 325 19 13 18 11270 2119 32 14 14 65130 17506 89 107 104 499610 107573 1234 929 545 3194480 
45 0 0 0 2400 319 10 22 8 11270 2115 20 19 16 65130 17475 131 84 90 499610 107631 704 1133 843 3194480 
45 0 0 0 2400 312 8 13 20 11270 2110 15 13 23 65130 17470 127 103 70 499610 107573 837 752 871 3194480 
46 0 0 0 2400 309 6 6 14 11270 2109 11 9 17 65130 17494 92 106 87 499610 107822 523 711 650 3194480 
46 0 0 0 2400 311 4 5 3 11270 2116 0 11 9 65130 17495 99 81 96 499610 108084 367 637 532 3194480 
47 0 0 0 2400 313 3 3 3 11270 2122 2 5 6 65130 17515 61 56 115 499610 108322 403 356 568 3194480 
47 0 0 0 2400 314 0 5 2 11270 2129 1 3 4 65130 17544 43 47 76 499610 108685 299 276 380 3194480 
47 0 0 0 2400 312 2 6 1 11270 2135 3 1 3 65130 17580 58 45 32 499610 108988 329 279 239 3194480 
62 0 0 0 2400 383 2 6 3 11270 2424 1 2 1 65130 20440 47 36 46 499610 130152 304 270 296 3194480 
62 0 0 0 2400 379 5 5 4 11270 2429 1 5 0 65130 20487 38 28 43 499610 130197 507 279 307 3194480 
63 0 0 0 2400 377 2 6 6 11270 2433 2 1 5 65130 20511 43 40 32 499610 130465 346 492 239 3194480 
63 0 0 0 2400 379 2 2 4 11270 2437 3 2 2 65130 20532 49 52 38 499610 130219 743 644 265 3194480 
64 0 0 0 2400 378 1 3 3 11270 2437 7 2 3 65130 20585 39 36 51 499610 129729 911 951 573 3194480 
64 0 0 0 2400 379 1 2 2 11270 2437 9 3 4 65130 20604 50 57 23 499610 129127 1129 1307 611 3194480 
60 3 1 0 2400 379 0 2 3 11270 2441 7 4 4 65130 20580 88 73 46 499610 127960 1516 1299 1346 3194480 
61 3 0 1 2400 380 2 1 1 11270 2434 11 7 7 65130 20564 82 97 67 499610 127124 974 2093 1145 3194480 
61 1 1 1 2400 379 2 0 4 11270 2437 9 7 7 65130 20592 41 112 73 499610 126395 1438 1528 1377 3194480 
62 0 0 2 2400 376 4 2 1 11270 2431 19 7 5 65130 20615 44 64 95 499610 125874 1180 1640 1234 3194480 
62 0 0 0 2400 375 3 3 3 11270 2427 18 9 10 65130 20595 78 56 70 499610 125833 862 1114 1459 3194480 
63 0 0 0 2400 375 3 3 2 11270 2421 19 11 11 65130 20572 104 55 64 499610 124865 817 1870 819 3194480 
63 0 0 0 2400 373 2 4 4 11270 2418 19 7 14 65130 20596 53 82 68 499610 124172 1206 1733 1010 3194480 
63 0 0 0 2400 373 2 2 4 11270 2409 23 8 10 65130 20568 58 104 74 499610 123514 1290 1528 1344 3194480 
64 0 0 0 2400 374 1 4 0 11270 2401 23 18 6 65130 20527 108 76 91 499610 121817 2096 1387 1591 3194480 
64 0 0 0 2400 375 1 2 3 11270 2391 17 18 23 65130 20550 56 107 75 499610 120471 1646 2904 848 3194480 
65 0 0 0 2400 373 3 4 0 11270 2381 17 17 17 65130 20545 64 92 87 499610 118002 2643 2461 2477 3194480 
65 0 0 0 2250 374 4 3 1 11380 2374 10 21 18 66180 20571 62 68 78 494650 117670 1508 1747 2748 3179980 
65 0 0 0 2250 371 4 3 3 11380 2351 19 27 15 66180 20548 74 94 68 494650 117000 1504 2064 940 3179980 
66 0 0 0 2250 370 0 6 4 11380 2339 30 17 17 66180 20498 82 130 89 494650 116675 822 1937 1697 3179980 
67 0 0 0 2250 372 0 3 3 11380 2306 39 28 21 66180 20461 127 87 112 494650 116280 1058 1098 1550 3179980 
66 0 0 0 2250 370 2 3 2 11380 2297 22 18 44 66180 20458 115 114 71 494650 115720 1328 800 1178 3179980 
67 0 0 0 2250 367 5 5 0 11380 2283 22 18 22 66180 20347 139 172 112 494650 115991 868 810 764 3179980 
67 0 0 0 2250 362 6 5 6 11380 2281 22 12 16 66180 20220 215 132 170 494650 115426 1108 1019 670 3179980 
68 0 0 0 2250 363 6 0 6 11380 2274 12 27 9 66180 20108 218 124 196 494650 115061 1398 743 923 3179980 
68 0 0 0 2250 363 5 3 0 11380 2267 13 20 21 66180 20030 145 224 127 494650 115306 1113 561 784 3179980 
69 0 0 0 2250 362 3 4 4 11380 2261 13 20 14 66180 19722 268 312 176 494650 115103 795 798 848 3179980 
69 0 0 0 2250 362 1 2 6 11380 2257 14 19 12 66180 19465 325 312 280 494650 114513 1013 1001 756 3179980 
70 0 0 0 2250 357 4 2 4 11380 2245 13 19 21 66180 19286 308 240 348 494650 113714 1320 1214 857 3179980 
70 0 0 0 2250 356 4 0 4 11380 2237 12 26 10 66180 18999 418 349 148 494650 112757 1551 1415 1104 3179980 
71 0 0 0 2250 358 3 1 0 11380 2217 33 18 13 66180 18760 467 282 336 494650 112222 1100 1354 1638 3179980 
71 0 0 0 2250 360 1 2 1 11380 2212 25 19 19 66180 18451 525 359 254 494650 111749 1142 1274 1093 3179980 
72 0 0 0 2250 358 3 3 1 11380 2210 21 6 27 66180 18353 422 317 322 494650 111907 829 560 1445 3179980 
72 0 0 0 2250 357 4 2 3 11380 2209 14 12 10 66180 18281 197 387 307 494650 112315 489 453 607 3179980 
73 0 0 0 2250 356 4 4 1 11380 2198 13 21 10 66180 17970 369 202 398 494650 112374 532 569 356 3179980 
73 0 0 0 2250 356 3 2 5 11380 2178 21 19 20 66180 17853 208 299 261 494650 112617 384 625 418 3179980 
74 0 0 0 2250 357 2 3 1 11380 2172 19 15 19 66180 17808 232 119 285 494650 112529 427 507 748 3179980 
75 0 0 0 2250 357 2 2 3 11380 2155 19 20 19 66180 17806 94 208 135 494650 112508 589 365 586 3179980 
75 0 0 0 2250 359 2 0 2 11380 2146 22 19 14 66180 17711 96 194 187 494650 112812 471 350 402 3179980 
76 0 0 0 2250 361 1 1 0 11380 2134 19 11 29 66180 17593 180 177 136 494650 113189 437 334 260 3179980 
76 0 0 0 2250 362 1 0 1 11380 2125 10 14 23 66180 17528 154 189 159 494650 113415 377 444 299 3179980 
77 0 0 0 2250 364 1 0 0 11380 2121 13 13 10 66180 17463 94 273 124 494650 113399 543 462 384 3179980 
77 0 0 0 2250 366 0 1 0 11380 2123 8 7 17 66180 17294 203 248 166 494650 113675 383 428 482 3179980 
78 0 0 0 2250 367 1 0 1 11380 2129 7 7 3 66180 16965 377 311 173 494650 113764 530 482 285 3179980 
78 0 0 0 2250 369 0 1 0 11380 2125 10 5 10 66180 16701 335 418 274 494650 114040 504 367 440 3179980 
79 0 0 0 2250 370 0 1 1 11380 2132 3 4 8 66180 16448 345 308 435 494650 114372 336 358 435 3179980 
79 0 0 0 2250 372 0 1 0 11380 2139 1 3 4 66180 16365 342 326 152 494650 114582 485 339 238 3179980 
80 0 0 0 2250 373 0 0 1 11380 2147 1 0 3 66180 16185 293 359 278 494650 114978 386 285 334 3179980 
80 0 0 0 2250 375 0 0 0 11380 2151 1 2 2 66180 16077 255 276 309 494650 115245 261 455 266 3179980 
81 0 0 0 2250 377 0 0 0 11380 2155 4 2 1 66180 15988 278 197 229 494650 115569 228 356 364 3179980 
80 0 0 0 2250 378 1 0 0 11380 2162 2 3 2 66180 15961 186 208 187 494650 115904 304 236 286 3179980 
81 0 0 0 2250 380 0 1 0 11380 2167 0 5 1 66180 15848 214 193 180 494650 116266 248 316 172 3179980 
99 0 0 0 2250 448 0 0 1 11380 2451 2 2 4 66180 18849 148 96 260 494650 137696 200 273 305 3179980 
99 0 0 0 2250 449 0 0 0 11380 2459 0 2 2 66180 18865 107 87 116 494650 138038 256 178 239 3179980 
100 0 0 0 2250 451 0 0 0 11380 2462 4 1 2 66180 18784 177 112 69 494650 138334 257 252 203 3179980 
100 0 0 0 2250 453 0 0 0 11380 2468 3 0 4 66180 18694 133 213 116 494650 138530 360 285 220 3179980 
101 0 0 0 2250 454 1 0 0 11380 2470 4 5 0 66180 18592 198 168 164 494650 138897 247 354 240 3179980 
101 0 0 0 2250 455 1 0 0 11380 2471 3 6 4 66180 18545 160 160 173 494650 138994 446 328 295 3179980 
102 0 0 0 2250 456 1 1 0 11380 2467 6 13 1 66180 18466 81 219 182 494650 139076 436 547 282 3179980 
102 0 0 0 2250 455 0 4 0 11380 2457 13 9 14 66180 18400 138 167 142 494650 139076 436 493 598 3179980 
103 0 0 0 2250 456 1 3 1 11380 2461 9 16 1 66180 18349 102 149 175 494650 139405 348 360 462 3179980 
103 0 0 0 2250 453 5 3 1 11380 2450 16 15 13 66180 18283 139 163 96 494650 139363 576 494 246 3179980 
104 0 0 0 2250 449 6 2 6 11380 2442 18 16 13 66180 18249 124 160 131 494650 139353 466 733 442 3179980 
104 0 0 0 2250 447 6 6 0 11380 2432 19 20 11 66180 18179 133 140 164 494650 139469 364 913 373 3179980 
105 0 0 0 2250 442 4 6 9 11380 2423 14 23 19 66180 18118 117 191 100 494650 138395 1169 620 1135 3179980 
105 0 0 0 2250 440 5 4 4 11380 2406 25 8 26 66180 18100 145 133 128 494650 138519 498 964 767 3179980 
106 0 0 0 2250 439 4 3 4 11380 2403 17 16 9 66180 18022 139 163 132 494650 138010 799 957 770 3179980 
106 0 0 0 2250 435 4 6 3 11380 2381 26 26 11 66180 17925 207 149 125 494650 136995 1416 1272 644 3179980 
107 0 0 0 2250 435 5 0 7 11380 2369 20 35 17 66180 17927 132 132 171 494650 135915 1925 1303 1110 3179980 
107 0 0 0 2290 436 3 2 1 11520 2362 11 22 36 66640 17948 90 128 102 495240 136079 1110 797 1732 3185770 
107 0 0 0 2290 436 0 5 2 11520 2365 9 10 20 66640 17965 74 81 129 495240 135772 1315 814 676 3185770 
107 0 0 0 2290 431 5 2 5 11520 2358 15 15 5 66640 17941 109 81 69 495240 134951 1095 1770 692 3185770 
108 0 0 0 2290 431 4 2 3 11520 2353 14 11 16 66640 17919 118 97 77 495240 133307 1638 2085 1364 3185770 
108 0 0 0 2290 429 5 4 1 11520 2359 8 6 14 66640 17886 84 139 110 495240 130344 2656 1721 2883 3185770 
108 0 0 0 2290 426 4 7 3 11520 2356 9 12 3 66640 17829 144 132 85 495240 129394 1944 2815 1139 3185770 
109 0 0 0 2290 424 5 3 7 11520 2345 17 8 14 66640 17792 147 112 140 495240 127913 2283 2323 2223 3185770 
109 0 0 0 2290 421 3 8 1 11520 2341 24 6 6 66640 17811 100 57 164 495240 127099 1210 2822 1961 3185770 
109 0 0 0 2290 411 8 6 9 11520 2336 22 11 10 66640 17775 121 103 51 495240 125842 1847 1549 2483 3185770 
110 0 0 0 2290 402 12 8 5 11520 2338 15 15 10 66640 17709 140 134 99 495240 124744 1853 1467 1755 3185770 
110 0 0 0 2290 392 14 9 9 11520 2325 10 24 15 66640 17709 116 148 90 495240 123580 2290 1594 1201 3185770 
110 0 0 0 2290 393 4 11 8 11520 2303 28 16 20 66640 17692 140 69 151 495240 123102 1285 1620 2031 3185770 
110 0 0 0 2290 392 4 9 5 11520 2298 21 21 15 66640 17702 101 69 106 495240 122202 1438 1191 1753 3185770 
111 0 0 0 2290 384 4 8 11 11520 2286 24 22 15 66640 17669 94 109 82 495240 122161 818 1209 1241 3185770 
110 1 0 0 2290 379 4 7 8 11520 2261 30 25 24 66640 17670 100 87 94 495240 122099 950 793 919 3185770 
109 1 0 0 2290 375 7 7 3 11520 2254 20 32 18 66640 17707 35 111 84 495240 122199 800 523 900 3185770 
110 1 0 0 2290 373 7 6 5 11520 2248 20 20 25 66640 17661 109 90 70 495240 122429 567 499 616 3185770 
109 1 0 1 2290 370 3 7 7 11520 2252 10 18 16 66640 17672 125 68 78 495240 122518 592 429 536 3185770 
109 1 0 0 2290 371 3 1 7 11520 2239 17 20 13 66640 17707 110 72 57 495240 122358 803 634 333 3185770 
110 0 0 1 2290 372 2 1 2 11520 2235 13 14 22 66640 17635 87 172 80 495240 122060 1095 654 570 3185770 
110 0 0 0 2290 372 3 2 0 11520 2227 10 21 12 66640 17458 182 181 156 495240 121878 1135 670 727 3185770 
110 0 0 0 2290 371 4 2 2 11520 2221 14 21 11 66640 17417 141 218 130 495240 121961 747 947 598 3185770 
111 0 0 0 2290 371 1 4 3 11520 2210 12 18 24 66640 17301 206 182 170 495240 121470 682 1340 761 3185770 
111 0 0 0 2290 371 2 2 3 11520 2206 14 15 13 66640 17156 216 204 192 495240 121095 808 1002 1179 3185770 
111 0 0 0 2290 373 0 3 1 11520 2198 13 20 12 66640 17184 166 206 101 495240 120925 947 754 855 3185770 
111 0 0 0 2290 375 0 0 3 11520 2192 14 9 25 66640 17124 166 156 193 495240 120730 1135 672 662 3185770 
112 0 0 0 2290 377 0 0 0 11520 2183 18 10 12 66640 17034 140 178 176 495240 120729 672 1244 482 3185770 
112 0 0 0 2290 379 0 0 0 11520 2179 9 17 13 66640 16983 137 122 193 495240 120240 901 1065 1036 3185770 
112 0 0 0 2290 380 1 0 0 11520 2179 12 7 16 66640 16963 121 105 135 495240 119849 1133 1001 792 3185770 
113 0 0 0 2290 381 1 1 0 11520 2182 12 3 9 66640 16945 114 121 87 495240 119959 819 950 840 3185770 
112 0 0 0 2290 383 1 1 0 11520 2180 6 15 4 66640 16934 95 138 97 495240 119848 794 688 999 3185770 
112 0 0 0 2290 385 0 2 0 11520 2185 4 10 10 66640 16855 158 108 131 495240 119885 977 541 504 3185770 
113 0 0 0 2290 387 0 1 1 11520 2189 5 3 10 66640 16849 96 133 125 495240 119933 773 578 705 3185770 
113 0 0 0 2290 389 0 0 1 11520 2195 2 4 5 66640 16856 61 104 141 495240 120080 873 546 388 3185770 
113 0 0 0 2290 391 0 0 0 11520 2200 2 2 4 66640 16847 95 93 68 495240 120132 596 757 607 3185770 
114 0 0 0 2290 392 1 0 0 11520 2206 3 2 1 66640 16854 91 76 94 495240 120100 696 643 635 3185770 
124 0 0 0 2290 464 0 1 0 11520 2508 8 1 1 66640 19915 74 69 92 495240 141458 718 724 783 3185770 
124 0 0 0 2290 466 0 0 1 11520 2511 8 2 3 66640 19914 95 62 74 495240 141402 896 609 575 3185770 
125 0 0 0 2290 466 2 0 0 11520 2514 6 0 6 66640 19948 81 64 64 495240 140559 1749 951 189 3185770 
125 0 0 0 2290 468 0 1 1 11520 2506 11 8 3 66640 19928 80 105 62 495240 138967 1883 1593 1388 3185770 
125 0 0 0 2290 467 2 1 1 11520 2498 13 10 10 66640 19865 159 99 73 495240 138214 1677 1417 1721 3185770 
125 0 0 0 2290 466 2 2 2 11520 2491 19 7 12 66640 19754 192 130 125 495240 137057 1825 1472 1539 3185770 
126 0 0 0 2290 464 4 2 2 11520 2487 27 3 8 66640 19576 213 190 176 495240 135642 2324 1643 1330 3185770 
126 0 0 0 2290 465 1 4 2 11520 2486 18 11 11 66640 19489 200 210 164 495240 134501 2553 1609 1515 3185770 
126 0 0 0 2290 464 1 1 5 11520 2465 28 16 13 66640 19353 258 143 226 495240 132944 1899 1692 2691 3185770 
127 0 0 0 2290 464 3 0 1 11520 2443 33 21 21 66640 19305 229 206 96 495240 130779 2302 2314 1725 3185770 
127 0 0 0 2290 464 4 0 1 11520 2420 31 34 19 66640 19087 319 235 181 495240 130142 995 2178 2647 3185770 
127 0 0 0 2290 463 4 2 1 11520 2411 25 27 31 66640 18855 344 202 326 495240 128253 1804 2212 1638 3185770 
128 0 0 0 2290 462 4 3 2 11520 2395 41 20 14 66640 18690 296 299 196 495240 126162 2446 2668 1563 3185770 
128 0 0 0 2290 462 2 2 5 11520 2374 26 45 17 66640 18381 501 268 217 495240 124351 2469 3118 1940 3185770 
127 0 0 0 2290 461 3 3 1 11520 2345 32 37 40 66640 18264 335 376 255 495240 120188 3668 4269 2387 3185770 
128 0 0 0 2290 460 2 4 3 11520 2310 31 49 32 66640 18122 309 333 292 495240 118608 2589 4156 3364 3185770 
128 0 0 0 2340 457 3 3 6 11670 2293 19 42 45 66640 17816 305 423 304 495290 117517 2381 2252 3803 3178870 
128 0 0 0 2340 456 2 5 2 11670 2279 28 22 32 66640 17511 275 449 391 495290 116478 1454 3117 1707 3178870 
129 0 0 0 2340 452 2 6 5 11670 2259 30 20 26 66640 17428 181 191 513 495290 115357 1518 3028 1752 3178870 
129 0 0 0 2340 449 4 2 7 11670 2242 27 29 19 66640 17288 181 232 184 495290 113329 2695 2658 1824 3178870 
129 0 0 0 2340 451 2 0 4 11670 2222 40 23 20 66640 17187 147 309 144 495290 111399 2851 2506 2499 3178870 
130 0 0 0 2340 451 1 1 1 11670 2168 44 62 20 66640 16946 263 294 224 495290 108919 2407 3429 2591 3178870 
130 0 0 0 2340 450 2 2 1 11670 2142 43 42 55 66640 16624 354 144 465 495290 107286 2115 3321 2637 3178870 
131 0 0 0 2340 445 5 2 4 11670 2107 40 55 34 66640 16463 229 325 186 495290 106135 2373 1994 2813 3178870 
130 0 0 0 2340 446 1 3 4 11670 2084 34 48 44 66640 16341 222 267 272 495290 105549 1601 1800 2165 3178870 
131 0 0 0 2340 444 4 2 2 11670 2066 16 53 40 66640 16069 349 258 241 495290 104736 1875 1705 1244 3178870 
131 0 0 0 2340 444 3 3 2 11670 2044 19 25 55 66640 15934 197 268 360 495290 103871 1696 1785 1572 3178870 
131 0 0 0 2340 444 2 2 5 11670 2026 27 21 22 66640 15839 177 229 238 495290 102535 1985 2144 1297 3178870 
132 0 0 0 2340 446 2 0 2 11670 2015 30 21 17 66640 15621 182 311 212 495290 101825 1257 1671 2516 3178870 
132 0 0 0 2340 448 0 2 0 11670 1998 28 27 20 66640 15554 167 288 187 495290 101695 1194 1064 1391 3178870 
133 0 0 0 2340 441 3 4 4 11670 1989 29 26 17 66640 15477 198 209 207 495290 101468 1058 869 1153 3178870 
132 1 0 0 2340 439 5 5 1 11670 1977 32 24 17 66640 15433 233 126 178 495290 101652 543 1243 559 3178870 
133 0 1 0 2340 439 0 6 6 11670 1978 22 24 18 66640 15392 211 120 154 495290 101492 934 732 889 3178870 
133 0 0 1 2340 437 3 2 5 11670 1971 23 19 19 66640 15385 118 168 138 495290 101334 799 908 710 3178870 
133 0 0 0 2340 439 1 1 3 11670 1959 22 22 18 66640 15300 153 159 144 495290 101198 742 799 909 3178870 
134 0 0 0 2340 440 1 1 1 11670 1962 9 21 20 66640 15207 172 203 111 495290 100637 1109 1014 585 3178870 
134 0 0 0 2340 437 1 4 2 11670 1955 10 5 29 66640 15080 163 279 141 495290 100241 1004 701 1411 3178870 
133 1 1 0 2340 439 0 3 2 11670 1954 12 5 6 66640 14980 157 302 166 495290 100395 687 718 751 3178870 
132 1 2 0 2340 441 1 2 1 11670 1959 5 6 9 66640 14784 293 244 201 495290 100481 687 443 793 3178870 
127 2 5 1 2340 442 1 1 2 11670 1959 11 4 4 66640 14668 252 231 249 495290 100634 664 410 518 3178870 
126 1 3 5 2340 442 2 1 1 11670 1963 8 5 6 66640 14617 211 189 221 495290 100930 600 420 367 3178870 
126 0 1 3 2340 440 2 3 1 11670 1968 7 5 4 66640 14592 120 202 186 495290 100873 597 706 369 3178870 
127 0 0 1 2340 438 1 3 5 11670 1972 9 4 4 66640 14572 118 166 141 495290 101056 471 525 716 3178870 
127 0 0 0 2340 437 4 2 1 11670 1980 3 7 4 66640 14550 112 117 159 495290 101324 330 578 404 3178870 
128 0 0 0 2340 430 8 7 0 11670 1975 9 8 6 66640 14585 77 103 97 495290 101501 371 508 457 3178870 
128 0 0 0 2340 430 6 6 5 11670 1974 10 11 5 66640 14633 59 85 69 495290 101558 521 523 388 3178870 
128 0 0 0 2340 429 6 6 3 11670 1974 14 8 7 66640 14671 58 52 79 495290 101718 481 321 686 3178870 
129 0 0 0 2340 428 8 3 4 11670 1981 4 9 11 66640 14723 43 34 64 495290 101998 306 378 430 3178870 
129 0 0 0 2340 428 6 5 3 11670 1983 4 11 4 66640 14786 36 49 16 495290 102322 199 410 340 3178870 
130 0 0 0 2340 420 8 10 3 11670 1985 2 9 11 66640 14834 47 50 27 495290 102604 280 281 365 3178870 
130 0 0 0 2340 419 4 9 8 11670 1990 3 3 8 66640 14906 27 52 32 495290 103074 195 252 260 3178870 
131 0 0 0 2340 417 4 1 12 11670 1999 2 4 0 66640 14970 10 36 47 495290 103476 189 194 264 3178870 
145 0 0 0 2340 490 2 3 1 11670 2309 5 4 2 66640 18104 22 27 31 495290 125996 258 123 136 3178870 
145 0 0 0 2340 481 4 10 1 11670 2309 8 4 5 66640 18163 27 17 24 495290 126328 268 260 128 3178870 
145 0 0 0 2340 479 5 6 7 11670 2312 9 4 5 66640 18180 52 37 18 495290 126711 219 202 290 3178870 
145 0 0 0 2340 479 3 4 6 11670 2317 6 5 5 66640 18237 44 37 33 495290 126998 273 232 219 3178870 
146 0 0 0 2340 479 1 2 6 11670 2321 3 2 10 66640 18268 55 35 46 495290 127307 253 240 309 3178870 
146 0 0 0 2340 480 1 2 1 11670 2327 3 2 2 66640 18300 52 63 24 495290 127640 295 195 266 3178870 
147 0 0 0 2340 482 0 1 2 11670 2332 4 3 1 66640 18316 60 70 54 495290 128041 326 157 208 3178870 
147 0 0 0 2340 484 1 1 0 11670 2339 3 5 1 66640 18364 50 52 62 495290 128351 277 291 154 3178870 
147 0 0 0 2340 485 1 1 1 11670 2342 5 3 3 66640 18407 42 66 39 495290 128708 299 313 203 3178870 
148 0 0 0 2340 486 2 0 1 11670 2347 7 4 1 66640 18441 46 45 69 495290 128928 343 295 337 3178870 
148 0 0 0 2340 488 0 1 1 11670 2345 8 9 4 66640 18482 50 42 39 495290 128886 571 410 308 3178870 
149 0 0 0 2340 489 1 0 1 11670 2349 4 9 9 66640 18519 38 50 50 495290 129066 382 478 509 3178870 
149 0 0 0 2340 490 0 1 1 11670 2350 6 4 9 66640 18533 58 58 42 495290 129281 341 451 455 3178870 
150 0 0 0 2340 491 0 0 2 11670 2353 7 4 4 66640 18511 93 89 39 495290 129546 415 375 327 3178870 
150 0 0 0 2340 493 0 0 0 11670 2355 10 4 3 66640 18523 82 109 60 495290 129675 360 517 394 3178870 
150 0 0 0 2340 495 0 0 0 11670 2361 6 4 7 66640 18490 112 101 93 495290 129844 331 538 430 3178870 
151 0 0 0 2440 496 1 0 0 11940 2364 6 2 6 66690 18499 57 129 103 490930 130109 248 564 384 3184600 
151 0 0 0 2440 496 2 1 0 11940 2370 5 0 6 66690 18428 131 130 83 490930 130230 308 639 330 3184600 
151 0 0 0 2440 494 5 3 0 11940 2375 4 4 1 66690 18390 104 210 66 490930 130417 332 553 505 3184600 
152 0 0 0 2440 490 2 8 3 11940 2379 1 8 4 66690 18290 169 165 168 490930 130087 856 604 369 3184600 
152 0 0 0 2440 485 3 3 11 11940 2384 2 3 7 66690 18176 132 197 207 490930 129360 1327 1048 431 3184600 
153 0 0 0 2440 481 6 3 2 11940 2386 4 1 4 66690 18005 157 300 125 490930 128656 1220 1600 857 3184600 
153 0 0 0 2440 482 4 3 3 11940 2377 13 9 0 66690 17791 199 342 215 490930 127293 1451 1739 1630 3184600 
154 0 0 0 2440 479 6 2 4 11940 2364 16 16 12 66690 17669 142 391 213 490930 126552 1654 1050 1816 3184600 
154 0 0 0 2440 475 6 6 3 11940 2359 14 20 12 66690 17537 212 233 304 490930 125657 1664 1373 1173 3184600 
154 0 0 0 2440 473 2 6 8 11940 2348 22 12 19 66690 17469 133 262 206 490930 124951 1016 1791 1550 3184600 
155 0 0 0 2440 468 6 5 4 11940 2339 20 21 11 66690 17390 95 184 279 490930 123564 1702 1993 1136 3184600 
155 0 0 0 2440 466 6 4 5 11940 2334 25 13 15 66690 17361 132 151 110 490930 119299 3127 3756 1693 3184600 
156 0 0 0 2440 465 4 5 4 11940 2334 15 17 15 66690 17273 205 143 105 490930 115711 4369 3185 3538 3184600 
156 0 0 0 2440 461 5 6 5 11940 2319 22 12 21 66690 17064 276 193 174 490930 112863 3294 4399 3346 3184600 
157 0 0 0 2440 454 9 7 3 11940 2311 19 22 8 66690 16959 156 182 323 490930 108992 4719 4393 3069 3184600 
157 0 0 0 2440 449 10 9 4 11940 2312 13 20 14 66690 16912 144 141 188 490930 106460 4304 4968 2992 3184600 
157 0 0 0 2440 447 6 6 11 11940 2285 29 20 18 66690 16892 102 160 127 490930 103985 2768 6101 3514 3184600 
157 1 0 0 2440 439 9 7 6 11940 2276 32 19 14 66690 16826 122 216 76 490930 101029 4081 4494 3881 3184600 
157 0 1 0 2440 439 6 7 6 11940 2211 55 40 26 66690 16798 134 205 114 490930 97749 5529 3889 3047 3184600 
158 0 0 1 2440 431 11 7 5 11940 2183 53 29 50 66690 16744 150 125 202 490930 92608 4735 7173 3272 3184600 
158 0 0 0 2440 416 21 5 9 11940 2141 61 44 28 66690 16636 222 128 113 490930 90232 4153 5627 5145 3184600 
159 0 0 0 2440 410 15 11 8 11940 2093 69 31 61 66690 16584 144 149 195 490930 87805 2931 3583 6316 3184600 
154 4 1 0 2440 407 13 8 9 11940 2057 65 36 43 66690 16584 145 133 100 490930 85828 1821 3599 3690 3184600 
149 5 2 3 2440 406 9 5 10 11940 2027 65 44 31 66690 16420 208 223 96 490930 82814 2980 3387 2649 3184600 
147 3 3 4 2440 406 6 6 5 11940 1982 64 38 61 66690 16219 247 318 145 490930 81929 1447 3463 2976 3184600 
140 5 3 4 2440 402 6 7 5 11940 1910 86 72 25 66690 15967 239 409 255 490930 81035 1560 2394 2478 3184600 
135 7 5 2 2440 401 5 4 7 11940 1884 58 61 74 66690 15728 262 418 293 490930 80222 1104 2297 2004 3184600 
124 8 7 7 2440 394 9 6 3 11940 1831 78 60 43 66690 15368 313 386 419 490930 79491 1225 1681 1860 3184600 
116 9 7 8 2440 393 6 3 9 11940 1805 56 47 70 66690 15141 287 310 418 490930 79327 662 1574 1466 3184600 
113 6 5 8 2440 390 6 4 5 11940 1786 52 41 37 66690 14902 314 263 344 490930 79374 418 814 1599 3184600 
110 5 4 5 2440 391 2 5 4 11940 1773 44 46 24 66690 14705 324 364 168 490930 79801 206 588 645 3184600 
103 5 9 3 2440 388 3 2 6 11940 1762 28 33 49 66690 14572 232 320 353 490930 80163 162 364 551 3184600 
90 12 7 8 2440 389 1 2 3 11940 1762 22 13 34 66690 14450 251 244 269 490930 80691 97 171 361 3184600 
86 6 14 4 2440 389 2 1 2 11940 1762 22 9 12 66690 14406 220 123 285 490930 81266 95 158 83 3184600 
77 9 5 15 2440 388 1 3 1 11940 1765 5 11 21 66690 14422 191 125 96 490930 81767 118 167 99 3184600 
72 7 8 5 2440 391 1 0 3 11940 1774 1 6 9 66690 14449 89 147 138 490930 82328 97 135 128 3184600 
83 4 8 6 2440 469 1 0 0 11940 2090 1 6 2 66690 17612 66 117 106 490930 105839 96 76 117 3184600 
80 3 5 7 2440 469 1 1 0 11940 2093 1 5 5 66690 17637 70 80 96 490930 106390 106 84 47 3184600 
75 5 8 1 2440 470 1 0 2 11940 2101 0 2 5 66690 17650 89 57 72 490930 106898 134 98 56 3184600 
71 5 7 5 2440 472 0 1 0 11940 2104 3 3 1 66690 17673 88 67 53 490930 107444 125 78 100 3184600 
61 7 6 10 2440 473 1 2 0 11940 2112 3 0 3 66690 17675 91 88 59 490930 108005 86 105 65 3184600 
56 7 6 5 2440 470 3 1 3 11940 2120 2 0 1 66690 17690 83 95 74 490930 108539 70 90 106 3184600 
53 2 7 8 2440 471 3 1 1 11940 2125 1 3 0 66690 17674 94 67 121 490930 109104 79 56 96 3184600 
52 0 4 6 2440 471 1 3 2 11940 2133 0 1 3 66690 17697 91 59 72 490930 109670 69 69 61 3184600 
51 1 1 3 2440 471 1 2 3 11940 2139 0 0 1 66690 17748 64 55 66 490930 110225 66 63 76 3184600 
50 1 1 1 2440 472 3 1 1 11940 2147 0 0 0 66690 17786 51 70 48 490930 110795 59 58 60 3184600 
50 1 1 0 2440 473 0 1 4 11940 2154 0 0 1 66690 17814 39 84 57 490930 111373 46 58 58 3184600 
51 1 1 0 2440 472 3 1 0 11940 2163 0 0 0 66690 17872 42 37 69 490930 111980 43 18 69 3184600 
50 1 1 1 2440 474 0 1 3 11940 2171 0 0 0 66690 17919 38 38 36 490930 112582 21 38 17 3184600 
50 0 0 2 2440 475 1 0 1 11940 2179 0 0 0 66690 17961 36 44 40 490930 113168 37 32 34 3184600 
