-0.356101 -2.10313 1.1758 0.09271 0.842897 1.02005 -0.630071 -1.45667 1.1894 -1.14473 -0.40739 0.302997 1.07965 0.418462 1.79368 -1.92065 -1.18268 -0.896574 0.735932 -0.591298 0.584316 -1.65919 -0.665809 0.259727 1.13032 -0.621594 -0.0692046 1.88359 0.164138 -0.715527 -1.4754 1.68112 -1.41093 -0.61444 1.68629 1.61185 -0.0906548 0.441067 -0.115137 -1.39881 -0.324255 0.405978 1.80706 0.993001 -0.518465 0.543065 1.08817 0.189273 0.229258 2.7897 
-0.00319951 -2.47816 1.58082 0.996891 -1.70993 -0.24004 -0.806782 -0.596126 0.943353 -4.02109 -0.137313 -3.46856 -1.04634 -0.178555 0.565385 -1.89287 -0.385247 1.02977 -2.40343 0.940569 0.450577 -0.750061 -2.00794 -0.895624 0.605048 -1.64379 -0.628083 0.194382 1.58428 0.128308 -2.00759 1.73641 -0.267954 -0.244861 1.39886 0.612014 -0.293412 -1.7652 1.77595 -1.31613 -0.17763 1.31978 0.173705 -0.678857 -0.503149 -1.1066 -0.281967 -1.53108 -2.0619 -0.125557 
-1.68646 0.200952 1.56829 0.49628 -0.876199 -4.1054 0.723234 -0.525796 1.60757 -1.63577 0.622486 -3.87305 -0.943038 -2.48198 2.10507 0.752648 2.74181 0.226269 0.483933 -1.13139 0.311069 -2.90283 -0.0201838 0.618999 0.144005 -0.519415 -0.166672 0.743534 0.84728 -0.865071 -1.68545 -0.259571 -1.07384 -1.22821 -0.259237 0.828497 -0.655979 0.10867 2.41609 -1.26725 -0.935236 2.41181 2.23101 -0.356419 1.952 -0.757059 -1.09538 0.0433305 0.455306 -1.40063 
-0.921836 -2.50711 -0.0177345 -1.63973 -0.997817 -2.47098 0.52987 -4.44237 -1.09496 -4.59244 1.69315 -3.98849 -0.338774 -1.49453 0.0700657 0.137237 0.493484 -1.50123 -0.403532 -2.09732 -1.20165 -1.03462 -0.431654 -1.15452 -0.140698 -0.327585 -2.22233 -3.1031 -0.153255 0.622521 -2.28317 1.2695 -1.89761 1.4078 -0.64483 0.213485 -2.6226 -0.421702 -0.299328 -1.14809 -1.65047 2.09352 0.833896 -1.51263 0.41029 -1.49678 -2.50774 -2.66441 -0.561434 -2.33413 
0.595723 -3.4115 0.8691 -2.06608 -2.29424 -1.60566 -2.43702 -2.72301 0.100967 -5.04863 -4.48673 -3.19653 0.5789 -5.03173 0.424995 -1.4346 -0.886284 -0.906458 1.2238 -1.86462 -1.88322 -1.4295 -1.67944 -3.53887 -1.79683 -2.88327 -4.2123 -1.27347 -0.548333 -1.25301 -3.06678 0.6708 -2.4342 0.75026 -1.08672 1.13976 -2.88453 -3.18577 2.65702 -3.91367 -1.29683 -1.53202 0.21473 -2.02677 0.0531497 -1.88044 -3.01593 -2.74961 -3.75234 -1.52044 
2.47716 -3.19115 0.972576 -2.20654 -1.4653 -1.51838 -1.85754 -1.67505 1.18936 -4.76192 -5.15919 -0.928344 -0.939955 -2.55271 0.0526473 -0.312067 0.657216 1.44103 2.1682 -2.79365 -2.19773 -2.67132 -0.0611708 -1.90996 -0.440294 -0.321223 -0.782486 -2.77898 0.900519 0.0744346 -2.02504 -0.610803 -1.49061 0.462303 -0.415771 3.23262 -2.95778 -1.87742 0.956752 -3.887 -2.17464 1.71935 1.78559 -1.38513 -0.653036 -0.687024 -2.85082 -3.03752 -0.273312 -0.632974 
2.31198 -2.34782 3.80825 0.0767399 -0.715134 -1.19147 0.753749 0.439791 0.152802 -2.95404 -0.814504 -2.40317 -0.733057 -2.70154 0.812209 -0.288608 3.43701 1.71443 1.61368 -1.35931 2.12972 -3.23708 -1.87874 -1.11674 1.82483 0.585851 -0.249428 0.636731 2.1649 0.510466 -0.760744 0.00828099 -1.66713 2.36301 0.709506 6.07293 0.280261 1.56218 0.292123 -0.173894 1.805 3.52328 3.34312 0.124514 0.129856 1.39037 -1.46667 -1.43375 -1.00309 -0.438422 
3.12296 -2.47167 5.70293 -3.24107 -1.63385 -1.36169 -0.269446 0.0212997 -3.22239 -4.85121 -2.547 -3.63338 -0.241815 -2.18312 -1.03888 -1.38036 2.55729 1.70796 0.342026 -1.23028 -0.619555 -3.8106 -2.78324 -4.20455 0.959704 -0.435223 0.183088 -0.952749 0.00491773 0.36273 -1.66797 0.939351 -1.7589 -1.00626 0.404673 2.79066 -3.36647 0.0620745 0.224364 0.602005 -0.237056 1.55623 1.08261 -0.345539 -2.21554 -0.0660166 -0.955295 -2.46603 -1.70824 -1.38881 
1.32077 -3.17686 2.42171 -1.73401 1.13788 -3.61926 0.0417672 1.75766 -5.26737 -3.67393 -4.75732 -2.10841 -0.777059 2.3473 -3.50421 1.51935 -0.168585 1.5514 -1.62993 -1.02857 0.858788 -2.34571 -2.91202 -6.34063 0.612522 -0.212083 0.0909043 -1.23469 1.02275 -1.19052 -2.13873 2.15432 -2.64911 1.68334 1.52682 2.3416 -1.85541 1.14993 1.49243 -2.96336 -0.113446 0.462413 3.27853 -0.0252818 -1.2866 -0.355965 0.622737 -3.95708 -3.68825 -1.98948 
0.880725 -3.79684 2.85717 -2.33308 0.788723 -5.53969 -1.58533 0.413186 -2.63594 -3.51912 -3.76341 -1.54146 -0.540518 0.369537 -1.1113 -1.46887 1.36579 -0.890012 -0.855276 -4.70829 5.31748 -1.94625 -3.14196 -1.8264 1.54744 -0.437584 1.86907 -4.41076 2.86072 -1.53966 -2.07027 -0.13165 -0.437327 0.109126 1.24612 2.50446 -2.65525 -0.0853944 -2.5696 -3.4311 -0.664929 4.67178 3.80116 2.40888 -0.225312 0.401726 -1.97738 -2.80761 -0.959439 -2.37475 
5.92181 -4.76084 3.57538 -3.24844 0.556942 -6.01768 0.80277 1.92524 -0.906773 -3.3189 -5.21564 1.20398 -1.00937 -0.676086 0.087134 0.77916 1.89464 1.35307 -1.71594 -1.10388 3.69444 -2.0064 -3.45105 -4.13499 2.01225 0.323271 -0.6124 1.34742 0.341895 1.73441 -0.072044 4.6453 1.3585 1.08622 0.199142 3.95307 -1.62792 3.2559 0.86195 -5.39972 -1.06074 4.76004 6.328 -0.0470768 -1.3239 0.0922104 -3.30368 0.359153 -1.08586 -2.13172 
4.83124 -5.02666 2.69552 -2.23667 3.37612 -4.97104 -1.63509 2.90216 -0.0343393 -3.63048 -3.31136 -3.12044 0.405965 0.701009 3.25451 0.68625 1.43479 2.26563 -3.75251 -3.25487 4.58849 -3.13363 -3.83205 -3.80347 2.47361 -0.908898 -0.85599 -1.30168 -0.246513 -0.706271 0.110759 1.90488 1.23329 -1.30287 3.27794 0.228581 0.0317523 2.36693 0.982882 -5.1587 0.100092 2.06197 4.49939 1.18111 -0.992906 -0.802815 -1.35597 -0.373025 -1.03833 -1.10472 
5.36665 -3.59546 4.73237 -1.4933 1.74071 -5.11052 3.00058 2.87307 0.998929 -2.14601 -3.99549 -1.0522 0.660192 0.553027 -0.112444 0.627555 1.61695 3.22319 -2.22352 -3.74594 4.13152 -4.23712 -3.74263 -4.56324 3.41455 1.13516 2.33489 -0.00158355 3.32621 -1.86799 0.685436 2.86834 0.120969 0.71937 1.2928 4.51624 0.247244 3.26187 -0.371884 -3.89792 -0.273114 4.09139 3.33683 0.118728 1.43415 0.922779 -0.993545 1.43216 -0.559191 -1.71216 
3.37814 -5.21454 3.41449 -0.803338 2.99125 -3.84671 1.9288 1.91729 -0.503279 -1.72375 -1.5352 -2.15098 0.631913 0.010659 0.252576 -0.000960419 3.13943 5.0731 -1.54176 -5.43039 4.12535 -3.08953 -3.36117 -4.98864 2.80977 -0.38984 1.62012 -0.278073 2.04366 -0.269987 -0.563109 3.49662 1.46044 1.22143 2.1681 4.57494 0.432683 1.66811 -0.506655 -3.00938 1.04484 6.14481 2.53536 0.212049 0.905962 -0.417936 -1.24655 1.40263 -1.94781 -4.29001 
4.2968 -2.02312 5.02445 -2.31251 6.45838 -1.80425 0.812309 3.53183 0.791712 1.67678 -3.48778 0.836734 1.44148 1.19599 1.94488 -0.0119651 4.97323 4.71048 -1.29198 -3.63448 5.21298 -3.61843 -3.25632 -3.36948 5.37101 -0.0138571 1.95105 -2.62592 2.99161 -0.772582 1.94972 2.38211 0.506741 2.55782 1.94281 1.80987 -0.277039 3.25545 0.562048 -1.91415 0.884512 1.97188 5.26555 2.22376 -0.852174 -0.625692 0.826423 -0.0405611 0.621195 -3.06472 
2.34201 -6.74094 1.74959 -3.35301 3.35794 -4.97028 0.876401 2.50489 -1.60934 -1.71795 -2.2397 -1.81057 0.288523 4.03336 -0.0271168 -1.22004 3.51849 3.82975 0.253528 -3.18565 4.68146 -7.31363 -1.79486 -6.77788 0.951271 -0.179218 0.777511 -4.73911 0.629917 -1.56739 -2.06909 1.8237 0.304114 1.5626 1.64069 2.96565 -0.519648 -1.91144 1.13259 -3.42309 -1.98493 2.84557 6.28076 0.605253 -2.25475 -2.48122 1.143 -0.154835 -2.49583 -0.0977266 
0.828804 -6.69715 1.7707 -2.19172 4.41011 -4.11886 1.82425 1.59386 -1.47077 -0.624579 -5.27943 -1.57217 -0.123908 2.04262 -0.324462 -3.12037 4.2934 5.78695 -3.22474 -5.61057 4.41341 -6.79372 -1.08809 -5.88097 1.72669 -1.41098 -0.763771 -4.12356 0.502929 -4.01128 -0.46357 1.60409 2.28176 2.08395 -1.06514 0.931663 -2.66631 1.19694 -1.58559 -3.85562 -3.01848 1.96151 2.60572 1.42847 -5.19266 -3.55414 -1.77666 -1.37313 -2.92901 -3.41684 
1.64838 -6.35356 0.907968 -4.06695 5.41524 -5.88491 -1.12219 0.884422 -0.896244 -2.46651 -3.81023 -2.31285 -0.712145 0.846632 -2.83146 -2.41264 2.83948 1.92739 -6.14937 -6.1768 1.16324 -4.22036 -2.75655 -7.34512 -0.9246 -0.0143681 -0.553326 -5.10026 1.20852 -3.60167 -1.82717 1.89988 -1.00743 2.20696 0.1035 0.474379 -2.2918 2.21661 0.941894 -3.78988 -1.99676 1.56747 5.81875 -0.65008 -4.87616 -4.67846 0.0384269 -1.25979 -1.80281 -1.07292 
0.977896 -5.3649 0.706232 -3.44715 5.50266 -3.70016 1.31467 1.82988 -2.09597 0.931511 -4.37413 1.4078 -0.749265 -0.360234 -0.538616 -2.83614 3.88082 3.49032 -3.33214 -4.10934 2.75014 -5.25742 -1.05904 -6.94839 -0.742879 1.42622 -1.00287 -4.93234 1.21814 -5.97818 -2.75579 -2.76042 -1.21959 0.752567 -0.482149 2.9702 -1.08382 3.91202 4.35298 -2.27491 -3.91523 2.78369 6.34002 1.0392 -6.25118 -6.01537 0.892028 0.743956 -2.02249 -2.08749 
0.900494 -6.11346 0.769637 -1.84079 4.26676 -5.33349 0.373707 -0.0127391 -2.33487 -4.64177 -4.63397 -0.699175 1.28624 -1.90213 0.140415 -2.02399 4.66702 2.01249 -4.5291 -3.92008 3.07382 -6.04293 0.799612 -6.21977 -0.756212 3.72038 -0.371122 -4.2889 2.50025 -4.82976 -2.69999 -0.766017 -0.263264 1.09929 1.56045 5.34591 -1.71521 0.587993 2.0939 -3.19545 -3.95111 1.16023 7.8039 2.9658 -7.51051 -5.85403 0.102458 -0.283916 -2.10432 -2.58484 
1.94556 -7.31102 1.76489 -3.75617 4.92971 -5.11414 3.78102 1.96761 -3.78732 -1.35426 -3.28241 1.74904 -1.17441 0.299752 -0.899371 -0.664947 2.35906 4.12769 -4.50336 -2.91427 4.44184 -2.70273 1.81241 -8.16744 0.471986 2.74933 -1.19075 -3.10008 3.79084 -5.79229 -0.405603 -1.16155 -1.89341 0.12838 0.985276 5.98616 0.148556 0.615751 -0.600597 -2.63653 -3.07313 -0.564991 10.0907 2.24224 -5.94151 -5.05393 -0.747529 0.703803 -0.193651 -1.71619 
-0.271789 -6.34467 4.40646 -2.94515 2.8399 -4.66586 0.900233 0.492332 -3.0548 -2.81839 -3.33802 2.22023 1.72511 3.80754 1.07618 -1.96645 2.41063 2.14075 -3.43041 -3.12572 2.81501 -1.0438 2.59753 -7.19039 0.0315833 1.68466 -0.177761 -1.5956 3.95128 -6.60546 -1.032 -0.900111 -0.0973729 0.622042 0.885947 3.85385 -0.319438 1.49867 -0.634146 -2.1682 -1.79163 0.836824 7.24825 5.33304 -8.09308 -4.56679 0.645131 0.391878 -3.21676 -3.04192 
2.28906 -6.7172 1.94286 -3.91749 2.51308 -6.59319 4.37139 1.81382 -0.392725 -3.05008 -3.10679 2.11207 -1.89894 0.474404 2.58067 -3.5261 2.89982 2.78125 -1.17999 -3.51166 5.46532 -2.64348 2.4975 -8.33068 3.0019 2.14706 -2.23865 -3.78723 1.51519 -6.6025 -1.09242 -2.18161 0.182694 1.86378 0.466968 5.83727 0.902732 2.25962 -0.138252 -6.66699 -1.58351 0.675882 6.61928 2.38223 -9.00764 -5.51536 -3.14067 1.49628 -3.9174 -1.74026 
2.39771 -6.3425 1.32958 -2.87918 4.92294 -4.69086 3.35705 2.44423 -3.88792 -5.40536 -1.53911 1.20724 -0.334103 2.20482 2.66571 -3.07392 5.23124 6.5851 -3.14006 -3.58231 6.31543 -2.32581 2.8935 -8.63869 4.26573 2.83569 2.04291 -1.50003 1.28005 -3.8616 0.460223 -0.982675 -2.50382 2.75687 2.38468 3.31721 -0.206003 1.54401 1.94371 -5.97042 0.653823 -0.75581 3.71664 3.65853 -6.6929 -4.99727 -0.558372 2.38781 -2.46915 -2.06238 
1.71443 -7.36845 0.865543 -4.28402 5.74211 -5.42411 4.06961 1.79859 -3.26977 -2.95812 -1.62268 1.48792 -2.09852 1.34433 3.12375 -1.24786 4.17146 7.27745 -4.9471 -3.24915 6.61244 -3.22157 5.7475 -9.56265 2.27816 3.97859 -0.917818 -3.68576 1.8948 -5.18009 -1.61912 -2.63357 -1.87809 3.02885 2.06422 2.96375 -1.0185 1.5581 0.306485 -4.13216 -0.296453 2.7948 5.65206 2.02035 -5.68102 -7.70487 -0.658507 -2.65794 -4.38932 -2.20166 
-0.832238 -7.89259 1.84095 -4.66155 5.80012 -4.41977 2.68921 2.01762 -6.6183 -5.09431 -5.31195 0.949256 1.03218 1.03261 1.97684 -0.751274 4.63633 6.4022 -3.97231 -0.0536136 5.54336 -2.89137 3.84605 -7.36416 4.18152 2.7033 -3.44208 -4.19616 -2.13919 -5.0527 -1.72801 -1.56272 -3.4221 4.08616 2.5115 1.56112 1.67934 -0.355741 1.08825 -4.95341 -1.40313 0.701893 5.04763 2.31246 -5.95543 -9.05896 -1.23529 1.07506 -4.97678 -3.16647 
1.78242 -7.98139 2.11839 -5.50849 7.15074 -0.407858 1.41805 5.38619 -4.97671 -1.47933 -2.85468 4.73242 1.96259 4.1024 2.58196 -0.817961 3.63707 8.76265 -4.92183 -1.25087 8.35578 -0.630583 7.08509 -6.52736 4.37482 4.6232 1.65445 -1.86419 1.42318 -3.61152 -1.22469 -0.295912 -3.56596 3.80595 2.8885 2.65489 0.688096 -0.808586 1.08387 -2.02027 -0.450171 1.55635 6.25901 2.65908 -7.76903 -6.18298 -1.94316 1.24046 -4.40037 -2.57657 
2.62798 -6.93137 5.89297 -0.708853 9.26228 -2.49162 2.9797 4.95193 -4.46902 -1.85557 -1.46041 5.51187 2.28397 2.15903 4.52631 -0.227232 7.37352 10.2089 -4.38102 -0.0255811 8.96089 -3.07502 7.41491 -4.02427 5.20678 4.81146 1.21255 -1.90382 1.43023 0.526464 -1.82654 1.20885 0.115796 4.74197 2.72337 5.80054 1.40714 2.95285 3.51634 -0.125764 -0.227473 3.71065 6.75939 2.55253 -7.32462 -6.17678 -0.639595 1.59514 -4.17158 -1.81429 
0.950575 -5.41937 3.81051 -3.32562 7.26338 -1.87373 0.374975 2.60852 -6.36905 -2.06459 -1.98348 5.07489 2.41961 2.37601 2.05866 -0.168319 4.01888 10.7961 -4.84918 -1.29662 6.96956 -5.36407 7.99712 -6.32113 1.73069 1.56731 -2.73935 -0.978118 0.289152 -0.525724 -2.19625 -1.17859 -4.84684 2.57846 1.51536 0.528299 0.802788 3.72837 3.43262 -1.20801 -0.595883 1.71947 4.4167 1.37319 -9.17495 -5.80391 -2.52905 2.59638 -0.32331 -3.49232 
-1.32022 -8.75285 3.39864 -3.68426 10.1041 -3.73055 2.75237 4.08807 -7.45978 -1.4529 -2.31316 4.75797 2.10457 4.74046 0.066556 -1.77236 4.40591 10.8654 -5.93056 -0.389743 7.25769 -6.16537 6.72723 -8.34587 2.17392 5.72962 -1.69512 -2.13739 2.02321 -0.682934 -1.66837 -2.0706 -1.67305 4.23137 2.20298 3.37313 -0.775896 0.191165 5.36051 -1.17843 -1.1398 4.28055 3.1346 2.20841 -10.2857 -3.31179 -1.06167 -1.39568 -2.97369 -4.97121 
-0.402951 -6.35254 4.05203 -5.21559 10.2004 -3.665 2.70711 4.73759 -7.02652 -1.0892 -3.89377 5.97127 1.27422 5.06418 1.28857 -0.0531351 4.55174 10.6188 -4.07089 0.402244 9.72267 -5.02783 9.13096 -6.92163 2.44595 4.66291 0.603361 -2.74078 3.18844 -1.59065 1.16222 -1.03972 -1.11468 3.85309 1.49353 2.9917 1.46821 -0.903127 6.76197 -2.08905 0.963613 5.31868 3.62043 6.60136 -8.47483 -2.61493 0.473317 0.683721 -4.61361 -1.41645 
0.611701 -4.99444 6.86834 -2.08948 11.7108 -2.28283 5.0262 8.29861 -6.29957 1.63751 -4.49752 5.98633 4.25539 7.84245 0.422617 0.259445 3.99244 13.5546 -4.49021 1.97659 10.1242 -5.86449 9.70388 -7.43895 1.54937 2.63235 1.10128 -0.850805 4.00356 -0.589554 0.661678 0.0777923 0.877773 4.32273 2.28411 4.77606 1.17494 1.88285 6.12748 -0.674961 1.14752 4.64927 4.27378 4.40631 -5.9452 -3.15297 2.21714 0.962609 -2.06281 0.466827 
2.08635 -7.48203 4.18579 -2.00282 9.92865 -3.28794 4.26518 5.24749 -5.64694 1.32446 -1.03709 6.55082 1.97885 8.2529 3.42706 -0.69751 5.39489 14.4777 -4.63399 -0.539832 8.57726 -0.224933 8.76152 -8.19256 4.2208 6.89809 1.97352 -1.494 4.47002 -1.90972 -0.411959 -1.3715 1.47655 6.28202 2.69118 2.43199 1.51671 0.471189 4.03312 -2.33618 2.33579 4.33088 6.06437 4.99426 -6.52453 -4.83902 0.14277 -0.941339 -0.671964 -2.14425 
-1.56031 -6.4207 3.52234 -0.772782 9.21085 -2.57316 5.19492 5.93476 -6.06372 -0.210085 -2.69794 6.84334 1.66603 4.73598 2.94396 -2.22118 6.28964 13.4526 -3.12482 -1.9987 9.31927 0.000473944 11.1089 -5.87479 3.05363 7.15326 3.7611 -3.62873 7.75288 -2.54481 -2.36933 -1.55273 0.577464 3.7923 3.55638 4.99869 1.36839 2.50509 6.34213 -0.10553 4.37471 5.06967 7.7634 5.48212 -5.67905 -2.81072 -1.57366 2.21063 -1.41809 0.637742 
2.93624 -7.25314 4.60885 -1.82309 10.6087 -0.420401 5.68041 4.02712 -5.52934 0.466398 1.14592 6.44722 1.44757 6.4257 5.48202 -2.3736 8.50766 14.8864 -1.4284 -0.511742 8.75163 0.525467 12.9468 -5.16765 4.04207 7.54946 2.60136 -3.47198 5.43851 -0.854211 -0.242954 -0.296163 1.02729 5.92682 2.35395 4.28291 2.89385 0.309011 4.5361 -1.80211 2.06853 4.22579 9.00771 5.64798 -7.21192 -2.86408 -1.16624 0.515433 -0.887608 -1.51114 
0.774174 -4.11754 3.82586 0.0859253 8.97927 -4.48458 6.1996 2.05263 -5.1452 0.899824 1.55148 8.65314 3.44763 7.12486 5.01388 -1.50072 6.52465 13.5301 -1.78752 0.0751504 8.97861 -1.28831 10.2958 -3.83803 5.60354 5.82879 0.801974 -2.81186 4.81517 -0.76522 -0.56333 -0.137831 0.208114 4.83389 2.70005 0.968564 2.15668 0.736919 1.94817 -2.95063 2.05635 5.25519 7.69176 5.80795 -6.69145 -1.44886 0.236323 0.584384 -0.995055 -2.42634 
-1.05706 -7.52242 2.19676 -3.28915 6.55873 -6.9409 5.664 -0.227736 -7.56205 1.11889 -0.590375 6.00003 3.00331 4.87614 0.223268 -3.46653 5.01768 9.6373 -4.51319 -2.22815 7.97856 -1.00085 11.8811 -4.71115 5.44411 5.18139 0.95518 -2.59705 2.48675 -1.84775 -4.86251 -2.26763 -1.53696 3.55369 -0.01845 1.75774 1.29492 -1.73063 3.41664 -3.14156 1.12443 2.27298 5.91002 3.25736 -8.6167 -1.41276 -1.29029 1.58187 -0.901707 -4.99345 
0.214084 -10.1895 2.00177 -3.53134 8.20327 -9.10352 5.93544 -0.470486 -8.23263 1.31262 0.314489 5.34347 4.00405 6.49191 2.02078 -1.88198 5.5561 12.8241 -4.86394 -1.96516 10.3218 -1.43936 11.3897 -3.68631 2.74226 3.40845 1.4587 -2.26642 4.73849 -3.01129 -3.36205 -3.2113 -0.670327 5.82848 1.06701 2.82196 2.42117 -1.3855 2.17738 -1.94727 2.33311 4.59074 6.31922 4.09798 -8.52761 -1.21825 0.744749 -0.554964 -0.948667 -5.89737 
1.79645 -8.25461 -0.180109 -4.35345 9.41648 -9.02553 3.1459 1.51575 -6.04911 2.54583 -1.96794 5.33503 1.84897 1.96621 3.24089 -1.46201 4.73767 10.9876 -4.45605 -2.88162 10.7426 -3.44033 11.7075 -3.51017 1.99868 0.178305 -1.21864 -2.76788 1.76345 -4.66227 -0.528208 -2.25256 -1.47564 6.28793 0.272874 0.865671 1.44831 -0.757399 2.68864 -0.283042 -0.305872 4.02873 6.02714 2.91318 -7.99055 -5.28555 -1.72424 -2.5768 0.90905 -2.61943 
-1.88675 -7.5278 -1.99165 -3.18896 5.15718 -8.49602 4.7079 0.260621 -8.00967 0.721581 -1.52032 1.97075 0.143206 4.177 3.41032 -1.13209 6.412 9.99083 -3.92843 -6.17948 9.37307 -3.55855 6.6251 -5.56117 1.00068 1.43517 -0.920248 -4.36837 0.477078 -3.24161 -2.90634 -5.68105 -2.08742 0.872846 0.617421 2.3703 -0.956453 -2.8226 1.68946 -1.38855 -1.54603 2.50237 2.20656 1.00738 -7.71707 -3.96857 -4.78761 -2.91744 -3.26345 -5.59054 
-0.798515 -9.98728 -3.32734 -3.28353 6.80838 -7.38342 3.12937 -0.196104 -5.50816 0.824286 -1.99887 6.12401 -0.443568 5.83454 2.94178 -2.29674 4.37941 10.7397 -4.57989 -6.78895 9.95599 -4.09804 8.83213 -5.81348 4.65578 4.81792 -0.713667 -4.0175 2.10127 -1.26366 -3.50558 -4.02224 -2.03781 1.11903 2.80152 2.35174 2.91489 -0.308128 5.02327 -0.952759 3.32989 3.30934 5.64506 1.56579 -8.72309 -4.91136 -4.94175 -2.10155 -2.03644 -4.13811 
-0.896683 -8.00673 -2.76975 -3.69115 4.52435 -8.86478 4.58875 -1.04855 -3.00419 0.732184 -2.20502 3.98599 -0.0901955 6.22036 2.55032 -0.0501137 6.42683 9.93347 -3.34826 -3.33769 12.0031 -3.39896 11.5338 -5.3121 3.31227 2.6295 1.91359 -2.8916 2.18065 -2.85415 -3.20629 -3.13233 -2.57731 2.95143 0.646707 4.84202 1.35304 -1.62565 5.72333 -0.925002 2.71965 5.37138 3.66808 2.12886 -7.87473 -0.615184 -4.27862 -1.69447 -0.23188 -1.82703 
-0.585722 -4.72423 -2.97772 -1.99013 9.64516 -4.38081 1.45661 -1.30248 -3.29023 2.60625 -1.07814 7.31865 -1.37147 4.5902 3.07979 0.459836 5.27386 8.4991 -4.23615 -2.68389 12.689 -3.28862 11.2096 -5.25448 2.59361 6.84104 -1.01626 -4.88842 2.01033 -1.45664 0.688879 -2.60551 -2.21758 -0.794621 1.58935 3.44147 -0.0605619 0.265375 5.91021 -3.90432 0.369645 3.82489 3.82172 1.58649 -7.75527 -0.51063 -3.60685 -1.79908 4.564 -1.01122 
0.180688 -8.18405 -2.69873 -2.02734 6.17345 -5.26337 2.93451 -1.17601 -3.5716 -0.264234 -1.41174 8.29314 0.340807 5.5362 2.25076 0.553706 4.87356 10.3047 -3.92879 -3.19287 13.2247 -0.13406 10.7203 -6.31741 4.2199 4.80872 -1.04984 -2.58198 2.11354 -1.73957 -2.84539 -4.7784 -3.013 0.299096 4.46553 2.54481 0.568051 -0.878126 4.92685 -4.90048 -0.728223 6.91031 4.26054 -0.455017 -7.56074 0.656563 -3.67144 -1.36551 1.22261 -1.26264 
-3.02954 -8.39081 -3.32907 -4.79491 4.98816 -5.18448 3.27165 -1.88677 -4.37457 -2.71325 -0.87599 4.16968 -1.53741 2.74491 2.6006 -1.92172 4.01369 9.52205 -5.60653 -3.86699 11.6233 -0.244959 9.09316 -2.98277 2.0529 3.36763 0.0598918 -7.92721 1.32049 1.10936 -4.66987 -6.33713 1.24443 1.17277 1.1007 1.40773 -1.62049 -3.99795 4.95745 -5.61877 -2.34267 3.29717 1.97118 1.03198 -12.0916 -2.49014 -4.73475 -3.33804 1.91604 0.720461 
-4.16984 -5.7425 -2.29027 -4.83811 3.09858 -7.28511 3.30813 0.595036 -4.53706 -2.33861 -0.537658 4.37329 -1.42771 3.42093 1.29382 -1.40793 4.12294 6.56854 -5.5043 -3.84216 10.5171 -1.62338 7.23576 -5.36775 -1.31729 3.38632 -0.805495 -4.94465 -0.849872 0.147323 -4.32314 -8.37654 -4.41606 -0.749636 0.385728 -0.957894 -1.91987 -4.29659 4.44938 -7.19283 -2.10291 2.78863 2.47675 4.59257 -10.3556 -2.35726 -5.75802 -3.62162 0.629082 1.48184 
-6.28519 -8.04264 -2.75802 -6.40024 3.16041 -8.2588 3.67492 -0.933946 -5.64081 -4.58817 -2.37318 5.32076 -1.33907 0.843063 1.84003 -2.56333 4.93891 5.88594 -6.53501 -5.26173 9.82802 -4.14462 6.88524 -6.25659 -1.8387 2.44181 -2.32845 -5.54243 0.51845 -1.93543 -5.19318 -7.33065 -3.82132 -0.698509 0.222306 -2.74739 -4.0412 -3.67671 4.78601 -6.98213 -1.80943 4.05379 2.02811 0.353944 -11.1594 -2.66533 -6.19201 -3.55434 0.166302 -1.01864 
-6.86975 -7.50349 -5.41206 -7.10049 1.87097 -7.30046 3.7565 -3.44694 -4.32153 -2.99638 -6.36954 4.11388 -2.25085 2.86358 1.32519 -5.40597 4.26707 5.28536 -4.5396 -7.46979 8.32318 -4.42726 6.54932 -5.45417 -2.23146 1.91766 -2.90161 -2.52712 -1.6679 -1.52595 -5.6805 -10.9772 -4.03447 -1.75596 -1.09984 -1.96975 -2.74443 -4.63007 2.30483 -7.59754 -4.82269 0.8711 0.8301 1.16483 -8.11992 -1.6644 -7.79532 -1.81166 1.64363 -1.97081 
-5.4 -8.13268 -6.96348 -8.81627 4.26099 -6.37629 1.10593 -3.79608 -6.55542 -4.63449 -2.58226 2.40789 -5.04489 4.03836 -1.42796 -1.91961 1.33327 7.51834 -6.20573 -8.78747 9.63743 -5.77124 6.02348 -7.72913 -1.79801 2.03344 -2.23826 -0.143737 -1.13212 2.22044 -8.40437 -10.2312 -2.70751 -0.43709 -2.22978 -2.04709 -2.85513 -5.33194 2.40758 -7.06916 -7.39939 2.959 -2.059 -0.72584 -10.779 -1.79372 -8.6412 -3.05954 1.84205 -0.709966 
-3.79742 -6.72934 -8.75634 -5.58589 3.30882 -10.6988 0.196374 -3.06241 -5.4005 -3.96372 -2.19356 2.49894 -3.76792 3.49772 2.34353 -4.32067 1.1659 7.82638 -6.84875 -7.13289 9.31353 -6.07715 4.91285 -8.45992 0.746903 0.677721 -0.478816 -1.22348 -0.324271 2.29357 -8.51212 -8.64466 -2.09568 -2.19536 0.134171 -3.1409 -3.27663 -6.14948 -0.0138444 -10.04 -5.23111 1.33255 0.397572 -0.585967 -8.26399 -2.04896 -7.49225 -3.14756 0.468891 1.25285 
