-0.271921 -2.25864 1.71046 0.584864 0.933544 1.0748 -0.449152 -1.61325 1.68645 -1.0869 0.0977043 0.401036 1.31828 1.01575 2.1706 -2.00479 -1.25889 -0.242388 1.15304 -0.197977 0.91933 -1.6988 -0.630281 0.541494 1.46222 -0.107067 0.153583 2.44482 0.392451 -0.232954 -1.47953 2.09164 -1.36785 -0.311791 1.83457 1.89485 0.0322861 0.820721 0.148843 -1.21539 -0.157564 0.805812 2.4472 1.40762 -0.515699 0.850964 1.13124 0.264215 0.498418 3.0964 
1.43269 -1.78057 2.60493 2.17922 -0.740657 0.663811 0.271083 0.131065 2.43922 -3.44074 1.23 -2.93655 0.058431 0.936053 1.715 -1.19733 1.20168 2.60491 -1.29459 1.97933 1.55149 0.552467 -1.11709 0.167027 1.84035 -0.603684 0.303255 1.89009 3.18643 1.51347 -1.10803 3.25968 0.645665 0.977552 2.59291 2.17272 0.698525 -0.531049 3.43697 -0.589422 0.70819 2.94332 1.72173 0.411897 0.484667 0.140384 0.67444 -0.412075 -0.989874 0.824099 
-0.740319 1.11233 2.70074 1.26455 -0.221129 -3.89362 1.48849 0.305722 3.01802 -1.31763 1.90435 -3.72577 0.109083 -1.97308 3.0752 1.62603 4.29309 1.4961 1.68824 -0.622736 1.38247 -2.40829 1.10754 1.50792 1.26692 0.218605 0.752754 1.84219 2.25521 -0.116575 -0.964517 1.02141 -0.481345 -0.0759524 0.704401 2.48068 -0.212079 1.15545 3.70199 -0.780404 -0.213012 3.97831 3.83712 0.588752 3.236 0.396794 -0.267273 0.703922 1.65571 -0.564944 
1.29971 -0.434941 2.59526 0.412899 1.04654 -0.869201 2.9655 -2.65343 1.43012 -3.34629 4.06084 -2.67257 1.98401 0.244793 2.45643 2.40119 3.24316 0.796846 2.36334 -0.147858 1.05352 0.977668 1.83379 0.731236 2.05477 1.83653 -0.294093 -0.980159 2.57324 2.85312 -0.497487 4.05832 0.0678463 4.25912 1.57446 2.87604 -0.770523 1.64933 2.40701 0.827739 0.319885 4.74434 3.49255 0.741893 3.16071 0.79815 -0.456639 -0.983891 1.92758 -0.17759 
3.93851 -1.1947 4.20166 0.237564 0.324356 0.833247 0.387645 -0.171566 2.96939 -3.62361 -2.55192 -1.18164 3.44951 -3.0624 3.61024 1.34062 2.3196 2.18605 4.44109 0.55231 0.480308 0.799759 0.947225 -1.36136 1.00819 -0.368417 -1.81386 1.409 2.53608 1.47007 -1.0209 3.84571 0.0231774 4.49688 2.12387 4.53778 -0.299564 -0.808787 5.97359 -1.89997 1.23551 1.73733 3.48669 0.322607 3.17592 1.00771 -1.0165 -0.241614 -0.972389 0.882352 
5.51035 -1.67069 3.95648 -0.272277 0.706579 0.257618 0.166807 0.440406 3.3509 -3.76984 -3.6668 0.610955 1.18282 -0.683144 2.57361 1.78518 3.24266 4.39582 4.95192 -1.11126 -0.389802 -0.926785 2.34677 0.0421876 2.12149 1.70282 1.26146 -0.680427 3.49623 2.35008 -0.143817 1.64969 0.441514 3.27068 2.16394 6.4126 -1.19768 0.176982 3.84601 -2.23323 -0.00248444 4.89029 4.66217 0.695135 1.64474 1.56008 -1.2587 -1.2829 1.88846 1.11818 
3.89716 -1.92694 5.59081 0.557912 0.0769803 -0.41532 1.60617 1.58235 1.21932 -3.32619 -0.371357 -2.03653 0.0689446 -2.18081 2.02431 0.572205 4.80777 3.13208 2.9631 -0.743489 3.12654 -3.37453 -1.21137 -0.836152 3.3472 1.40542 0.572427 1.62474 3.44391 1.45533 -0.293996 1.07695 -0.870611 3.62761 2.08868 8.27025 0.78704 2.66667 1.30104 0.134711 2.91688 5.14806 5.0999 0.873256 0.99681 2.17242 -1.10858 -0.752317 -0.461148 0.213089 
5.65942 -1.1275 8.57423 -2.13278 0.187759 -0.0837591 1.32915 2.0322 -1.70561 -4.06068 -1.13586 -2.2546 1.37464 -0.619287 0.684613 0.297006 5.13167 3.95851 2.35595 0.0179268 1.17158 -2.75528 -1.64486 -3.38552 3.21465 1.42502 2.08281 0.790637 2.43447 2.0251 -0.186417 3.05217 0.0679903 1.05846 2.53823 5.5953 -2.16195 2.16875 2.1633 2.01631 1.89447 3.9777 3.39742 1.60342 -0.703159 1.89703 0.345679 -0.961019 -0.22691 0.101194 
3.79911 -2.36656 5.12254 -0.916733 3.32259 -2.80626 1.53866 3.86364 -4.25385 -3.11866 -3.81779 -0.630177 0.895514 3.90756 -2.17475 3.1722 1.9412 3.36638 -0.108876 0.221991 3.05339 -1.14791 -1.97235 -5.84575 2.74074 1.46223 1.92828 0.294126 3.37811 0.373406 -0.779554 4.26417 -1.0221 3.74324 4.00197 4.84592 -0.690734 3.19578 3.63203 -2.01964 1.50548 2.83429 5.98594 1.85594 0.283261 1.27977 2.101 -2.65934 -2.6147 -0.765741 
2.93628 -3.17791 5.29992 -1.48622 2.71063 -5.47442 -0.291731 2.36362 -1.50717 -3.04352 -3.21489 -0.433937 0.822136 1.992 -0.0832449 -0.152749 3.43898 0.602921 0.258117 -4.20084 7.70535 -1.00429 -2.45482 -1.33046 3.65716 1.2962 3.46443 -3.41472 5.11843 -0.18827 -0.87857 1.86663 0.824503 1.86938 3.24497 5.04266 -1.7396 1.87962 -0.537143 -2.85199 0.586716 7.16244 6.5543 4.26627 1.05327 2.12218 -0.799696 -1.70008 0.362236 -1.29977 
7.68185 -5.49736 5.16793 -3.78063 1.41616 -7.14143 1.37511 2.84671 -0.838552 -4.06994 -5.77698 1.5208 -0.483191 -0.128238 0.62099 1.68677 2.87355 2.28746 -1.7273 -1.56887 5.28371 -2.24084 -4.05659 -4.85605 3.09196 1.19679 0.0458588 1.60245 1.47097 2.04831 0.233219 5.89622 2.08425 1.78842 1.04542 5.44435 -1.45892 4.49864 1.66848 -5.83679 -0.66715 6.39518 8.1046 0.360484 -1.08891 0.673569 -3.04255 0.744979 -0.709549 -2.25159 
6.64939 -5.73709 4.38583 -2.52732 4.65368 -5.90117 -1.01872 3.84157 0.635039 -4.06997 -3.67774 -3.17396 0.963198 1.35371 4.44813 1.54304 2.42664 3.3573 -3.88757 -3.79279 5.94902 -3.39909 -4.37081 -4.40597 3.58527 -0.0839425 -0.0562486 -0.963673 0.680354 -0.461211 0.745807 3.0184 2.04388 -0.935926 4.51733 1.53141 0.553794 3.73326 1.98741 -5.67777 0.778011 3.82124 6.01706 1.89638 -0.173621 -0.250486 -1.0385 0.100354 -0.652519 -0.988707 
6.581 -4.89526 5.99944 -2.25146 2.12296 -6.57349 3.39046 3.43739 1.22949 -2.88644 -4.98197 -1.73759 0.898218 0.617388 0.171954 0.604891 2.14878 4.18507 -2.77605 -4.95025 5.16553 -5.24011 -4.82133 -5.76474 4.12503 1.26506 2.68183 0.079951 4.27271 -2.40304 0.77832 3.51367 0.233255 0.683439 1.5983 5.48161 0.127381 4.00199 0.0449065 -5.03706 -0.513552 5.43983 4.15233 0.407288 1.6014 0.755614 -1.23945 1.57604 -0.715617 -2.41505 
4.33079 -6.34048 4.29912 -1.33382 3.77322 -5.21152 1.98907 2.43615 -0.666723 -2.38539 -2.35073 -2.89004 0.865284 0.16293 0.273082 -0.259049 3.73463 6.01142 -2.04559 -7.00964 5.25419 -4.38367 -4.58207 -6.56087 3.52481 -0.71199 2.10423 -0.541562 2.56771 -0.927148 -0.459291 4.14711 1.56724 1.42317 2.42901 5.77652 0.310842 2.30291 -0.459053 -4.16302 0.717981 7.50563 3.43188 0.0368724 0.794843 -0.361072 -1.47698 1.52232 -2.70792 -5.26159 
4.75864 -3.69564 5.20001 -3.14701 7.24194 -3.33236 0.237184 3.56054 0.171594 0.935449 -4.75447 -0.184532 1.11745 0.874039 1.47643 -0.632778 5.18187 5.68872 -2.28189 -5.50077 6.13229 -5.35983 -4.68112 -5.31446 5.69394 -0.611313 2.14404 -3.82632 3.15393 -1.79653 1.67827 2.22021 0.128052 2.46424 1.74844 2.3056 -1.11515 3.32391 -0.042704 -3.40555 0.0523229 2.71102 5.91594 1.68241 -1.80726 -1.38932 0.172924 -0.478173 -0.178714 -4.29763 
4.31568 -7.05832 3.32342 -3.17428 5.67338 -5.04356 2.20788 4.14711 -0.834567 -1.11602 -2.2262 -1.00659 1.45517 5.5972 1.13234 -0.379336 5.45669 5.83204 0.767159 -3.44001 7.05398 -7.82416 -1.32071 -7.1514 2.3957 0.951854 2.48867 -4.84036 1.95237 -1.12475 -1.02531 3.24925 1.60068 3.19984 2.92321 5.17 0.216013 -0.441072 2.31082 -3.31223 -1.51916 5.05086 8.97001 1.61655 -2.02325 -2.09791 2.09519 0.81073 -1.62907 0.599423 
3.03555 -6.7529 4.35256 -1.50567 7.64904 -3.66863 3.63481 3.74535 0.137548 0.529907 -4.7695 -0.0808072 1.57282 4.29346 1.34836 -1.68401 6.82399 8.85178 -2.40138 -5.292 7.45377 -6.82837 0.0427429 -5.76946 3.61595 0.260823 1.24156 -3.65673 2.73943 -3.33172 1.10618 3.72712 4.17496 4.53267 0.579259 3.34797 -1.5914 3.57554 0.451397 -2.74587 -1.7882 4.6359 5.92215 3.2651 -4.50726 -2.73419 0.0257123 0.106685 -1.55685 -2.3301 
4.30282 -5.7885 3.44277 -2.9174 8.82796 -5.24374 0.913256 3.74897 1.12448 -0.879096 -2.85041 -0.27799 1.52116 3.4785 -1.05051 -0.553403 5.6868 4.93173 -5.17629 -5.39368 4.43729 -3.73499 -0.824267 -6.82833 1.11493 2.23877 1.45777 -4.52275 3.5816 -2.59757 -0.261419 4.4025 1.05547 5.05983 2.40491 3.21926 -0.700054 5.24711 3.51741 -2.28752 -0.439111 4.36059 9.6589 1.80533 -4.00229 -4.03685 2.24649 0.970878 -0.252971 0.513783 
3.14667 -5.14376 2.58115 -2.59341 8.80278 -3.28195 3.4701 4.16241 -0.858549 2.20838 -3.93422 3.22484 0.810117 1.60155 1.09839 -1.54272 6.60652 6.04372 -2.71408 -3.59177 5.38248 -5.22963 0.627357 -7.08237 0.774354 3.49872 0.553724 -4.3596 3.4589 -5.39212 -1.66922 -1.2298 0.558252 2.74098 1.47241 5.69141 0.326514 6.4582 6.88093 -0.911752 -2.65092 5.28957 10.0935 3.51569 -6.27264 -5.83963 2.55497 2.47692 -0.793852 -1.10293 
3.03304 -5.84161 2.91524 -0.814908 7.54697 -4.85626 2.40538 2.47609 -1.31358 -3.57986 -3.93301 1.40641 3.37666 -0.248641 1.99012 -0.693474 7.59989 4.81119 -3.8915 -3.28054 5.82845 -5.6208 2.85994 -6.20516 0.937569 6.2756 1.04414 -3.5398 4.74955 -4.46323 -1.24339 0.931585 1.48522 3.18497 3.88233 8.4116 -0.107233 2.94752 4.67249 -2.22855 -2.96947 3.27818 11.6729 5.40997 -7.41302 -5.48072 1.70703 1.48266 -0.612551 -1.75532 
3.75974 -7.50076 3.66251 -3.24333 7.65643 -4.90369 5.70152 3.68657 -3.38593 -0.377432 -2.63517 3.56397 0.508156 2.15997 0.494111 0.427243 4.73608 6.87551 -4.21978 -2.62683 6.8444 -2.29974 3.81271 -8.81823 2.17396 4.91588 -0.112283 -2.90645 5.95128 -6.14711 0.69412 0.177659 -0.453756 1.97362 2.63186 8.83055 1.51056 2.5965 0.957614 -1.87218 -2.4306 1.0934 14.0385 4.59185 -6.42588 -5.12805 0.396434 2.47982 0.90614 -1.10056 
1.24927 -6.60336 6.61373 -2.62385 5.218 -4.4052 2.51379 2.14809 -2.78034 -2.06818 -2.92864 4.07152 3.11293 5.69576 2.60921 -1.5987 4.8822 4.51114 -3.13384 -3.07349 5.29686 -0.429254 4.61745 -8.13434 1.64594 3.76928 0.903446 -1.22608 5.8525 -6.98831 -0.131794 0.349507 1.19065 2.62897 2.34775 6.46811 1.1715 3.21666 0.756416 -1.84217 -0.964749 2.36411 10.5932 7.7258 -8.66539 -4.36088 1.41343 1.73386 -2.63714 -2.65049 
4.0404 -6.87324 4.00536 -3.41726 5.26606 -6.60872 6.31412 3.80351 0.352344 -2.41145 -2.38794 3.865 -0.652622 2.55116 5.06837 -2.92365 5.67811 5.62442 -0.526392 -3.04115 8.87125 -1.88105 4.97414 -9.19291 5.23628 4.27086 -0.783206 -3.24034 3.41244 -6.78181 0.00161717 -0.876738 1.70317 3.85675 2.55522 8.64484 2.59745 4.45655 1.54953 -6.40494 -0.605997 2.35132 9.88523 4.80162 -9.73959 -5.11628 -2.18024 3.0883 -3.20131 -1.14498 
3.69935 -7.53634 2.63038 -3.09008 6.91327 -5.46877 4.75787 3.82181 -4.09639 -5.89986 -1.46214 2.21762 0.157514 3.53659 4.26343 -2.78464 7.19986 9.09884 -3.53617 -3.59942 8.92492 -2.24304 4.52038 -10.1194 6.10468 4.55748 2.92478 -1.84294 2.35727 -4.77023 0.815336 -0.418481 -2.26003 3.99078 3.56942 5.2132 0.576934 2.99897 2.90196 -6.6226 1.06341 0.204609 5.96985 5.14781 -8.09439 -5.83877 -0.0390482 3.64575 -2.33072 -2.14109 
3.2155 -8.16137 2.89426 -4.15431 8.54738 -5.40524 6.26151 3.71218 -3.28778 -2.81506 -1.31743 3.20859 -0.728305 3.28221 5.31308 -0.325207 6.98873 10.4831 -4.75222 -2.65113 9.68216 -2.58288 8.46691 -10.5422 4.62512 6.41153 0.179141 -3.36603 3.45647 -5.42564 -1.00824 -1.51445 -1.10474 5.00688 4.09922 5.10027 0.566618 3.49617 2.07936 -4.02784 0.631007 4.64694 8.52729 4.2138 -6.32608 -8.26062 0.720738 -1.3562 -4.06882 -1.65891 
0.432856 -8.99373 3.79487 -4.33312 8.79665 -4.21007 4.63554 4.03632 -6.75483 -4.705 -4.90268 2.94003 2.47077 2.96969 4.19153 0.187023 7.06792 9.86162 -3.94543 0.958028 8.41324 -2.3859 6.68998 -8.04605 6.51339 5.1097 -2.52794 -3.67434 -1.03185 -5.2251 -0.627268 -0.600618 -2.8692 6.05025 4.64518 3.47604 3.11515 1.4148 2.78027 -4.7028 -0.348439 2.30924 7.73012 4.46516 -6.58702 -9.82727 -0.036309 2.47044 -4.73279 -2.71217 
2.26545 -9.86757 3.23018 -6.21395 9.52909 -0.817178 2.30489 6.96855 -5.90383 -1.94557 -3.45958 6.1974 2.76122 5.2425 3.62004 -0.811349 5.0259 11.2796 -6.1382 -1.29769 10.7321 -1.09092 9.06692 -8.10851 5.49929 5.90372 2.03659 -2.13951 1.95397 -4.71847 -1.40835 -0.28177 -3.83687 4.81447 3.946 3.76164 1.41307 -0.134537 1.91133 -2.66336 -0.297784 2.49628 8.12416 3.76496 -9.57345 -7.52968 -1.89118 1.60742 -5.36528 -3.24549 
2.33066 -9.82017 6.32235 -2.09264 10.9186 -3.78206 3.0874 5.55884 -6.79129 -3.48929 -2.84612 6.26006 2.4808 2.19804 4.48411 -1.05648 8.25275 12.1357 -6.43223 -0.851493 10.4136 -4.82569 8.83334 -6.47676 5.72778 5.42443 0.504573 -3.06627 1.0098 -0.867917 -2.87225 0.255545 -1.173 4.64822 2.53691 5.90778 1.03229 3.11483 3.96643 -1.47879 -1.2995 3.55087 7.77339 2.88183 -10.3237 -8.35454 -1.49321 1.14388 -5.96016 -3.49009 
1.57901 -6.75523 5.66651 -3.51791 10.6705 -1.88929 1.61713 4.36468 -7.29882 -1.99924 -2.2626 7.02576 3.71718 3.76258 3.19851 0.239882 5.91025 14.4692 -5.58875 -0.905676 9.87436 -5.92501 10.4895 -7.50405 3.07652 3.22142 -2.30923 -0.826397 1.16886 -0.52826 -1.85104 -0.816469 -4.78308 3.93887 2.77666 1.83213 1.57831 5.07693 5.18978 -1.40589 -0.298515 2.97564 6.29937 2.41247 -11.0112 -6.44064 -2.13705 3.4474 -0.41041 -3.86032 
-0.325384 -10.1207 5.87111 -3.69048 13.9756 -4.03502 4.64693 5.98668 -8.56817 -0.772032 -2.36504 7.21367 3.68234 6.94097 1.29185 -0.771532 6.77163 14.8089 -6.24533 0.413044 10.5049 -6.60882 10.0446 -9.15073 3.97317 8.15521 -0.881328 -1.67467 3.58988 -0.206269 -0.927446 -1.47554 -1.00523 6.06571 4.01062 5.2286 0.114489 1.49795 7.98178 -0.652749 -0.392222 6.27 5.45536 3.7457 -11.8157 -3.68077 -0.453199 -0.529299 -2.77609 -5.10141 
0.0606787 -8.22444 5.50327 -5.52017 13.4917 -4.15749 3.83717 6.14963 -8.50851 -0.857541 -4.6393 7.93461 2.36619 7.06769 2.00265 0.034081 6.28374 14.1974 -5.27219 0.626177 12.4731 -5.74332 11.7641 -8.63389 3.62617 6.57153 0.758686 -3.32005 4.64955 -1.52993 1.30528 -0.969359 -1.24304 5.18076 2.1392 4.13735 1.96683 -0.214943 8.86139 -2.41616 1.22884 6.94585 5.21907 7.80739 -10.3501 -3.4546 0.557146 1.06316 -5.49073 -1.87488 
0.570693 -7.40967 7.63133 -3.24169 14.1895 -3.6814 5.86523 9.149 -8.41978 1.12223 -6.06291 7.04486 4.58073 9.38521 0.444364 -0.448559 4.91534 16.5498 -6.39865 1.50833 11.8883 -7.54186 11.4582 -10.2042 1.87536 3.34293 0.657436 -2.04794 4.85677 -1.32315 -0.0653834 -0.406133 0.257577 5.0274 2.16454 5.349 1.00761 1.79233 7.3508 -1.61703 1.23307 5.44972 5.18569 4.83987 -8.43053 -4.75597 1.93495 0.301195 -3.22717 -0.447188 
2.07241 -9.62422 5.1572 -2.94332 12.905 -4.5136 5.47163 6.41576 -7.54494 1.27278 -1.85683 8.20174 2.44 10.2377 3.93676 -1.10288 7.03781 18.1084 -5.80811 -1.04275 11.028 -1.25987 11.2196 -10.5623 4.97867 8.29977 2.33355 -2.30539 5.90298 -2.33317 -0.896478 -1.49993 1.32715 7.83742 3.31907 3.28205 2.07007 0.531255 5.44549 -3.02772 3.19361 5.39225 7.62433 6.22505 -8.72655 -6.18826 0.18671 -1.23088 -1.41203 -2.61542 
-1.67959 -8.8764 4.35063 -1.73917 11.8131 -4.00918 6.53481 6.89589 -7.94094 -0.408805 -3.41556 8.86851 1.91252 6.35159 3.50474 -3.31483 7.8992 17.0831 -4.22823 -2.65063 11.6067 -0.902476 13.6698 -7.94087 3.68408 8.77707 4.02851 -4.48381 9.22096 -3.23939 -2.97023 -1.74022 0.345303 4.98061 4.07586 5.65865 1.62547 2.48869 7.36442 -0.803313 5.16859 6.30083 9.49376 6.86452 -8.03725 -4.00241 -2.08887 1.94876 -2.15684 0.0292136 
2.56639 -9.76024 4.92893 -3.13925 12.8369 -2.11041 6.72531 4.46239 -7.73301 0.0369113 0.608643 8.2186 1.23924 7.58537 6.38642 -3.73584 9.7749 18.001 -2.52068 -1.51208 10.8406 -0.460684 15.6576 -7.23642 4.36537 8.71947 2.29962 -4.6903 6.44637 -1.63813 -1.08138 -0.815336 0.245338 6.98625 2.12797 4.43169 2.83443 -0.232903 4.83466 -2.84372 2.26196 5.08714 10.4794 6.66918 -10.1011 -4.40553 -1.8252 0.37751 -1.6689 -2.71725 
0.807427 -5.71388 4.78086 -0.465498 11.4998 -5.80117 8.28792 2.75182 -6.69875 1.55718 1.8801 10.7271 4.18695 8.96229 6.24516 -1.86042 8.18613 17.5699 -2.43273 -0.171253 11.8255 -1.53766 13.4932 -5.01533 7.00384 7.81482 1.11239 -3.42176 6.2918 -1.16223 -1.05583 0.00605164 -0.0957816 6.21287 3.28484 1.46949 2.98045 0.663597 2.64299 -3.53625 2.92369 6.63648 9.66105 7.27029 -8.87033 -2.07123 0.133112 1.02354 -1.21654 -3.23111 
0.095677 -8.49879 3.74453 -2.82309 9.87798 -7.48936 8.96022 1.13929 -8.4838 2.85328 0.395695 8.89743 5.14117 7.51329 2.12078 -2.87971 7.84456 14.2958 -4.36841 -1.75842 11.4735 -0.0242047 16.2773 -4.98528 7.66848 7.82966 2.54779 -2.35997 4.83054 -1.39531 -4.75929 -1.61185 -0.704632 5.91194 1.32536 3.13291 3.2534 -0.680581 5.35705 -2.62034 2.86045 4.70441 8.87955 5.50323 -9.79309 -1.20849 -0.312716 2.94475 -0.149261 -5.19302 
1.43198 -11.6413 3.18875 -3.38418 11.3375 -10.2442 8.53341 0.791811 -9.19836 3.0045 1.28558 7.8787 5.87937 9.07128 4.23409 -1.54932 8.55912 17.2889 -4.88468 -1.62034 14.0844 -0.526943 15.2837 -3.44824 4.90939 5.52788 3.05383 -2.07058 7.03656 -2.8583 -2.97467 -2.6871 0.228222 8.19097 2.39613 4.5314 4.02059 -0.254097 4.07106 -1.305 3.84353 6.90677 9.36312 6.24168 -9.77851 -1.00726 1.4088 0.471744 -0.189528 -5.81469 
3.30921 -9.20312 0.933008 -4.14989 12.9164 -10.1316 5.79233 3.15816 -6.63132 4.60418 -1.12237 8.10176 3.66139 4.72298 5.62703 -0.696692 7.55988 15.6707 -4.2903 -2.49776 14.9734 -2.7484 15.8094 -3.18798 4.41685 2.17457 -0.162243 -2.48262 3.89854 -4.25097 0.181872 -1.24609 -0.525175 8.98763 1.99336 2.87035 3.37953 0.226454 4.91985 0.827772 1.42494 6.63245 9.17332 5.27045 -8.89459 -5.11971 -1.20194 -1.60639 2.1436 -2.35101 
-0.00431255 -7.6901 -0.211013 -1.92051 9.21774 -8.52462 8.13408 2.48518 -7.74478 3.25825 0.0729236 5.47533 2.86254 7.78349 6.38406 0.483748 9.90859 15.1762 -2.68736 -5.3322 14.368 -2.26056 11.2852 -4.67317 4.25099 4.20893 1.05166 -3.25911 3.40907 -2.03718 -1.6626 -4.58034 -0.441805 3.9991 3.24329 5.65507 1.24211 -1.22775 5.04088 0.628811 0.7326 5.89706 5.89229 3.86091 -8.03203 -3.02066 -3.57149 -1.68889 -1.74696 -4.60895 
0.676092 -10.5832 -2.13898 -2.37004 10.6371 -7.69157 6.33631 1.47736 -5.2648 3.22403 -0.551226 9.62396 1.57147 9.0195 5.1528 -0.77981 7.52728 15.6657 -3.83968 -6.3549 14.7747 -3.18836 13.5959 -5.4963 7.60364 7.45113 0.934157 -3.25362 4.48553 -0.120349 -2.55451 -3.33014 -0.646854 3.54235 5.08855 5.33886 5.04807 1.1711 8.40402 0.517453 5.63118 6.62871 8.98336 4.0062 -9.51448 -4.1165 -4.27955 -1.00962 -0.566243 -3.30469 
-0.54712 -9.6127 -2.70068 -3.89408 7.37943 -10.7155 6.67433 -0.480999 -3.49404 2.06942 -1.87619 6.32081 0.557571 8.55055 3.76397 0.483107 8.58691 13.8261 -3.91681 -3.46883 16.2377 -3.32063 15.3337 -6.21974 5.14341 4.23437 2.77171 -3.13631 3.69791 -2.64412 -2.8669 -3.55562 -2.35661 4.43702 1.63924 6.8674 2.38248 -1.25222 7.89389 -0.70993 3.80211 7.69565 5.74655 3.53299 -9.49431 -0.364453 -4.67782 -1.45773 0.85678 -1.59223 
-0.250807 -5.81224 -2.9977 -2.09286 12.8965 -5.81483 3.36005 -0.656758 -3.82155 3.80504 -0.523814 9.76038 -0.765002 6.87951 4.50787 1.01083 7.74498 12.2946 -4.86998 -2.57529 17.2268 -3.11172 15.0039 -6.09057 4.5373 8.75836 -0.315682 -5.50321 3.90225 -0.930804 1.01547 -3.16768 -2.24465 0.47766 2.61633 5.1828 0.770965 1.08027 8.1676 -3.93723 1.16213 5.71218 5.70787 3.12653 -9.23426 -0.176637 -3.78396 -1.51172 5.86086 -0.777311 
0.590237 -9.2945 -2.57156 -2.03752 8.97561 -6.2444 4.94813 -0.228615 -3.82908 0.762502 -0.705304 11.0605 0.971172 7.99562 3.96723 1.21588 7.5854 13.9749 -4.05416 -3.08173 17.7691 0.530752 14.4777 -6.89165 6.33019 6.9381 -0.512589 -2.86279 3.77895 -1.1645 -2.637 -5.6229 -2.39984 1.49145 6.00433 4.1814 1.44785 -0.246199 7.16053 -5.14164 0.155121 9.26945 6.21832 1.13763 -9.26269 1.18237 -3.90069 -1.08854 2.42402 -0.676033 
-2.02853 -8.78475 -2.22898 -4.36701 8.62898 -5.16395 6.01728 0.00161061 -3.90899 -0.787886 0.464935 7.51792 0.0447773 5.70922 5.10212 -0.587398 7.72269 13.9356 -5.10543 -2.99756 16.693 1.18466 13.2614 -2.51987 4.61852 6.14054 1.44706 -7.53639 3.31406 3.05303 -3.66429 -6.73935 2.46093 3.24992 3.4981 3.77492 0.246198 -3.01323 8.40721 -5.05383 -0.860454 6.28205 4.64033 3.71114 -13.0764 -1.1792 -4.33306 -2.18913 4.27422 2.8263 
-2.51986 -5.16326 -0.436984 -3.42567 7.37305 -6.45156 6.74946 3.30229 -3.11102 -0.207335 1.31101 8.44775 1.10595 6.91506 4.56709 0.746827 8.51525 11.7284 -4.18351 -2.22823 16.435 0.479558 12.1041 -3.94578 1.6916 7.29194 1.92829 -3.73355 2.21882 3.01555 -2.55756 -8.01757 -2.52256 1.91952 3.47881 1.82882 0.466476 -2.41243 8.79704 -6.29637 0.16648 6.34354 5.90782 8.14804 -10.5806 -0.483681 -4.5674 -1.54343 3.51682 4.45304 
-3.80383 -6.66346 0.0238614 -4.65579 8.09595 -6.61639 8.08634 2.3554 -3.63456 -1.73975 0.251458 10.1867 2.15308 5.16247 5.85519 0.139816 10.1965 11.7062 -4.32279 -2.91474 16.408 -1.29958 12.5609 -4.15591 1.86811 7.07036 0.808966 -2.94117 4.48702 1.47924 -2.81764 -6.1619 -1.13656 2.72485 4.03462 0.728345 -0.89097 -1.24465 9.86329 -5.07516 1.33562 8.38099 6.06411 4.61188 -10.4435 0.325151 -4.39523 -0.595121 3.91004 2.82052 
-4.11201 -5.41516 -2.32935 -4.82799 6.91355 -5.48459 8.41665 0.0319015 -1.7382 -0.0224379 -3.30043 9.23043 1.5272 7.65319 5.67255 -2.19691 9.70975 11.3063 -1.93296 -5.13749 15.2968 -1.54922 12.7628 -2.94351 1.85388 7.16037 0.557136 0.849787 2.68685 2.70266 -3.15885 -9.59979 -0.750387 1.89705 3.04939 2.02352 0.827174 -1.91992 7.46922 -5.08026 -1.53672 5.65985 5.23927 5.52714 -6.71478 1.89203 -5.37316 1.71879 6.24911 2.14419 
-1.95202 -5.74862 -4.04784 -6.1713 9.6649 -4.26202 6.15884 -0.162379 -3.66243 -1.24886 0.690581 7.54217 -1.35426 9.41534 3.13962 1.91578 6.95243 14.176 -3.36487 -6.21459 16.9035 -2.7181 12.3813 -5.22639 2.75132 7.58331 1.64613 3.77561 3.58418 7.07129 -5.91838 -8.64767 0.891273 4.03205 2.47458 2.30324 1.08969 -1.9371 7.72148 -4.5195 -4.31 8.15948 2.61052 4.03021 -8.88142 2.20244 -5.94942 0.804636 6.80437 3.43646 
-0.391734 -4.08887 -6.0757 -2.73465 8.82403 -8.90293 5.42605 0.659437 -2.67166 -0.665168 0.894184 7.67339 -0.485097 9.04062 7.60207 -0.664644 6.47836 14.6508 -4.14967 -4.79596 16.4088 -3.16025 11.2296 -6.17812 5.32421 5.78165 3.6972 2.90548 4.4928 7.24686 -6.33513 -6.95208 1.55 1.8429 4.7777 1.01214 0.452915 -3.41589 4.94966 -7.77379 -2.68011 6.23101 4.99563 4.02254 -6.41323 1.99602 -5.17492 0.4259 5.37559 5.74855 
