-1.54051 -0.670075 -0.848215 2.25944 2.1529 -2.1175 -1.65003 -1.06283 -0.88783 1.60747 0.488936 -1.83867 0.518124 0.232058 0.51927 0.643894 0.648114 -2.3253 -0.951478 1.48174 -2.51607 0.424713 1.7635 -0.738341 0.436206 -0.288325 -0.764548 0.475903 1.19526 -0.497718 2.89034 -0.546966 1.49449 -0.0958814 -0.162227 -0.128639 1.61548 1.00025 3.2571 -0.155183 -0.513306 -0.135907 -0.804104 3.3604 -0.249569 1.24656 1.23937 0.705156 1.84682 -0.696856 1.51668 -0.109275 -0.055374 -0.937761 0.329657 -1.56984 -0.783966 1.23563 4.39077 0.365231 
-3.39801 0.228346 1.27516 2.68481 0.195986 -1.57735 1.96993 -0.993977 -1.97293 4.01201 1.00074 1.9249 2.96176 -1.53023 0.634076 2.96101 -1.60901 -1.32681 -1.38126 -0.143303 -1.89253 1.69799 1.5709 -1.57615 0.775802 0.899195 0.617274 0.635813 -0.814248 -1.10689 2.96062 -2.92657 3.24381 -0.369694 0.961412 0.880754 1.44667 0.749563 1.44442 -0.329634 -2.0748 0.130373 -1.72433 1.04674 -2.37868 0.0389713 -0.699225 -0.832208 0.59217 -0.970685 0.481222 1.40052 -2.79951 -1.47864 -0.278525 0.509945 4.40344 0.126889 0.747827 -1.52826 
-0.0130046 -0.155707 -0.745722 2.3381 2.3171 -3.53915 1.66828 -3.6474 0.713748 2.56794 -0.548984 -1.56101 2.12203 0.0712958 -0.240017 2.53671 -2.51301 0.476358 -1.57457 0.656801 -2.46595 1.01074 3.56414 -1.56748 2.00566 -0.00392678 -0.560933 0.846689 -1.06852 3.03601 5.99793 2.09681 0.139027 1.33171 2.63473 -0.0209763 -0.208703 2.27115 0.295598 -2.48068 -1.49742 -2.62322 -0.522199 2.14789 -1.72692 0.620853 -0.598454 -0.517138 0.500013 0.242838 -0.835617 1.97951 -2.50148 -1.24778 0.229217 1.37645 1.62176 1.24771 0.638344 0.209249 
0.0472157 -0.529958 -2.05375 1.26376 2.96005 -3.19158 -0.828588 -3.43873 1.61823 2.50521 -0.721424 -1.06033 3.51381 2.49739 0.990686 5.3263 -1.77166 1.56726 2.11738 3.2802 -1.77262 0.178511 1.96606 -1.48278 3.00177 0.172172 -0.591913 2.79599 1.52027 0.171255 3.53995 1.21271 2.98773 -1.4715 -2.24577 0.494494 -1.25949 -0.420168 2.20945 -2.802 0.52106 -5.55476 -1.28888 1.90271 -2.854 -0.167842 -0.536086 -1.01004 -1.42756 1.44763 -1.02889 0.820524 -1.96305 0.910211 2.93187 0.15431 0.700353 -0.791703 -0.214512 -0.439548 
0.680395 -0.722187 -2.49234 1.38178 2.43845 -3.68586 -0.0421807 -3.00189 -0.396344 -1.54926 3.36668 2.51019 5.30624 1.24771 1.68117 9.91418 -2.8695 2.53756 0.520701 -0.91854 -1.20689 0.445716 0.356748 -1.96795 0.0307969 -0.164096 -2.60455 3.39936 -1.13671 1.36224 3.69557 2.7157 1.02422 -0.64332 -1.67074 -0.10723 -2.46462 -3.32158 1.39759 -3.04975 -0.800603 -2.33352 -0.997582 0.215325 -4.57386 2.4026 1.69168 -3.25865 1.44556 -1.32197 -0.507019 3.38487 -3.88574 -0.911728 0.345104 -1.77164 -0.0788544 1.12369 1.88023 -1.7243 
0.424227 2.36624 -5.20054 4.21608 3.39526 -3.4182 0.160919 -2.42276 -2.70174 -0.685092 2.11721 1.22977 4.68321 -0.129809 -0.258385 7.54309 -4.81344 2.89113 0.977566 1.91371 -1.68499 -1.18024 3.36872 -1.33836 0.0754609 -4.78353 -1.12478 2.05716 0.856941 3.56176 4.13385 1.9043 -0.027087 -1.19363 -1.98369 1.81335 -1.58072 -1.61707 1.98327 -1.94341 0.772154 -3.84807 -0.99096 -2.79486 -4.50616 0.33557 2.36627 -1.21974 1.04253 -2.12918 -1.64632 2.06174 -3.37901 -1.31729 1.19377 -3.77079 -0.104207 -0.768078 0.644338 -4.24266 
0.545072 2.9258 -7.24023 1.69285 3.98052 -4.29772 2.7477 -2.65249 -1.33315 -0.0793182 -0.390525 -0.156877 5.78219 2.29509 0.00763335 9.10824 -3.7634 3.7475 0.189262 0.234169 -7.1444 0.487048 2.01184 -2.11939 -0.988002 -1.28913 -0.625959 2.60131 -1.20459 3.00892 2.76962 0.190446 -2.32416 -3.15478 0.407562 -2.01336 -4.42672 -1.33426 0.397096 -1.36159 1.02979 -4.91551 -0.529008 -3.1119 -5.55989 2.62638 0.713842 -1.14815 -1.11896 0.040967 -2.70036 4.36942 -3.1458 0.210347 -0.34855 -2.28091 -2.48544 2.28897 0.526724 -3.48352 
-0.00570558 3.06715 -3.74913 3.46317 1.06329 -3.19436 1.04495 -2.63403 -0.47853 -0.29686 0.289768 0.986903 6.38932 2.43375 -2.23607 8.31779 -3.96365 3.61095 0.134754 -1.60272 -6.78229 -0.398632 -0.543807 -2.10481 0.00160539 -0.716939 -3.45921 -0.341608 -2.77643 3.72369 2.08808 -1.52706 -0.537271 -3.3169 0.250496 0.974793 -2.92295 0.0674812 0.517384 -2.96238 -0.250603 -6.82946 0.134419 -4.00408 -4.93479 1.48104 0.943361 -1.64956 -0.682957 -1.20959 -1.14983 4.82779 -2.14471 -1.88761 0.583881 -1.16488 -1.50933 1.6419 1.34627 -3.11745 
-0.951327 1.55579 -3.34801 2.46508 4.38248 -2.3502 0.754146 -1.25041 0.581766 -1.41962 2.55268 3.73831 8.90793 2.78119 -0.00274225 8.44785 -2.43702 2.55667 -0.37722 0.6276 -6.86641 -0.0537694 -0.270745 -2.56527 0.814262 0.168138 -1.36434 1.91371 -1.29405 5.49819 4.73042 -0.16828 -0.202717 -0.675823 0.456224 -0.309902 -8.29371 0.066335 2.91014 -1.07532 1.10379 -8.38973 0.88739 -3.49348 -7.91952 3.93495 2.7316 -3.11921 -1.38817 -0.892642 -2.1677 6.48491 -3.23234 -3.38703 1.94911 -2.06804 -1.74266 4.29258 -0.624389 -3.9809 
-1.08946 3.38163 -4.33765 5.31572 3.90884 -3.03345 1.15852 -2.68372 -3.26272 -0.737031 1.92615 2.93461 9.69643 2.85372 1.64378 6.43265 -1.72933 3.00951 -2.46691 -1.48222 -8.49705 0.129859 2.36308 -2.70253 -1.8314 1.281 -0.209136 1.40797 -1.95584 3.32025 2.88625 -1.11482 -0.878397 0.284675 1.81599 -1.52811 -4.77224 -1.08315 3.6685 0.122688 2.87299 -7.47469 1.85603 -5.33755 -5.76019 6.60955 2.96625 -2.79191 0.461897 0.615526 -2.26415 6.34521 -3.90369 -2.27885 2.2496 0.0420358 0.635202 5.58017 -1.73117 -1.04663 
-1.83384 2.92694 -4.72392 5.84464 4.85311 -4.89033 1.42898 -2.83388 -1.34922 2.48719 2.49622 1.77492 7.54776 2.80449 2.60721 7.09795 -2.51997 2.12311 -1.59312 0.4375 -7.41838 0.234402 2.48209 -2.56541 -3.29423 0.509157 -0.637754 3.53163 1.49406 4.67184 5.32444 -0.649543 2.16084 2.15549 1.25196 -0.469455 -2.30134 -1.99019 4.46543 -2.21485 0.0818043 -7.22262 2.86171 -7.54689 -3.28709 4.84899 4.18819 -4.45114 0.638471 1.13482 -2.10821 7.15328 -4.40774 -4.0655 0.468973 -2.56261 2.7612 4.6015 -1.73934 -0.478814 
1.03827 3.33841 -3.79989 4.07281 1.83366 -4.64293 2.90524 0.777395 -1.92496 -0.62952 5.73132 2.35905 7.88145 2.85053 3.18342 8.52539 -1.72992 1.24126 0.11814 -0.552128 -6.60572 0.850902 0.203415 -3.73551 -4.25612 -1.73708 -2.6716 2.93731 0.450429 2.87586 6.92013 -1.01321 1.84597 0.0867037 -0.0386572 -2.26317 -5.05337 -1.01092 8.16066 -2.89672 1.6005 -6.58878 5.79581 -4.98584 -3.89597 7.01636 6.37445 -5.41923 0.89085 -0.444421 -3.13453 9.06621 -5.71917 -1.34426 0.479754 -2.09337 0.891111 5.10491 -2.30726 -2.97839 
-3.07812 0.257503 -5.2569 2.4132 2.62686 -3.8817 1.9689 -2.24729 -1.57951 1.17453 2.78597 1.43606 8.72104 1.8848 0.647371 5.06555 -1.55758 3.98007 -0.0472235 0.561017 -8.42958 2.06296 2.24587 -2.42164 -2.78114 -2.425 -2.6848 1.65505 -0.127121 3.47343 5.87039 -0.323218 -0.187124 -1.23294 1.57326 -3.05837 -6.73088 -1.51999 8.87625 -3.77127 0.866948 -9.28765 4.32268 -3.42455 -4.8388 7.63005 4.0767 -5.91613 1.4735 2.16042 -3.2285 5.30173 -4.37913 -1.98727 0.740774 -3.18301 1.94179 4.60888 -1.03557 -0.105915 
-0.213522 0.303209 -3.55286 1.01434 3.61691 -5.19666 0.577543 -3.91286 -1.31139 2.02947 4.46221 2.04803 7.12975 5.70562 2.20378 9.86655 -0.395312 2.17846 -1.00429 3.6805 -7.61263 3.86191 -0.439931 -3.8518 -2.43934 -1.00319 -4.34756 0.00609904 0.570201 1.69401 5.23592 0.921099 2.30449 -3.11299 1.9954 -3.2517 -4.3075 -2.86315 9.71869 -3.11669 1.56631 -9.42337 4.32019 -4.72616 -2.87231 4.16951 3.1223 -6.76147 1.97479 0.404563 -2.55637 10.3557 -6.77722 -5.00641 -0.354144 -1.82435 -0.483686 3.39355 -1.05097 -1.4346 
-0.484544 -0.0230673 -4.40068 2.61393 3.95004 -6.28393 0.167633 -4.11936 0.404586 3.48007 4.22435 3.70436 5.67973 4.94666 3.81781 7.96649 0.0247089 -1.46658 0.385568 0.682134 -8.22155 1.56687 0.257261 -3.82008 -3.29925 0.494178 -2.80552 -0.0606765 -0.600882 2.15049 7.52197 -1.86743 4.04971 -1.07003 -0.668142 -3.0012 -3.65453 0.933774 7.28989 -0.683167 -0.243533 -9.80972 5.86855 -6.313 -3.35316 3.22824 1.54594 -5.04118 0.829044 1.3292 0.331866 8.57227 -5.66842 -2.23931 -1.8342 -2.5003 -1.89468 2.93907 -0.00154195 -1.92035 
1.14432 -1.46145 -3.9464 3.69924 2.70621 -6.50208 -1.4043 -4.29118 1.07676 3.05532 4.02671 5.14252 8.52479 6.64846 0.809205 11.3752 1.08146 -2.69627 0.940014 2.79894 -8.17077 1.8819 3.04499 -3.31291 -1.26908 -0.661962 -0.213908 0.145835 -0.368157 4.56736 5.94731 -0.253879 2.88641 -2.34482 1.65176 -4.95137 -4.38753 -0.275303 7.58036 -1.38725 0.153692 -11.4885 5.41994 -8.82299 -5.91243 2.72206 2.82358 -5.885 3.63385 1.89984 0.337763 10.1545 -5.08971 -3.89509 -1.71522 -2.60612 -3.26275 3.61465 -4.12744 -1.57212 
-1.61381 -2.26186 -2.86934 3.18346 4.06717 -7.78028 0.798651 -7.1335 2.93646 -0.0863536 2.05165 6.73293 7.20583 5.60101 -0.138172 11.5593 1.17778 -2.73833 -3.13778 2.39921 -6.76625 -0.458956 0.763403 -0.604943 0.112171 0.0240931 -1.74301 1.77897 -0.649756 4.11162 2.17146 0.440887 1.90233 -2.23458 4.20252 -6.40618 -4.57602 -0.697035 7.22075 1.02165 0.54783 -8.05062 5.4271 -7.80353 -5.15349 4.77556 1.05144 -5.03805 0.779789 0.19858 0.909835 11.2647 -3.11634 -6.79085 -3.4847 -0.372105 -2.83465 3.6873 -2.42005 -2.48882 
0.0500531 -1.80522 -2.2311 3.03226 2.51729 -8.76459 1.6057 -3.64787 1.04669 -0.0818711 3.40323 8.21975 10.0004 4.34646 -1.77405 11.7302 2.29796 -1.47598 -2.19402 2.27709 -6.84097 -0.317112 -0.844891 -0.786559 2.47293 1.75066 -0.336363 0.179988 0.573848 6.43801 2.54435 -0.83848 0.684737 -1.18426 1.7833 -3.82933 -6.74387 -0.587594 5.21872 0.970414 0.799015 -11.3919 5.59302 -7.61415 -4.59194 6.18997 0.256627 -4.06454 0.670542 0.0823995 -0.0524319 12.2522 -7.45725 -5.33876 -3.35784 -3.44622 -2.04532 -0.095499 -0.410677 0.385947 
-0.751102 -1.67171 -3.35176 1.28641 3.76064 -9.49949 2.04432 -4.4752 -0.214244 -1.80138 2.89295 5.06392 8.3694 8.237 -1.63434 14.175 0.424959 -1.80295 -1.51014 1.98997 -8.09253 -0.335795 -0.260839 -0.836823 2.05284 -0.60419 -1.14634 -1.95608 1.07836 3.78063 3.54211 -0.885928 3.53802 -2.76602 3.98956 -4.35133 -6.93298 -0.964139 3.16495 3.47406 4.04053 -10.4854 4.00974 -6.31063 -4.45993 6.28538 3.20246 -5.26745 0.0574626 -2.29501 -0.653581 10.1868 -4.54396 -7.29957 -0.81953 -4.97769 -1.00835 2.37039 -2.32147 0.154395 
-0.484298 -1.58004 -2.44517 3.8456 3.08171 -8.5508 1.81869 -3.68447 4.24263 -0.808513 2.59278 7.9702 8.76022 7.12121 -1.72515 13.5595 1.83542 1.03029 -2.15923 0.0406198 -7.58651 0.954686 -2.59748 -2.83698 0.824651 -0.0740297 0.248376 -0.48402 -0.182998 5.53878 4.8212 -1.10077 2.78762 -6.48287 1.40515 -3.84265 -9.28101 0.707675 4.12554 1.65484 1.85343 -9.29852 6.50398 -4.46921 -5.07432 6.23367 2.63399 -3.4276 1.69108 -4.12177 0.276759 12.3435 -7.18733 -7.19505 -1.45771 -3.2406 -0.872643 0.145405 -0.154948 0.330327 
0.443472 -1.00597 -4.41183 7.08256 6.05495 -8.17706 2.78301 -6.72367 2.41894 1.33678 2.78402 5.2294 8.92897 8.37747 -4.79498 11.1822 2.13564 0.198282 -3.7925 0.221318 -5.27232 -0.113599 0.223602 0.735069 0.815118 -1.45299 -1.18818 0.545484 -2.77149 2.68605 3.48433 1.45458 4.24227 -4.61895 2.42962 -4.91967 -9.5218 -0.600878 3.35532 1.3458 0.454512 -8.78253 5.51319 -4.8451 -3.7212 5.91593 2.24971 -4.62434 -0.186868 -2.78993 -2.73721 13.1533 -8.13139 -7.79744 -0.933873 -0.27827 -2.905 2.75896 -4.70113 0.976017 
-1.90075 0.282957 -2.97163 6.9793 6.98767 -6.18011 2.54072 -6.06696 4.50969 0.522459 2.36091 3.06847 11.6499 8.70086 -1.40884 9.4407 4.76483 0.818803 -5.21314 0.150053 -2.75608 -0.215817 -2.09684 -1.01312 1.1516 0.0281525 -0.506172 0.378255 -2.29452 5.85962 6.38386 -2.56277 2.97686 -7.42655 1.04809 -3.39407 -10.7207 -1.49031 5.62358 2.74219 2.87301 -9.60219 5.41721 -5.79621 -4.12998 8.83534 2.99926 -5.11489 -0.344705 -0.179213 4.49019 15.3411 -8.32157 -7.10704 0.0234231 -0.0560711 -0.990362 4.06862 -2.53693 0.0485887 
-2.6302 -1.07008 -2.21193 5.08669 7.5303 -10.4051 3.13365 -5.4293 1.07508 2.12155 3.02027 1.61103 10.9175 9.17585 -2.12144 10.3542 4.46965 -1.06692 -5.83987 2.54965 -2.10053 0.354719 -1.13937 0.117251 -2.38797 1.90867 -0.241837 2.58678 -2.4812 5.99611 7.59974 -4.52631 4.25997 -4.38796 1.02181 -5.3366 -11.7999 -1.83952 4.22293 4.34705 2.60999 -10.0884 4.93236 -4.83512 -5.24614 9.98792 3.60258 -7.76181 0.557806 -1.2405 2.87869 15.457 -6.43628 -8.02182 0.551741 0.662339 -3.46248 1.98418 -0.832317 -1.47633 
-1.86177 -1.81721 -2.48297 7.91977 6.07766 -8.90109 0.948757 -5.18861 2.32235 2.30304 3.07673 2.58872 12.7742 10.6964 -2.58462 11.1043 4.25828 0.0187862 -6.23824 0.425125 -1.07236 0.0322854 -2.61891 0.875992 -0.128659 2.84813 -2.23629 2.3436 -2.33123 4.13718 7.98864 -5.27578 2.32016 -3.45479 0.601098 -6.81313 -9.62134 -0.545074 5.14141 1.19466 1.04502 -8.26591 5.7183 -7.46217 -5.28314 8.30488 2.86996 -9.32323 0.536117 1.24629 3.618 16.6415 -7.94535 -7.54493 1.21003 0.0822593 -2.21405 1.18621 -0.185935 0.0303389 
-2.03927 -0.0302584 -2.01468 4.39423 6.99844 -12.0714 -1.15596 -6.57002 -3.06716 2.08592 4.11372 1.85342 13.3057 10.4294 -2.60322 8.29763 4.64097 0.266393 -9.74774 1.14365 0.997723 -0.0414414 0.921155 0.980438 -1.22539 3.74591 -1.07822 3.02098 -2.12128 5.492 7.16989 -5.54281 2.21059 -4.5403 1.06301 -6.66558 -9.40306 -0.996046 6.99899 2.28223 0.790725 -6.49986 6.80818 -6.45542 -4.03125 7.54008 1.99066 -7.32718 -2.66483 2.17139 3.54118 16.6556 -5.24978 -7.79198 0.124843 -3.98929 -5.73171 4.23894 -1.13581 -4.384 
-1.27822 1.63354 0.0276376 6.07001 6.04379 -13.0379 -1.25584 -4.28269 0.0856558 3.25 3.61234 1.42102 14.432 9.29808 -2.08696 7.40262 6.16306 -0.982529 -10.1461 0.764228 1.60768 -1.87276 0.183727 -2.34001 -2.89984 3.87923 -1.84493 4.68053 -2.58357 3.25376 3.78038 -4.53969 1.79351 -5.35338 0.441037 -7.42812 -13.4601 -0.648548 8.49324 3.23012 3.21418 -6.61387 7.05609 -5.3317 -3.65499 7.03123 2.40636 -6.45 -4.88063 0.890597 6.12113 14.6253 -6.80224 -9.42882 1.44892 -0.958782 -4.55589 5.44426 -4.7287 -2.98155 
-1.61959 -0.239489 -1.93533 6.92111 4.09912 -11.3603 -1.06509 -5.05063 0.0535631 3.21166 1.86512 1.80267 15.1186 9.78687 -1.2627 4.81294 5.77319 -3.10742 -12.603 -0.0203821 0.351355 -1.34691 2.04069 -1.60225 1.78391 6.65557 -2.70253 3.15479 -2.8114 4.83017 7.92725 -5.82743 0.424205 -4.87597 0.4289 -7.48856 -8.48694 -0.838661 8.2761 4.77861 4.01649 -10.1246 6.29112 -5.74225 -4.44656 8.74315 0.54749 -7.64646 -3.27371 1.88989 5.24818 16.2096 -7.52433 -9.12857 2.54531 -2.27201 -4.20701 4.49344 -1.81139 1.18576 
-3.05014 -1.22336 1.49336 5.12637 1.6292 -11.4477 0.627955 -4.87089 2.82962 4.30037 3.36235 2.79168 12.2171 8.21343 -3.45369 5.14741 6.71598 -3.65091 -9.55395 0.856382 1.65522 2.0069 0.277714 -0.243864 -1.79119 4.32633 -0.256878 6.94164 -1.35565 3.73806 5.16138 -6.56259 1.01576 -3.90828 1.35984 -10.2683 -8.14852 1.3526 7.17047 1.29237 4.51677 -8.1941 8.33796 -3.95094 -4.73533 8.1047 1.97542 -10.2861 -2.96288 0.766333 4.69845 11.1184 -6.9134 -7.75927 0.0691289 -1.59435 -3.00965 5.6647 -2.05105 0.315108 
-2.78106 -2.3849 0.616784 4.99424 5.01523 -14.7011 -1.1611 -7.69078 -0.0976593 2.59204 4.59517 1.145 12.6298 10.0096 -1.41725 6.15356 7.58714 -1.11493 -9.34904 1.53088 0.604568 0.103097 -2.38878 -1.21887 -2.55006 5.84891 -1.66271 6.52726 -2.06252 5.92845 3.95228 -5.09657 -1.22346 -5.82534 -0.195089 -8.55686 -10.5111 0.163549 10.6628 3.84621 3.10247 -8.65458 9.56 -7.61441 -2.44265 10.7634 2.50947 -9.59545 -0.526162 2.50328 6.39208 13.19 -8.3145 -8.59631 0.0492774 -4.56059 -3.4574 7.14221 -4.84608 -1.32927 
-3.30308 -1.33453 1.06404 8.72306 6.73617 -12.3953 2.68164 -10.2352 2.66818 1.97498 3.34865 2.01128 14.9314 8.72883 -2.63884 6.19337 7.33099 -2.5343 -10.3845 0.776853 1.03118 -0.294069 -5.41149 -2.19619 -1.0703 3.96535 -1.87927 5.85086 -1.8462 2.70477 5.56399 -6.05244 0.70989 -4.9018 -2.02586 -9.4243 -11.5939 0.440898 12.0745 3.40791 3.77019 -10.109 5.85219 -8.42304 -3.31954 10.7063 -0.984533 -7.77389 -0.554776 1.17764 7.81317 17.3064 -8.75123 -7.3982 -1.36871 0.338227 -2.69423 5.70013 -5.18383 -2.80672 
-4.46788 -0.948802 -2.65311 7.7165 6.39556 -13.9554 2.5399 -11.2662 2.28651 0.549394 6.57809 3.19526 13.8653 10.1465 -3.10299 5.28828 7.87327 -3.50979 -10.4003 2.96344 0.388739 -0.778488 -2.81091 -1.53858 -2.22735 6.15531 -1.27523 5.37571 -2.48697 5.5201 4.56936 -5.06123 1.32155 -4.32628 -4.80775 -10.1094 -9.39569 1.19992 11.5148 4.08286 1.1951 -8.92801 8.33976 -9.44438 -5.33619 6.91057 0.807972 -9.16496 -3.58965 0.823433 8.10999 16.4763 -7.41755 -7.79402 0.305588 -0.409403 -2.72013 7.04839 -5.31394 -0.435006 
-4.86157 -2.01773 -1.87548 7.94814 6.2895 -12.7878 2.01726 -10.1182 3.3127 3.83365 6.33167 1.03022 14.2704 9.39994 -3.10205 5.35224 8.50433 -3.60705 -9.90882 1.85756 -2.52474 -1.61612 -4.30631 -2.27057 -0.945328 6.22388 -1.85682 6.09581 -2.16413 6.2754 6.10991 -4.03571 2.26249 -5.38412 -3.36377 -9.3054 -10.0792 -0.758277 11.9472 4.14305 0.652308 -6.77117 7.49768 -8.37487 -4.23073 7.46291 0.482832 -8.08657 -7.41388 3.54098 6.36378 16.9555 -7.7434 -5.0744 1.58364 -0.113407 -1.1982 6.46866 -2.43484 0.688838 
-4.00853 -4.57361 -2.39468 13.2102 2.69449 -13.4653 0.886147 -8.10026 0.464007 0.0104069 4.61095 -0.247048 14.441 9.84693 -4.1521 4.27984 8.37429 -2.54547 -11.7078 0.528884 0.485508 -0.376123 -5.86858 -2.97456 -0.466343 7.08294 -3.45215 8.29898 -0.866346 7.42685 8.63827 -4.0369 1.20167 -5.81977 -2.88075 -10.6427 -9.24108 0.314398 9.33228 1.76174 1.4712 -8.41461 4.55592 -7.15476 -3.59404 10.2719 -0.107333 -10.0266 -7.35866 5.23935 6.93492 16.0275 -9.2876 -6.23983 1.54072 -0.983277 -2.13084 7.18914 -5.23023 -1.20149 
-1.82086 -2.63693 -3.20672 7.70503 2.57396 -15.1238 -0.275344 -12.3066 -0.727913 -0.186348 1.90799 -0.536868 13.6144 8.21227 -4.84587 5.05195 10.2824 -5.44647 -13.0688 1.33678 1.88076 0.991331 -4.40601 -1.32744 -1.00486 8.94143 -3.71101 10.1166 -2.55573 5.0545 7.29558 -3.56927 -0.932698 -6.22402 -6.44434 -11.3944 -12.0029 1.78266 9.0925 3.33098 3.27482 -7.94444 4.10083 -8.0249 -4.60819 11.2202 0.496775 -5.89299 -5.51336 4.87888 6.64484 14.9156 -9.46978 -5.71371 -1.4251 -2.831 -2.33753 6.27566 -2.81587 0.346522 
-4.62812 -1.94004 -1.6596 8.01409 4.77553 -15.6061 -1.08629 -7.83377 1.76223 0.565372 4.73457 0.553242 16.3877 8.04657 -5.43814 6.86697 8.13284 -3.80966 -12.1099 1.23189 1.58761 2.31597 -3.55354 -1.65355 2.63551 8.90633 -2.73186 7.43602 -2.74476 3.38168 8.15817 -5.24872 -0.666143 -8.603 -6.10209 -11.7037 -10.642 0.688195 9.37193 2.84127 0.739381 -8.80728 3.50205 -8.35378 -4.70478 9.86354 1.29719 -5.51657 -5.77771 4.43483 4.82042 15.9043 -12.5181 -5.69391 -0.13214 -1.38226 -0.987346 6.66129 -6.35048 -1.29474 
-6.59812 -3.5142 -2.29388 8.89063 2.77424 -16.5157 -0.0456495 -8.29251 0.847199 2.00582 3.27297 3.20593 16.6915 12.0837 -6.73797 4.64423 6.17526 -3.06677 -13.702 -4.17799 1.02069 0.0459402 -2.13163 -0.0720627 -0.409115 6.49773 -5.86461 3.89962 -5.26074 6.8331 9.214 -7.21985 -2.16645 -10.1119 -5.6982 -10.7683 -12.3861 1.68291 10.5457 6.12131 0.88484 -8.40582 2.59128 -8.37873 -6.02198 11.9318 3.93261 -6.20049 -6.97462 2.77217 5.63783 14.9607 -13.1463 -4.98051 0.585619 0.690576 1.47432 4.753 -6.2677 -1.14518 
-6.70426 -0.0609752 -1.7995 7.68425 5.32624 -19.0837 -0.624899 -10.7986 0.710263 3.06415 3.2731 3.74519 13.1394 11.626 -3.30139 2.92354 6.93442 -5.34508 -13.0213 -0.265851 -1.66801 1.45006 -1.69471 -0.201013 -1.70722 5.71176 -5.44087 5.88139 -5.77587 9.71587 8.4372 -7.82991 1.22637 -11.7741 -5.64644 -12.0579 -9.91996 1.05179 5.70591 7.3298 -0.608949 -9.18315 2.01497 -8.58766 -3.51513 12.1305 4.901 -6.61892 -5.59534 4.57843 9.36584 14.6287 -11.5608 -6.39121 -0.714072 -1.60262 -0.236647 2.46798 -4.21102 -4.56221 
-8.69833 -0.0972152 -1.59988 9.97292 3.77706 -17.4636 0.439255 -11.2916 2.04098 -0.35766 3.19723 2.73119 15.1724 9.16131 -4.3502 4.3454 6.33424 -4.4745 -14.5198 0.560656 -2.12595 -0.0598475 -3.46052 -0.148465 0.054146 5.01904 -6.00236 7.16465 -6.23368 8.99347 5.25409 -6.82644 0.444723 -10.2241 -8.3612 -13.0504 -9.57656 3.34584 5.76945 6.3931 1.29051 -8.96213 5.96908 -7.89912 -4.61113 15.0563 2.0752 -8.81606 -8.18276 4.50154 9.86086 11.2482 -13.8793 -6.45439 -1.4871 0.431208 -0.303319 2.57973 -4.2414 -1.58788 
-7.20165 -0.880703 -1.57422 9.34316 5.35384 -17.4324 1.15815 -11.6902 3.71566 -0.857966 3.26069 3.22611 20.6035 8.58531 -4.96676 5.65916 7.70272 -3.20022 -13.33 -0.228297 -2.01177 3.13002 -2.36201 -0.0526949 -3.78 4.63355 -6.77835 5.60395 -3.90858 9.25455 7.83342 -9.7073 -1.02825 -10.4135 -8.0534 -13.7674 -7.52856 3.03768 7.64546 4.45238 1.15097 -9.23311 5.18861 -9.735 -7.29998 15.1689 2.60617 -6.80744 -7.68393 6.65483 10.2587 12.8011 -13.8699 -6.90233 -1.69271 2.60807 -1.77714 3.44426 -3.09765 -2.23932 
-6.6661 1.09875 -3.27742 8.94996 5.81155 -16.8005 -0.276486 -14.9595 -0.376041 0.41968 4.89557 3.32328 17.7819 2.427 -3.50871 3.1011 4.24827 -3.23671 -11.659 1.44001 -1.23971 3.94607 -1.46319 3.15317 -0.799123 6.36774 -8.04926 8.80371 -7.5597 9.68277 5.4987 -9.08814 -3.52795 -8.22705 -12.7869 -14.7759 -10.2802 1.51695 6.86045 6.40137 2.50775 -10.6838 5.16728 -9.17921 -7.66499 17.7066 2.6734 -5.91975 -7.06727 5.36261 9.42277 13.3764 -12.3851 -7.52461 -0.436086 2.04573 0.474524 1.77782 -4.40007 -5.62845 
-5.82968 0.453988 -1.94695 9.65663 5.12489 -15.1776 -1.08956 -16.0746 -0.25815 -1.18595 4.77889 4.05259 16.7122 6.68595 -2.59273 3.07691 1.56047 -8.46924 -12.3518 1.46475 -1.50081 4.03356 -2.45063 2.87224 -0.780957 6.26204 -7.38757 8.24756 -7.24121 9.78096 5.718 -9.70607 -0.217087 -9.73118 -10.5274 -13.7303 -10.3615 3.89916 5.11875 6.68213 -1.32571 -8.95008 8.47505 -5.24504 -8.89083 16.0894 5.28672 -7.1381 -6.26913 8.13226 8.43948 11.9226 -12.692 -7.31001 1.31817 4.02113 0.462767 0.870948 -3.83277 -4.65233 
-4.90501 1.29683 -1.00027 7.43581 4.70253 -14.9946 1.23445 -13.9832 0.904544 -0.334598 3.67861 3.8251 18.1789 6.54646 -1.40893 4.55623 2.38682 -5.25993 -9.60672 5.09936 -1.72303 2.07141 -3.3352 1.48749 -3.91824 4.81541 -7.16615 9.58222 -4.8861 9.71276 7.37016 -8.23686 -0.826389 -10.37 -10.6585 -15.2034 -12.3225 5.23825 4.47649 6.37232 1.06161 -10.7513 6.66047 -8.39814 -7.85351 15.2742 3.74647 -7.67288 -6.98539 8.33831 9.45106 14.2775 -8.88073 -6.70253 1.26325 7.16499 0.106994 -0.664467 -2.29118 -4.87933 
-3.05256 0.358634 -2.40299 5.59385 6.81712 -16.5377 0.392244 -13.7763 0.237523 0.318874 4.05915 3.63004 19.8859 6.11415 -3.94451 6.05481 0.413119 -7.23485 -10.1181 5.26852 -4.04541 3.04398 -4.13414 1.43159 -2.19187 4.11673 -5.15835 4.75457 -7.16389 7.27396 4.39506 -7.43518 1.23083 -8.60128 -8.65492 -15.9931 -11.2993 5.13767 3.68348 6.97531 1.30717 -11.6999 5.2465 -6.61602 -8.78696 19.4324 4.74589 -3.69687 -6.54067 6.0408 8.5818 10.4512 -9.24331 -7.09888 0.811606 8.07607 -2.34031 -1.04665 -3.44694 -6.07186 
-6.77983 -0.591069 -1.35556 5.22922 3.86001 -20.7653 1.11991 -14.5398 -0.181185 0.754856 5.66873 3.95244 17.0648 4.30072 -1.94609 6.87262 3.70978 -6.72554 -12.1203 2.2565 -4.08236 1.22182 -3.64183 2.42706 -2.27532 5.15519 -5.45164 5.4821 -6.66075 8.61142 7.12036 -9.48638 1.55644 -10.4644 -7.95143 -15.3566 -10.4451 3.94324 7.2682 4.19384 2.27523 -11.6371 9.03146 -4.94783 -6.68271 18.6929 5.14182 -5.43375 -7.76159 7.31965 7.48804 10.6718 -7.90391 -6.50825 1.5054 10.3536 -1.75826 -0.78634 -3.54075 -2.19305 
-6.47768 0.209608 -1.89717 2.46316 3.36279 -21.0186 3.36768 -15.3566 0.982649 0.838194 6.51159 2.71167 17.7672 6.17114 -1.22397 10.6796 3.69865 -7.1112 -10.2158 2.24478 -4.4017 1.3143 -4.94811 2.47267 -2.82565 5.13376 -8.14571 3.79581 -2.90142 10.081 7.48538 -9.37087 1.48437 -9.25171 -7.47009 -16.9286 -11.2172 2.05453 3.78171 5.29144 4.14597 -13.4396 10.1582 -8.53548 -6.72307 16.5686 6.11089 -6.46189 -6.66898 6.24779 10.4285 11.0803 -4.66344 -5.43797 2.17306 10.0581 -1.12872 1.92163 -4.66617 -5.42065 
-4.28388 2.92683 1.37784 4.6202 -0.779957 -19.2743 4.05263 -13.5479 -0.241207 0.990885 4.3719 1.89782 17.2868 6.02093 -1.80285 10.1106 4.27793 -7.24556 -9.94099 3.61791 -4.65348 1.23612 -5.52165 3.88584 -4.64347 8.45291 -6.79035 4.22027 -5.61688 10.1643 4.42739 -9.50506 1.4385 -8.95348 -10.3442 -17.5868 -10.6424 1.89234 4.61297 3.84332 2.43534 -11.774 9.22746 -7.47173 -6.56445 17.0951 3.86412 -8.3715 -5.56066 8.35626 9.23715 11.9786 -7.51281 -5.92616 1.65123 10.4818 -2.7255 1.83737 -4.24892 -4.72321 
-4.0813 2.54617 2.72126 2.83034 2.21099 -19.1024 6.08589 -18.2208 -0.842612 3.47882 5.93327 2.13694 19.6051 6.21217 -0.374307 9.29243 3.96066 -7.39938 -10.0733 3.32972 -4.09708 1.56046 -5.26951 2.9468 -4.47853 5.64288 -5.65299 1.16212 -6.03245 6.18 5.68258 -6.3586 -1.31998 -12.0646 -6.49259 -18.4372 -13.2493 1.37289 2.90474 6.40074 -0.56411 -14.7892 9.0417 -8.09435 -8.04998 16.6877 4.23541 -9.33257 -3.82656 7.12906 7.1861 10.9719 -7.40357 -11.0142 1.45376 11.2885 -2.88686 0.352138 -6.02603 -5.54628 
-4.03245 2.05433 4.11061 1.86025 2.71652 -19.6571 7.76072 -15.9466 -0.149253 2.43183 5.03374 1.01234 21.2914 7.17761 -0.566629 9.50736 3.71429 -8.40193 -11.3116 2.00657 -4.0113 0.811135 -5.10596 4.57714 -5.49282 7.57734 -5.19388 -0.355893 -8.62949 9.227 6.7149 -8.65606 -2.04995 -12.2309 -6.46021 -15.272 -12.1313 3.69534 3.61988 1.38161 -1.86836 -11.5078 8.84155 -8.21888 -10.843 14.411 6.04738 -9.5921 -4.45924 7.49626 7.13517 10.3083 -7.41183 -9.54 -0.402929 10.7901 0.484504 3.88189 -5.42893 -6.16781 
-2.57792 2.40007 1.01942 1.51819 4.30968 -21.6543 6.9693 -16.5885 0.150596 4.93007 5.16521 6.28781 19.266 6.21017 -2.75756 9.55363 3.65625 -9.88055 -9.10424 1.39325 -5.23225 0.948951 -5.65657 2.73529 -6.35038 7.1722 -5.16125 1.47228 -11.8359 11.6884 4.89063 -11.2187 -3.14088 -10.8863 -6.83867 -17.2883 -9.54217 2.49474 2.54961 7.10274 -1.75711 -13.941 11.2059 -7.14064 -9.91956 13.3767 4.1717 -9.86033 -5.67682 8.18433 5.23272 10.0815 -6.87701 -10.3163 -3.26172 11.6317 -0.784718 1.41285 -5.28282 -3.38547 
-2.49825 1.38511 1.06729 1.2984 3.84815 -21.8466 7.03925 -19.4406 -2.75311 5.18126 6.33702 4.83719 16.7759 5.36498 -3.76411 11.7862 4.14715 -5.94966 -11.4946 2.46053 -3.36553 0.61431 -8.63432 2.8578 -6.24778 8.3248 -3.50986 3.47979 -8.05665 8.80467 2.69225 -11.8265 -2.32411 -11.3047 -8.68458 -17.0094 -8.41248 7.15757 3.74138 5.80889 -0.810104 -14.7687 10.0804 -7.74784 -8.1735 15.9635 5.6625 -9.71699 -6.68944 10.6005 7.92757 10.7302 -9.53028 -10.7242 -1.82812 9.90715 -0.7072 2.28516 -5.26825 -6.27902 
