-1.59411 -0.402861 -0.0720819 -2.57059 1.59594 1.65569 1.62003 2.75124 0.342146 -0.80294 
-1.62882 0.775144 1.29424 -0.852986 2.24518 -0.0842092 2.4425 5.5378 -2.80069 -0.404863 
-0.434218 1.0165 0.94369 -4.44648 0.464407 0.573458 0.234803 2.07584 -2.72682 0.0961104 
-0.367854 2.26637 1.22537 -2.10691 2.3884 -1.67685 0.627136 0.470077 -1.86943 -1.53103 
-0.75337 0.802445 -0.638019 -2.02268 1.46685 0.113705 0.812732 -0.60697 2.67986 -1.83415 
-2.57457 -4.216 -0.61677 -2.12165 2.27507 1.66923 -0.328927 -0.158905 1.27718 -5.28881 
0.697834 1.30931 -0.0754884 -2.74302 2.66135 4.64222 0.216782 2.53652 1.56306 -4.97748 
-2.21495 1.07128 -0.401974 -4.37884 2.16635 2.4503 -0.108656 -1.02778 0.259366 -5.64121 
-5.18359 2.00254 1.06908 -3.03174 3.2439 0.562221 0.99583 1.16587 -1.06615 -2.48227 
-3.67753 5.3241 -0.379714 -3.51036 2.16793 1.88125 1.6077 -0.409815 -0.132977 -2.56007 
-0.297891 4.805 -1.13659 -3.43456 0.77972 0.316014 -0.704755 -2.9546 -1.53139 -6.66944 
-2.42997 5.00169 -2.3397 -2.75624 1.26815 5.01459 -0.582092 -1.12123 0.117822 -5.87392 
-1.9061 5.4187 -1.41894 -2.42237 3.28587 5.86506 0.151448 -3.77219 -0.644086 -7.94347 
-1.22354 1.33402 -1.35373 -0.406975 4.11305 5.87728 -0.813762 -0.34379 -3.67961 -8.7613 
-2.41418 6.02193 -1.8528 1.18562 4.80508 6.58548 1.74508 -1.23153 0.0419305 -7.43078 
-0.965626 5.07749 -0.235767 -2.45396 2.98051 6.86672 1.2226 -3.05857 1.58697 -7.15972 
-1.73407 2.89243 0.446328 -1.2255 1.65895 7.7957 -0.776081 -0.169943 0.997127 -6.34891 
-1.79044 2.50666 1.46534 -3.35106 2.21597 8.19509 -1.06828 -1.61858 2.54851 -8.96676 
-2.7428 1.3823 3.17842 -0.796873 3.40779 6.22373 -2.54957 -0.891939 2.38701 -8.93828 
-2.27266 1.64941 3.08623 0.0864738 2.5289 6.61866 -4.44368 1.20984 3.61954 -9.92508 
-3.63877 1.65403 0.541618 -0.29394 2.13715 5.34078 -7.72257 -0.144911 4.97581 -9.44341 
-3.30739 0.524112 -2.89916 -0.459568 4.25374 4.64896 -5.67112 0.311053 3.23059 -8.39746 
-3.93876 0.453544 -2.72543 -0.177201 3.07145 1.89515 -6.79562 2.93079 2.21059 -8.86481 
-1.73766 -0.240368 -4.0646 2.10969 3.4363 1.5609 -6.51544 0.943075 0.590192 -10.7604 
0.0964293 -1.02923 -3.79263 -0.891412 5.4503 3.39721 -6.6316 0.406382 1.96122 -8.93869 
0.261505 -3.48866 -1.12197 -1.86039 4.70951 4.31477 -5.45704 4.07675 1.92738 -9.69147 
-0.157335 -1.96294 -3.38331 1.11285 4.09996 2.58446 -5.37921 3.72827 0.903902 -8.09512 
1.50308 -1.15364 -4.76133 2.76935 3.52164 2.75823 -4.69891 0.424871 0.143847 -6.99112 
-0.310538 -0.204069 -2.95396 0.508842 6.09447 3.55588 -4.12318 -0.857226 1.74563 -7.97423 
-1.21254 -4.41375 -4.55386 -0.126566 5.61731 3.35329 -2.83856 1.05398 1.83527 -5.43692 
1.27571 -3.87339 -2.87284 -0.355869 6.13176 4.91044 -3.7309 -1.74468 2.59295 -8.02148 
3.32077 -2.4724 -3.22576 0.141736 3.26505 4.59475 -4.33671 0.0557905 2.28543 -5.51523 
1.22303 -1.59988 -2.52771 0.974325 2.83973 2.24938 -3.12023 -2.91418 2.99689 -4.42306 
0.666959 -4.80858 -1.20842 0.815846 4.0175 2.70941 -4.31586 -2.64116 2.34433 -4.50154 
2.02693 -3.90887 -1.01034 1.88321 5.50929 3.47458 -3.12977 -4.43724 1.36174 -8.61057 
1.99247 -4.72091 -3.77468 0.929239 3.49048 1.07216 -3.16033 -6.80998 1.82447 -4.06701 
1.89066 -2.38357 -2.42053 1.05491 3.30582 3.34174 -3.68016 -4.49388 -1.05978 -3.93402 
0.254347 -3.35642 -2.08023 3.11228 4.31554 2.7004 -3.00024 -2.85967 -2.16826 -4.08998 
2.65101 -3.61932 -4.72936 3.48427 3.30512 1.66397 -4.2764 -3.13636 1.10206 -2.40045 
1.16148 -1.75178 -3.68201 3.35495 3.16519 -0.0472859 -8.03329 -3.28037 -2.76232 -4.13912 
0.87037 0.848471 -3.64522 1.95966 3.87339 1.88687 -3.15797 -3.38892 -4.41143 -3.85156 
1.9782 0.940175 -3.94661 1.29777 4.64078 0.346699 -6.61233 -2.29865 -3.04934 -3.26518 
2.62143 1.78023 -3.63773 1.2539 6.4502 2.11999 -6.86985 -0.168466 -3.9571 -0.281697 
1.66685 -2.24917 -3.25868 0.391566 4.80145 -2.22357 -9.27246 -1.02934 -1.93202 -0.886939 
0.543449 -0.744465 -3.43937 -2.17026 4.19113 -1.10395 -8.15324 -0.978938 -2.61856 -2.16646 
1.62824 -2.69396 -2.80458 -1.66615 2.37242 1.23801 -9.95885 -0.530762 -6.1163 0.498907 
2.90831 -2.06523 -2.7574 -1.20543 5.5604 -0.138949 -7.9989 -0.0221917 -5.21581 -1.43086 
1.72483 0.178571 -6.02702 -2.08656 1.83899 2.87446 -6.01733 -1.4164 -3.87053 0.813682 
2.3424 -2.69415 -6.40055 -3.31781 3.36517 0.226445 -6.10315 -0.339849 -3.94738 0.521942 
4.64375 -2.22275 -8.65437 -1.25747 1.70307 2.87266 -6.46621 0.055711 -5.02696 0.955856 
