1.56113 0.353441 -2.43513 1.59312 0.0154183 2.52797 -0.644776 -0.755209 0.924611 0.291431 -0.75275 0.447555 2.17817 -1.03268 -0.392228 1.98978 1.13838 0.420456 -1.65226 1.02648 -2.64322 1.89521 -3.06399 0.111451 -1.88722 -2.71179 0.933562 0.0334323 1.62567 1.22296 0.882351 -0.982346 2.75647 1.9411 1.01475 0.0640165 -2.05768 2.32556 -2.88479 0.682219 0.587736 2.59768 -0.238879 0.675695 1.40911 -0.958513 0.738846 1.70467 -0.43661 
-1.76975 -2.69428 0.0279968 1.73335 -1.46775 0.595762 -1.43529 0.385728 1.81193 -0.742035 -0.0389742 2.21077 3.18938 -1.82445 2.06382 -0.697393 -0.223611 -0.781166 0.481806 3.2692 0.624578 0.300173 -0.299113 -0.0489695 -1.55402 -3.196 -2.27493 -4.0177 0.567893 2.432 -0.0164649 0.872762 0.195451 2.13384 3.00189 1.38916 -1.66865 -0.45994 -2.63507 0.646151 2.26956 1.80338 0.395419 0.0902031 0.0704578 -3.83647 -1.47275 2.36445 1.10236 
-1.90031 -1.71943 -0.148934 0.702384 1.7284 2.29437 -3.81446 -0.9085 4.70583 0.179868 -2.14216 1.45788 1.85022 -0.965785 2.08087 -1.59603 -2.45444 2.03609 -1.40285 2.89798 -0.75415 2.21592 -2.70185 -1.02628 0.375684 -1.49878 -0.746 -5.23225 0.813145 1.56726 -0.93372 -2.34985 0.421389 2.72079 1.10735 1.93931 0.290251 1.76223 -4.73542 -0.144784 3.73696 4.91949 0.71726 -1.13995 -0.221289 -4.08625 -0.512497 0.241111 0.635945 
-1.55576 -2.80082 -1.58705 2.41975 3.36675 0.458931 -4.9249 -2.56424 2.26606 -2.17027 -1.37809 3.38064 2.36578 1.21174 0.432316 -0.584134 -2.39628 -0.324837 0.242144 4.14701 0.12264 3.13717 -0.438069 -2.62698 -0.954304 -2.42992 0.793027 -3.08395 0.875747 2.04129 -2.30854 -2.61792 -0.417926 3.34451 -1.31214 1.15212 -1.48403 -1.0104 -2.71004 0.571265 5.64742 4.68518 2.02989 1.40693 -3.75516 -4.17884 -0.316127 1.47462 0.0110692 
-0.0987083 -3.47972 -2.47539 6.08337 0.9739 3.79904 -2.90471 0.125706 1.75533 -0.559567 -2.59008 -0.0271071 2.87049 0.796944 0.810516 -3.39155 -3.57269 1.79326 -1.82235 4.90316 1.62007 3.68255 -1.02098 0.425623 1.33984 1.24172 -3.15769 -1.11257 2.01406 3.1778 0.635838 -3.29856 -1.96094 3.30667 -1.01701 -0.0384471 -4.11923 1.57229 -2.3324 0.38889 6.47246 6.05542 1.10159 -0.0925323 -3.19736 -2.89574 -1.48571 3.1764 0.636593 
-0.928017 -2.09345 -0.864796 5.87757 1.66928 2.47778 -2.70635 0.489799 2.95621 3.54448 -0.854609 0.128568 1.2771 0.970755 -0.232009 0.797804 1.17062 1.34615 -1.73875 6.29283 2.22496 3.48674 0.2293 -1.44735 1.43514 0.683212 -3.25752 -3.72456 2.62372 2.21781 -0.384441 -0.788402 -0.781376 4.59532 -2.4134 1.32446 -3.76858 -0.438034 -4.49662 0.553377 5.11099 7.26661 2.21639 -1.56989 -2.25189 -2.49006 -5.48539 3.65051 4.47749 
-0.849349 -3.04238 1.55077 3.2767 1.20307 2.94583 -1.9007 -0.230221 1.62868 0.81433 -1.04103 2.789 1.95445 -1.29665 0.258733 -0.404687 1.27538 -0.508536 -4.99245 6.68992 1.39806 6.41395 -0.453645 0.988733 -1.72092 1.50044 -7.10534 -2.06685 -0.250949 0.790983 -4.49719 -0.588226 -0.128157 3.20173 -2.90128 1.52012 -5.90301 -3.30466 -4.04561 0.38486 7.37084 5.09907 6.65017 -0.733244 -5.08055 -0.260747 -5.13914 2.41692 3.22306 
0.338736 -6.06628 0.659204 4.06388 2.08257 1.30195 -1.21305 -3.01639 0.60327 2.54918 -2.20064 2.35586 0.254054 -1.16753 1.41901 2.22822 0.726706 1.24709 -5.37151 5.78268 4.02313 4.49463 2.52155 -0.385585 1.57104 2.08673 -5.20881 -2.23695 0.112252 0.75568 -5.88134 -2.06312 -0.893405 5.21879 -5.81847 0.929123 -5.17736 1.04495 -3.43271 1.90741 4.2104 5.17558 3.58858 -1.51825 -6.24039 -2.33065 -4.16746 0.878789 0.51882 
-0.255803 -5.08546 -2.05899 3.11974 3.33646 1.35405 -0.122313 -3.26067 1.14755 1.24495 -2.80106 1.65367 3.23426 0.0634477 2.26727 3.06418 1.28749 1.40184 -1.95527 7.94463 4.9386 8.372 1.70465 -1.76807 1.22521 -0.717377 -4.94471 -3.83593 1.3827 -0.315154 -4.90851 -0.272628 0.359923 2.59213 -5.1433 -0.40395 -5.8968 -0.77171 -1.76601 2.40068 4.00971 4.72276 3.3133 -2.1039 -4.30699 3.6451 -4.93698 0.193656 4.3316 
-1.09111 -3.90548 -1.84609 5.14287 1.81891 2.89063 -0.0597816 -1.46713 5.31878 4.7555 -1.80673 2.82576 1.30272 -0.562807 1.14282 4.13371 0.30786 -0.00596706 -3.26441 7.70063 4.53673 6.22675 2.80936 -1.28482 0.543064 -0.73915 -7.16831 -3.95995 -1.75361 -0.858513 -4.46791 -0.481593 0.146901 2.83088 -8.29208 0.123339 -7.49016 0.614199 -3.02277 3.52856 6.93824 3.47297 4.51621 -2.94538 -0.483732 4.28045 -6.12282 1.90815 3.57379 
-0.655484 -7.00387 1.86207 7.56468 1.02712 2.53318 -0.796396 -2.69568 3.81692 1.5224 -0.982325 2.46838 1.81601 -2.70416 2.4646 3.30816 3.16006 1.34195 -4.70801 6.56195 4.87267 5.06243 -0.69423 0.92348 1.19942 0.122332 -6.94408 -3.66733 -0.776904 -0.835473 -4.44577 0.32346 -1.57317 4.48324 -5.63982 -1.99769 -7.94246 -1.96571 -1.73334 3.49068 5.52421 3.34496 3.78948 0.135798 -2.2586 4.65371 -5.0994 2.22662 3.2301 
0.198662 -5.8845 0.765483 9.0948 2.18695 4.35552 -0.643763 -1.92565 6.39835 3.69215 -2.43075 1.82324 -0.114452 -0.797939 4.63217 8.4959 2.4583 4.22353 -4.59469 7.50478 2.15779 6.15407 -0.0977385 -0.89598 1.31326 0.981406 -6.80158 -3.99466 0.222773 0.729915 -4.76687 0.453674 -0.760005 2.27187 -6.68092 -0.731545 -10.3403 -1.56563 -2.17434 2.7715 6.26678 3.48485 3.0627 -1.84139 -4.33444 2.74461 -3.75687 2.95675 0.896857 
-2.50377 -6.97157 4.97616 6.22967 4.75515 3.56813 1.3753 -3.19387 6.29881 3.51168 1.12117 2.81317 1.94804 -2.2647 3.78809 5.7952 0.52724 1.91511 -5.9458 9.00834 3.16049 4.32168 -0.168345 1.77574 0.967738 0.849893 -8.13199 -5.09626 0.792492 -0.429505 -4.66797 -1.45723 -2.14652 2.18619 -5.17033 1.8839 -9.3524 -3.49765 -0.926538 2.49822 7.79626 2.03233 2.64693 -0.486794 -7.5588 3.33832 -2.2355 3.64011 0.525118 
-5.61515 -3.9418 3.98355 5.68074 2.63408 1.58178 -1.18845 -2.47868 6.03714 3.15588 -0.0100136 3.53736 1.64477 -1.61238 4.50691 7.6505 0.812251 -0.237521 -5.12571 9.27894 1.01268 2.14312 -0.838041 -1.00576 1.49371 -0.729751 -11.8414 -5.91048 1.33753 0.945754 -7.23303 -0.77436 -4.30359 1.08193 -7.22537 4.45665 -11.7057 -3.51096 -2.61575 3.03885 6.12369 3.11538 4.6139 -1.97963 -5.77716 4.23778 -3.52643 2.5199 -0.11785 
-3.48591 -5.56252 5.21005 3.83345 4.06534 2.6597 -1.29943 -2.09879 3.5672 4.31536 -0.311143 3.20483 3.51706 -2.55261 7.61614 9.9512 2.30244 -1.34255 -6.42811 8.98783 1.80319 3.01605 2.80017 -1.19049 3.35286 -0.0388632 -12.1265 -5.34298 1.3586 2.30258 -5.24621 -0.28055 -4.62924 -1.07944 -6.11522 3.75118 -10.1035 -3.48544 -1.5974 4.63581 9.35215 -0.192408 6.46455 -1.77067 -5.25415 -1.45981 -1.17859 0.676891 -1.51929 
-1.84803 -6.02014 3.75838 3.13039 2.95854 2.00253 0.568409 -2.7195 4.11008 2.07586 1.58384 5.78075 3.44249 -3.51318 5.75002 8.20715 -2.64737 -0.717974 -10.017 7.46709 2.44984 4.99478 2.87194 2.26064 3.33811 1.06063 -9.34645 -5.44324 2.77137 0.346987 -5.562 -0.358114 -3.90204 -2.87585 -7.14049 3.33323 -8.11577 -3.39066 2.07849 1.94287 7.24927 2.21115 2.70183 0.807357 -5.68985 1.94265 -3.62255 1.58733 -1.8894 
-2.24103 -5.88913 3.02853 3.77854 4.00269 2.46707 0.250721 -2.88515 2.01661 3.71034 3.57047 0.3373 0.509023 -6.19793 2.91264 9.69005 -0.36381 -0.604766 -5.12687 7.58655 2.3482 5.76759 1.557 0.502367 3.83085 0.547978 -12.2481 -3.30283 2.34893 3.73767 -3.94337 -2.47888 -4.88882 -4.20495 -6.46912 3.07562 -10.494 -4.35445 2.27333 3.27588 7.47828 3.13709 0.833745 0.476797 -5.7377 1.47172 -3.79 -0.568049 -3.10736 
-2.70167 -6.42434 3.20253 2.90015 6.39262 3.73323 1.65835 -3.36711 3.6624 2.48956 4.29672 1.56879 2.5103 -6.54906 0.923565 8.82246 -2.73327 -4.60961 -7.26362 9.53797 3.66612 5.3551 0.948168 -1.7729 3.95502 -1.2386 -11.2542 -5.24107 1.79439 3.65423 -3.26846 -3.44334 -2.64976 -3.45222 -6.84546 2.59191 -12.3318 -0.787159 4.38175 2.77577 7.59135 0.632432 -0.00689675 -0.324179 -6.95609 0.716389 -2.87416 -1.36363 -5.28058 
-4.55808 -6.1085 4.66684 5.94873 5.08206 -0.31314 2.13156 -3.14971 2.18028 2.79598 3.40111 2.91238 3.7222 -6.77127 3.7012 9.32722 -0.00416223 -3.44269 -5.67066 7.48772 4.80483 6.28672 2.42212 -3.18361 3.10054 -1.56823 -11.1572 -5.41781 0.892241 1.45484 -6.078 -5.52211 -2.84691 -4.14292 -9.6254 0.576584 -10.6581 1.50188 6.9199 0.722982 9.5797 0.490634 -3.26156 -0.698635 -7.47848 0.829307 -4.22773 -1.41807 -2.12374 
-3.7528 -7.93065 3.24376 4.62343 4.96728 3.27857 2.94523 -3.80397 2.28888 3.24302 2.81452 1.85721 2.15818 -6.94786 -0.853552 7.53002 0.140875 -3.14408 -6.06501 4.19849 2.10854 5.82126 1.88543 -0.833529 5.69022 0.188911 -12.935 -5.31278 3.38536 3.6933 -6.32522 -2.14677 -3.52408 -4.4714 -6.78279 1.16581 -13.4289 -2.24571 3.45521 -0.696652 8.81393 -0.722228 -0.630891 0.813202 -8.04187 3.25836 -5.74613 -2.79147 -2.63769 
1.09357 -5.11027 2.33681 3.14766 5.93418 2.29359 4.07882 -2.44692 0.557186 1.52444 0.824075 2.91953 2.36315 -5.23147 1.32838 9.64203 -2.00591 -3.90205 -6.31144 3.34624 3.88267 6.18863 3.61458 -1.02913 6.76521 1.44237 -11.8087 -8.37606 2.00335 0.0141065 -2.75273 -2.80591 -5.38818 -3.73878 -4.64985 1.84248 -11.9266 -0.466074 7.80789 -1.71993 9.29688 0.171037 1.11136 -2.25316 -7.98309 2.72521 -6.54492 -3.82315 -5.36936 
-3.67436 -7.09129 7.92192 3.38792 3.62498 2.41348 2.98357 -2.81283 -1.99869 2.11602 2.3361 1.81337 6.04294 -8.12796 2.23002 9.00919 -0.800805 -1.46905 -4.54414 2.84108 2.98183 2.99622 3.32994 -0.519233 6.4582 -0.368247 -13.4433 -7.20736 2.15266 0.471392 -4.37968 -4.41121 -7.02622 -3.9281 -4.68848 2.60179 -11.1498 -4.00136 9.59005 -1.10414 9.31912 1.53084 -0.489683 1.01746 -9.08377 1.33485 -6.10709 -3.19287 -5.62375 
-4.80452 -7.74669 5.14134 6.21238 1.78012 5.60686 6.12579 -1.83087 -0.303758 1.19305 2.78912 0.108947 5.53325 -9.41763 0.84449 9.0507 -1.80852 -1.77546 -4.89141 4.68169 3.24292 4.72217 2.65284 -1.6814 5.47294 0.320015 -14.3908 -4.14412 2.49903 -2.97278 -2.17386 -3.91165 -4.17399 -2.85585 -7.13426 1.20555 -13.1006 -1.6728 7.44897 -0.712609 10.5868 -0.139998 2.30426 0.328591 -9.1476 0.395744 -6.91215 -3.10169 -3.01528 
-5.36748 -7.08843 3.72668 4.00795 3.45019 6.46873 3.77214 -2.70118 -1.50252 2.30461 1.56528 1.63563 4.09068 -8.95742 -1.30915 8.03999 -1.34803 -0.462544 -7.06869 2.4098 2.61212 6.7183 3.81355 -3.35665 5.37401 0.897921 -13.1705 -5.77493 0.333343 -3.55717 -5.09829 -2.29358 -4.57676 -2.9368 -6.02803 0.611953 -13.5822 -0.168855 9.52648 -0.998574 10.8854 0.894636 0.0275495 -0.410761 -8.18005 2.35017 -5.13376 -5.52743 -2.89074 
-5.4553 -8.6817 7.5466 5.93604 5.6516 5.9335 1.94424 -3.714 -1.25011 3.70347 2.66296 1.95345 4.41827 -8.01882 -0.172062 8.14079 1.54181 -1.79332 -7.60288 4.75017 2.91131 7.8362 -0.154182 -1.52336 3.29534 0.95825 -14.2515 -8.01964 3.62471 -5.20905 -4.92223 -1.56034 -5.84641 -2.03314 -8.39487 0.0169637 -12.6788 -0.702124 10.3172 -1.71587 13.0837 2.52381 1.3796 -0.676362 -9.61772 2.04164 -7.76405 -8.00328 -4.60566 
-6.20866 -6.45548 3.91457 7.37972 4.0828 7.41246 3.66686 -3.07652 -2.15509 1.96458 3.05721 5.67461 4.91088 -11.2191 -0.278933 7.79679 0.0122035 1.35645 -5.7625 4.98999 -0.249108 6.8188 1.09194 -0.764197 3.15005 -0.365715 -13.5004 -4.59099 4.68887 -5.37042 -4.25371 -1.835 -5.95174 -1.77168 -7.56107 0.225577 -13.4902 -0.287274 9.18945 -3.9202 11.1256 3.61614 1.84767 0.383194 -9.43317 3.40218 -7.26736 -7.26542 -4.08044 
-4.8632 -7.50888 5.29075 8.04576 2.04414 4.62018 4.83555 -4.10512 -3.34178 3.15558 2.03945 4.99205 4.31586 -9.49796 -2.19015 9.36968 1.42346 1.74637 -3.47814 6.26486 -0.206399 8.71229 3.4484 -2.15629 2.8267 1.63575 -12.8969 -7.72283 4.78992 -3.26251 -2.59224 -1.47921 -4.93207 -3.27568 -6.12787 -0.549458 -13.4378 -2.55368 10.2551 -0.895372 12.2985 0.230884 3.09302 0.835139 -8.61527 4.22728 -10.1957 -7.45774 -3.23699 
-6.77265 -7.59847 4.97189 8.01788 3.3801 4.94312 9.29753 -5.01508 -1.03588 1.76769 -0.666668 4.89915 4.54357 -10.2148 -3.5207 8.9877 1.34188 1.55573 -3.59771 8.38163 0.735098 8.587 0.547955 -0.861889 5.72659 2.47052 -15.4555 -6.48586 4.63134 -3.70408 -3.77715 -2.11392 -6.5595 -2.98238 -5.30773 2.09499 -14.5322 -0.387575 9.14096 1.18846 10.7611 2.60626 4.56615 3.29941 -9.54473 5.66462 -7.54272 -6.82758 -5.19907 
-7.62132 -8.37281 4.76367 7.01607 3.81645 7.98436 6.50559 -4.73454 0.99198 3.38448 2.61359 5.83582 8.46385 -8.05026 0.298209 9.07424 3.742 1.98551 -3.97609 6.03125 -0.946154 2.88563 -0.0846168 -0.708724 3.59499 5.18999 -12.7381 -6.87753 3.41653 -3.50562 -4.09973 -2.66077 -3.34764 -3.57204 -2.10377 2.86014 -15.6349 -1.22152 11.1835 3.37308 10.2715 1.4198 2.80004 1.34461 -9.80148 2.31653 -9.72046 -6.59048 -3.48464 
-10.9463 -9.70051 5.39326 5.65976 3.47328 7.89223 7.3502 -2.22568 0.24801 1.32079 2.66457 8.1102 5.20818 -11.8456 -1.03336 7.17998 6.03693 -1.22749 -5.54807 5.38063 1.43558 8.32475 -0.920593 1.46927 2.96373 3.34634 -14.6601 -2.34081 5.52538 -4.40642 -1.3052 -1.79253 -4.72387 -4.11424 -1.18791 3.1666 -16.5326 0.262366 10.0908 0.506708 6.42618 -1.62663 2.34238 3.09455 -9.26636 5.97399 -7.79291 -8.74162 -4.75999 
-7.14799 -8.29975 8.47525 4.39993 3.38892 9.33761 9.05088 -3.69543 1.14437 2.73679 3.85229 7.14626 7.41187 -11.3456 -2.74029 5.89823 3.17789 -0.671097 -5.45455 4.64706 1.19857 6.34703 0.37362 -0.844536 4.0124 2.52943 -14.1227 -3.08765 4.21181 -4.72981 -2.27158 -4.89027 -6.95556 -6.63446 -3.93649 -0.215429 -15.2146 -0.891821 8.92487 0.926861 5.30277 2.47186 1.95936 4.28384 -10.5016 4.4773 -5.76553 -8.45196 -3.80482 
-5.19508 -5.64756 9.09328 4.35182 2.18241 8.37565 9.48967 -5.96975 -1.85622 4.38971 5.0759 6.53056 6.1733 -10.962 0.799346 4.1914 1.90598 -2.66065 -6.81896 2.44548 2.22152 7.45649 -1.17776 0.344682 6.57904 2.03355 -17.2217 -2.05913 3.12325 -6.77632 -2.02188 -3.44595 -5.89069 -6.84003 -4.71079 1.05794 -15.232 -2.43353 11.947 4.5349 4.24998 1.84252 0.556016 5.49283 -11.02 4.24533 -7.33588 -8.36298 -6.21995 
-6.50028 -4.46563 9.87617 6.62252 1.18405 9.68969 10.4265 -4.37596 -0.00936565 2.42908 1.80578 8.18796 6.08481 -9.4607 -2.17014 6.01274 4.63549 -2.17267 -6.63786 5.97046 2.37929 6.85999 0.0246848 0.505531 3.81959 2.49627 -15.8406 -3.19398 2.84047 -7.21603 -3.85212 -2.65062 -6.54535 -5.93754 -3.66484 0.882067 -16.0404 -2.51771 13.3061 4.3525 4.17622 4.53442 1.79569 3.07531 -10.0051 4.66491 -4.89311 -10.9038 -4.55499 
-6.91779 -2.981 10.4931 8.00878 1.87507 10.4157 10.4196 -7.499 -1.21422 4.66809 3.59238 6.70429 4.47243 -11.2771 -3.23395 4.60039 4.64327 -4.37686 -6.17418 2.30964 1.45894 5.51824 -2.74084 2.34186 3.53406 2.68855 -16.5452 -2.11965 3.35472 -7.20421 -2.00784 -3.10087 -6.51646 -6.42402 -2.07342 -0.166709 -15.3374 -2.02618 10.646 4.06469 3.15577 2.5604 0.274931 0.987205 -11.5894 5.42935 -4.71403 -7.87462 -7.69873 
-6.99369 -4.17363 8.25371 7.08632 0.893852 9.05027 10.7188 -6.84669 -1.73015 3.34296 2.24346 9.42349 5.43343 -6.98221 -3.20748 1.26195 7.05557 -3.15917 -5.29024 3.92737 0.708852 6.09104 -4.84492 3.77845 5.56842 5.9451 -17.6751 -2.32057 2.75868 -9.24989 -1.75476 -5.97819 -8.19219 -5.29467 -0.23395 0.384072 -19.3926 0.923844 9.27859 3.61854 4.33782 2.47213 -0.354441 1.31229 -8.88699 5.26265 -7.27636 -9.57877 -9.23928 
-7.3607 -3.68088 9.23596 8.42855 -1.03478 8.91114 9.76607 -7.86261 -0.751605 1.51213 1.26841 8.03279 7.27908 -7.97171 -1.64759 1.78566 10.5584 -1.3087 -6.67682 1.88009 4.18951 8.23851 -0.84609 1.10733 3.39922 4.89769 -19.5611 -2.55122 0.485525 -8.33747 -2.77077 -4.81934 -8.44409 -3.80512 -3.28299 -0.330758 -15.2903 1.35871 9.87633 6.09501 2.73456 1.54144 1.09196 2.25336 -9.75801 7.96206 -5.68508 -8.90756 -8.78923 
-6.98046 -5.2711 7.34192 8.66767 -1.62073 9.48618 10.3519 -8.91901 -1.99272 0.0189002 -0.478473 8.119 6.67115 -5.99108 -3.08867 2.17336 7.74971 -3.60642 -6.57333 3.36354 3.99781 9.45165 -1.24549 4.15323 5.33049 6.49512 -21.1018 -3.94806 0.564897 -9.05673 -3.49376 -2.10094 -7.92563 -2.79134 -4.48069 2.53886 -15.8668 1.06146 6.87857 5.80858 -0.204929 0.964584 -4.05287 3.83821 -10.2474 5.00835 -4.97788 -7.35183 -6.09331 
-6.00174 -2.80869 6.31517 7.04828 0.340419 6.89424 9.58138 -7.50701 -1.04852 2.57369 2.29179 6.76753 4.68839 -6.3362 -1.93359 3.18649 10.1562 -1.32919 -7.38955 4.47755 2.37381 8.35808 -3.75643 4.2962 4.13015 6.74353 -19.4703 -2.01155 1.41612 -8.77479 -2.87579 -2.61626 -6.87566 -3.89909 -1.42543 3.2111 -12.961 2.57833 10.04 4.89704 0.99081 3.92461 -3.94549 4.68653 -8.18666 7.02206 -3.30438 -7.27556 -6.60634 
-4.69487 -7.22827 6.26886 8.86313 -0.29409 8.26526 9.33563 -10.5857 -4.11554 3.05123 1.91005 4.635 4.63595 -6.25949 -3.9454 1.88397 7.15318 -3.33516 -6.27976 3.38295 0.925226 7.5921 -0.800132 5.3559 0.888712 7.24722 -20.1567 -1.432 0.208698 -8.63115 -2.73283 -3.2878 -8.38903 -5.16301 -3.99679 3.10584 -15.4863 2.86917 10.0264 5.97048 2.10851 0.323505 -3.57626 4.894 -6.18097 7.2172 -2.81486 -5.95718 -7.44522 
-6.85716 -5.23659 5.71395 6.98833 -2.09335 9.68722 9.92062 -10.9098 -4.22223 8.4277 -1.95844 4.15265 4.70481 -6.60599 -0.438595 4.33489 12.9769 -4.33387 -7.34857 2.53091 1.63727 8.4129 1.12948 3.51392 3.42988 6.29514 -17.2289 -2.36586 -1.61713 -10.9791 -2.41055 -6.00801 -7.60096 -7.92065 -2.41198 3.19852 -17.1639 2.66582 8.87748 6.68293 1.09895 0.160494 -3.48201 5.24146 -7.45107 6.58087 -3.94731 -3.58927 -10.5691 
-5.65689 -5.05743 7.3819 6.93402 -1.81052 7.43243 11.388 -13.2929 -2.66659 4.92826 1.4458 2.8491 2.28192 -8.59713 -1.2328 5.12629 11.0872 -5.21034 -3.5496 1.80057 4.98856 5.67803 -1.86252 3.12216 3.59381 8.26777 -17.382 -2.39006 -2.06247 -11.1215 -4.09424 -1.53252 -9.79466 -6.39169 -3.33543 -0.770556 -15.7759 2.07046 7.0964 4.67557 0.327886 1.70737 -3.82876 4.84494 -6.63807 7.24717 -4.86809 -5.272 -7.51215 
-8.06482 -6.27287 8.03328 7.58328 0.36879 7.4288 11.3644 -14.7715 -2.89074 3.39951 0.108759 5.78075 2.55514 -10.5055 -0.48974 4.03591 8.87165 -5.85194 -4.7307 2.86388 1.84319 5.7134 -1.56492 0.860272 0.979186 7.50618 -16.1877 -3.30166 -0.149616 -11.0292 -3.81738 -4.73876 -11.5683 -4.60437 -0.664805 -0.00469904 -16.7688 3.15514 8.24765 6.20579 1.75359 -0.676354 -7.025 3.78728 -7.49851 7.15419 -6.63835 -6.30302 -9.65572 
-7.64502 -6.20719 5.48275 12.2043 -0.795959 6.49921 8.81787 -11.3664 0.873009 5.30886 0.964423 3.34045 1.20191 -9.5092 -0.940397 4.33261 10.9709 -1.20952 -4.2987 2.97704 2.09647 4.98124 -1.12867 0.741863 2.57619 8.58659 -15.9561 -3.15103 -1.33725 -12.1136 -5.8108 -5.58756 -12.3775 -5.40272 -2.19907 1.103 -17.1183 1.98913 7.82511 7.99303 4.22816 1.09908 -5.99185 5.3871 -9.13656 8.12914 -4.77167 -7.52699 -8.93608 
-7.29293 -8.18339 5.64977 9.79678 -4.39118 9.41988 11.5508 -12.1612 -2.83747 3.05585 0.827398 6.22109 2.36504 -9.18399 -1.34492 6.77533 10.7409 -4.01791 -4.32574 3.4662 1.29319 5.26989 -1.53136 2.83082 3.42773 6.51057 -14.6826 -2.94599 -0.12013 -11.9548 -5.79313 -4.61441 -13.2215 -6.82175 1.79605 -1.1454 -18.0352 1.95118 8.27575 7.60896 3.70431 -0.553299 -4.28289 6.46049 -6.75109 10.8152 -5.08816 -3.83736 -9.02979 
-6.89403 -8.53251 5.82832 8.52134 -3.46058 9.10128 10.4487 -9.11628 0.482335 0.772395 2.79162 4.90624 0.191814 -9.94356 -4.21892 1.26443 11.2294 -4.0777 -4.79107 1.43683 0.246709 4.60449 -1.34575 1.96497 -1.09354 7.91431 -14.6023 -3.76663 -2.21644 -11.5045 -2.2023 -5.04798 -12.5218 -5.19274 0.0942715 -2.94154 -19.5527 0.0982999 9.03718 6.88961 2.54275 0.788958 -2.93003 7.31962 -6.8374 9.86113 -6.18086 -5.18751 -9.34444 
-8.32693 -7.88247 7.76732 7.65998 -3.75037 5.13774 8.58197 -10.5936 1.362 3.94782 2.80392 4.70403 0.49664 -10.2854 -3.03509 2.4554 10.2893 -2.34209 -3.66886 1.08762 1.23708 3.13529 0.518183 1.52837 0.393252 7.67413 -14.5076 -4.34173 -1.27753 -13.6297 -2.96416 -2.99616 -13.5735 -4.70677 2.37403 -3.31587 -20.7868 -0.0146805 7.75551 7.81213 2.76634 -0.205276 -1.18773 7.92876 -5.33303 9.37753 -6.11903 -5.46835 -9.03775 
-11.3669 -13.4855 8.11421 6.25703 -4.24274 7.13165 8.2111 -7.05046 0.547211 -0.467694 4.08574 6.40825 -0.509383 -7.52455 -4.54305 1.11152 11.2725 -3.14876 -5.7264 1.52768 2.63932 2.78092 0.329651 2.71809 0.115634 5.40813 -13.9865 -3.02326 -0.692825 -13.5301 -2.92145 -2.18321 -16.1448 -4.82836 3.79756 -0.21267 -16.5113 0.669595 6.28744 8.01261 1.93179 -0.731619 -0.974006 3.99981 -2.34473 9.28872 -5.75322 -3.53427 -9.35841 
-9.9374 -11.803 4.47635 7.33415 -2.85239 7.47838 10.477 -8.52651 0.86957 3.55411 2.13852 6.68292 -0.373213 -9.34877 -1.93717 1.97959 10.1957 -0.539636 -5.96011 1.72397 1.13365 3.77031 -1.9771 0.920577 0.934008 4.92662 -16.601 -1.27295 -1.72837 -13.6602 -3.80117 -1.21489 -16.3123 -3.29964 4.64601 -2.58911 -16.8015 0.490411 6.60097 6.2216 4.23171 -1.38217 -4.54651 4.32661 -4.72332 9.46546 -6.35671 -4.22114 -9.34665 
-12.2776 -10.5846 4.37156 7.04751 -3.63238 5.06495 5.96908 -6.92281 1.38771 1.43969 1.97127 6.70585 -2.18145 -7.95484 -2.94494 3.35151 11.5664 -0.227791 -5.44777 2.3925 2.02919 3.89957 -0.245118 3.71485 -0.241538 4.16336 -14.5731 -1.20833 -2.72469 -14.1786 -4.29309 -2.40109 -16.2851 -3.98217 5.80816 -0.603998 -19.1904 3.89778 5.67909 7.67303 4.46007 0.528162 -7.04398 5.0197 -3.90745 10.4126 -6.36171 -1.02661 -7.2571 
-8.42344 -8.69811 2.52461 7.04553 -1.14152 7.96608 8.72794 -8.07314 -1.14442 -0.831968 -0.0497425 7.00259 -2.30513 -7.97248 -3.30255 2.76461 9.504 -2.42201 -5.40323 1.67473 4.9307 2.47724 -0.742574 3.41954 0.676974 3.0663 -16.9407 -0.176747 -4.42003 -17.2856 -4.35966 -0.603968 -12.6439 -3.93604 4.53915 -1.7679 -19.9773 1.173 6.10919 6.39114 5.13975 -0.260977 -5.56891 1.84424 -1.54266 7.61413 -6.09006 -2.52763 -8.94723 
