-0.358807 -2.17183 1.29713 0.202337 0.841971 1.00924 -0.606141 -1.52567 1.30038 -1.15469 -0.2942 0.304107 1.11947 0.557038 1.87158 -1.96971 -1.22955 -0.742333 0.824894 -0.508884 0.650675 -1.69598 -0.681911 0.311425 1.19582 -0.505807 -0.0337459 2.01224 0.201118 -0.608538 -1.50242 1.76827 -1.42495 -0.556992 1.70124 1.66389 -0.0826882 0.519718 -0.0683365 -1.37419 -0.304242 0.490185 1.95743 1.08128 -0.543588 0.601959 1.07415 0.184024 0.277485 2.84827 
0.246253 -2.432 1.71689 1.17653 -1.58896 -0.137081 -0.65591 -0.541809 1.20932 -4.0072 0.0932556 -3.46798 -0.88806 -0.0175653 0.736012 -1.84727 -0.0942066 1.31757 -2.24403 1.08068 0.607795 -0.537329 -1.90856 -0.748941 0.79927 -1.50332 -0.517556 0.515375 1.87951 0.363793 -1.90581 2.00992 -0.162305 -0.0541883 1.58173 0.895833 -0.166199 -1.57129 2.08739 -1.26194 -0.0796358 1.6209 0.454033 -0.524435 -0.377071 -0.909162 -0.164537 -1.36888 -1.91264 -0.00998565 
-1.53155 0.346285 1.77449 0.602211 -0.801438 -4.15269 0.828333 -0.40245 1.89032 -1.65378 0.86983 -3.93811 -0.758951 -2.44746 2.26658 0.88752 3.06334 0.470302 0.709924 -1.09694 0.500464 -2.87227 0.184721 0.758151 0.347585 -0.421814 -0.019122 0.940434 1.12934 -0.764586 -1.59255 -0.0124696 -1.0163 -1.01655 -0.0995133 1.17781 -0.639362 0.291287 2.66454 -1.23881 -0.841984 2.73753 2.56763 -0.20178 2.19993 -0.544961 -0.972971 0.119612 0.680222 -1.27614 
-0.587266 -2.21367 0.424619 -1.35167 -0.712035 -2.30706 0.923387 -4.22691 -0.676815 -4.52644 2.06796 -3.90328 0.023671 -1.29274 0.450017 0.483484 0.973471 -1.14559 0.0811912 -1.83767 -0.857825 -0.757665 -0.084996 -0.91241 0.186693 -0.008828 -1.96852 -2.79568 0.320351 0.959584 -2.06861 1.76027 -1.63355 1.91578 -0.310879 0.669484 -2.38976 -0.128574 0.168727 -0.881176 -1.38506 2.54629 1.28882 -1.16898 0.890484 -1.142 -2.2201 -2.47881 -0.153217 -2.01746 
1.17215 -3.14511 1.44271 -1.77578 -1.91722 -1.27811 -2.00325 -2.36448 0.54678 -5.00025 -4.29798 -2.98573 1.02531 -4.83348 0.958042 -1.01445 -0.347555 -0.398946 1.76567 -1.54313 -1.57643 -1.15968 -1.30019 -3.2833 -1.36848 -2.53481 -3.8959 -0.878858 -0.0430502 -0.847215 -2.84745 1.201 -2.10157 1.43788 -0.546695 1.73139 -2.51676 -2.87527 3.22623 -3.7032 -0.943557 -0.975818 0.771653 -1.72387 0.568995 -1.4292 -2.80939 -2.40304 -3.33089 -1.20284 
3.0397 -3.04513 1.52154 -1.94658 -1.13991 -1.302 -1.57278 -1.3652 1.5119 -4.76139 -5.0209 -0.777136 -0.628093 -2.31057 0.47415 -0.00723364 1.09647 1.98199 2.66205 -2.60304 -1.97256 -2.46361 0.329213 -1.64508 -0.00755097 -0.0365433 -0.492328 -2.47379 1.3426 0.42839 -1.77969 -0.261019 -1.23124 0.962944 0.0219068 3.83558 -2.74578 -1.58438 1.47966 -3.70427 -1.84918 2.31982 2.30501 -1.08497 -0.292986 -0.340927 -2.68507 -2.82702 0.0492894 -0.423433 
2.65487 -2.32551 4.20549 0.11565 -0.590607 -1.07134 0.894882 0.660811 0.352884 -3.15009 -0.786064 -2.3958 -0.605808 -2.65173 1.05238 -0.145165 3.72086 2.0112 1.89165 -1.28333 2.31061 -3.3685 -1.78856 -1.13306 2.15043 0.717936 -0.116712 0.815196 2.42349 0.677051 -0.725805 0.208954 -1.54139 2.61764 0.995676 6.58437 0.326222 1.77272 0.476344 -0.182498 2.01758 3.87707 3.73326 0.237098 0.274989 1.51213 -1.46165 -1.3397 -0.947447 -0.352609 
3.59715 -2.32576 6.26932 -3.16011 -1.35649 -1.23402 -0.0534861 0.350785 -3.02896 -4.85775 -2.38265 -3.47794 -0.0209377 -1.97674 -0.788533 -1.14271 3.04192 2.10343 0.672343 -1.1108 -0.350582 -3.74423 -2.694 -4.20324 1.35638 -0.147221 0.481961 -0.696923 0.449676 0.59625 -1.48423 1.2969 -1.48008 -0.661953 0.767931 3.33869 -3.25902 0.41793 0.534034 0.76722 0.125643 1.99876 1.49578 -0.0331084 -2.02332 0.250293 -0.821284 -2.27584 -1.52457 -1.20275 
1.80086 -3.15605 2.96307 -1.71128 1.53712 -3.59771 0.251623 2.13523 -5.1906 -3.72334 -4.70093 -1.90369 -0.51883 2.5746 -3.34046 1.77215 0.210028 1.84884 -1.41342 -0.886536 1.26076 -2.2182 -2.85559 -6.40667 0.996211 0.0466244 0.394511 -1.01604 1.46898 -0.962205 -1.96679 2.53295 -2.40343 2.04821 2.00603 2.82885 -1.73703 1.51094 1.87925 -2.90582 0.130013 0.913192 3.82169 0.290397 -1.05665 -0.107878 0.827464 -3.80206 -3.59496 -1.85483 
1.27052 -3.80261 3.35358 -2.27609 1.14172 -5.69791 -1.40533 0.774036 -2.50133 -3.56436 -3.78857 -1.4127 -0.34151 0.640083 -1.00442 -1.28268 1.76044 -0.655132 -0.7249 -4.74475 5.79877 -1.86308 -3.12895 -1.86604 1.95215 -0.136387 2.13215 -4.3127 3.30617 -1.34375 -1.91833 0.242374 -0.26608 0.417611 1.6203 3.02714 -2.57932 0.279469 -2.18617 -3.44783 -0.496486 5.18138 4.38303 2.74411 -0.049452 0.699253 -1.8293 -2.67885 -0.771714 -2.25495 
6.35419 -5.01587 3.96164 -3.44721 0.741291 -6.37933 0.908129 2.12673 -0.94022 -3.57793 -5.42243 1.23898 -0.916719 -0.577472 0.181896 0.976834 2.11194 1.55811 -1.7713 -1.28414 4.0798 -2.12318 -3.67002 -4.38576 2.25731 0.511558 -0.483385 1.36541 0.600547 1.76861 -0.0402236 4.93751 1.5061 1.22734 0.379927 4.31145 -1.63362 3.54585 1.03179 -5.5723 -1.0046 5.15803 6.76494 0.0129106 -1.31143 0.200052 -3.28401 0.413156 -1.03447 -2.21696 
5.26671 -5.28742 3.09579 -2.38184 3.66274 -5.29229 -1.53052 3.09568 0.0848236 -3.81664 -3.47739 -3.20032 0.49425 0.815579 3.51802 0.857015 1.64274 2.50107 -3.85485 -3.46813 4.89796 -3.27187 -4.04554 -4.03451 2.71456 -0.746898 -0.700932 -1.27376 -0.0564527 -0.703941 0.220469 2.14633 1.39134 -1.26698 3.55405 0.52216 0.110347 2.67799 1.19433 -5.36677 0.221607 2.48123 4.85213 1.31291 -0.832467 -0.715881 -1.3337 -0.307829 -0.997242 -1.13793 
5.70911 -3.94526 5.08934 -1.69397 1.85405 -5.50525 3.11603 3.03654 1.0705 -2.34179 -4.25902 -1.23283 0.733821 0.578838 -0.0260467 0.629405 1.77148 3.49613 -2.36757 -4.06945 4.42432 -4.5052 -4.03155 -4.88597 3.61826 1.17902 2.43851 0.0289567 3.59492 -2.00723 0.719101 3.05412 0.159976 0.717567 1.38501 4.79014 0.222331 3.47375 -0.249033 -4.20348 -0.331227 4.47077 3.56946 0.206272 1.48829 0.884842 -1.05316 1.47987 -0.594172 -1.89761 
3.66473 -5.50027 3.68236 -0.925114 3.23085 -4.19821 1.96969 2.08444 -0.523994 -1.88164 -1.73546 -2.33019 0.720458 0.0768736 0.28251 -0.0477356 3.3276 5.35575 -1.6562 -5.84094 4.46046 -3.42157 -3.67305 -5.39726 3.03094 -0.454254 1.7777 -0.326335 2.21224 -0.426644 -0.510235 3.70002 1.51413 1.30127 2.26423 4.93008 0.423423 1.86719 -0.46926 -3.30274 0.979127 6.54379 2.8065 0.188103 0.899654 -0.377991 -1.28571 1.45987 -2.13281 -4.53324 
4.51216 -2.39544 5.16099 -2.45409 6.76232 -2.13681 0.742148 3.62793 0.709162 1.56085 -3.74836 0.64373 1.44045 1.19554 1.90409 -0.0947064 5.11887 5.06803 -1.47635 -4.06016 5.5543 -4.00972 -3.56044 -3.81682 5.54812 -0.0901673 2.09239 -2.86824 3.1245 -0.966325 1.96317 2.42573 0.490667 2.62025 1.97748 2.03456 -0.419611 3.36249 0.483729 -2.2366 0.74357 2.26359 5.53282 2.1629 -1.02696 -0.747756 0.734681 -0.0728593 0.489141 -3.316 
2.76545 -6.94832 2.06294 -3.42379 3.87549 -5.11045 1.12302 2.83708 -1.516 -1.6722 -2.35597 -1.70919 0.48976 4.34396 0.172142 -1.10855 3.93217 4.26108 0.274962 -3.37568 5.21473 -7.57419 -1.78429 -7.00072 1.229 0.0122243 1.12868 -4.88698 0.874056 -1.5655 -1.90169 2.09622 0.541123 1.89341 1.87383 3.45261 -0.437079 -1.62657 1.33702 -3.51255 -1.97668 3.33279 6.90124 0.763716 -2.311 -2.49567 1.28518 -0.00896378 -2.37716 -0.0257618 
1.23496 -6.91396 2.28014 -2.20428 5.10046 -4.19636 2.12131 1.9848 -1.22939 -0.508159 -5.34048 -1.36299 0.141814 2.46092 -0.0653214 -2.92634 4.78872 6.42937 -3.19949 -5.72432 5.04909 -7.00472 -0.97818 -6.05173 2.04542 -1.15212 -0.413077 -4.19649 0.917275 -4.02563 -0.23281 1.98719 2.60158 2.55673 -0.813826 1.39552 -2.5718 1.65041 -1.22618 -3.75152 -2.88119 2.49643 3.31741 1.73271 -5.2054 -3.52983 -1.48185 -1.16714 -2.75266 -3.31907 
2.12596 -6.45128 1.35261 -4.00373 6.10161 -5.96167 -0.815048 1.41985 -0.593156 -2.28273 -3.79926 -2.00587 -0.350522 1.318 -2.59439 -2.15402 3.37017 2.50131 -6.13474 -6.21448 1.81142 -4.34002 -2.47782 -7.45613 -0.616333 0.352714 -0.252886 -5.19455 1.60863 -3.5785 -1.64935 2.33566 -0.692725 2.73917 0.483876 0.976861 -2.10683 2.79774 1.39774 -3.62952 -1.82117 2.08323 6.62281 -0.227302 -4.88885 -4.7551 0.393099 -0.898893 -1.62937 -0.889333 
1.37965 -5.49941 1.02707 -3.40748 6.21592 -3.78041 1.71275 2.27672 -1.95066 1.08769 -4.4484 1.71271 -0.515303 -0.0154735 -0.283279 -2.67541 4.43592 3.99798 -3.35736 -4.16224 3.27953 -5.44517 -0.790102 -7.18069 -0.520522 1.80146 -0.769674 -4.97005 1.63971 -6.01221 -2.65202 -2.53438 -0.925473 1.10466 -0.139376 3.52407 -0.8909 4.41769 4.85363 -2.09498 -3.76252 3.27827 7.17813 1.52568 -6.45249 -6.16238 1.1545 1.02571 -1.8796 -2.0118 
1.28042 -6.24587 1.15316 -1.76558 4.96269 -5.40935 0.725856 0.465286 -2.26093 -4.55664 -4.64823 -0.326674 1.65456 -1.65411 0.44246 -1.8649 5.2673 2.57584 -4.5608 -3.95125 3.62503 -6.13396 1.15965 -6.42301 -0.4971 4.21668 -0.188697 -4.2899 2.91232 -4.93609 -2.50618 -0.505853 0.0109095 1.46631 1.99251 5.98277 -1.47973 1.03041 2.59664 -3.13648 -3.88808 1.53613 8.66195 3.43153 -7.69093 -5.9585 0.337007 -0.00475967 -1.90083 -2.5637 
2.28251 -7.52584 2.12481 -3.77754 5.51791 -5.21878 4.14724 2.27833 -3.83938 -1.24788 -3.26678 2.08619 -0.87371 0.64937 -0.678265 -0.5268 2.85098 4.7217 -4.58786 -2.9977 4.94079 -2.75435 2.2006 -8.50921 0.778033 3.18329 -1.05638 -3.20935 4.22312 -6.05256 -0.265381 -0.95539 -1.65959 0.473874 1.27607 6.60676 0.360995 0.998558 -0.334134 -2.58865 -3.05879 -0.270944 11.0151 2.72661 -6.23746 -5.23692 -0.595126 1.03024 -0.0534104 -1.70926 
0.00305193 -6.55987 4.87024 -3.00066 3.35072 -4.73807 1.20054 0.804261 -3.1232 -2.7558 -3.36927 2.58599 1.96327 4.18347 1.35431 -2.00917 2.94718 2.64945 -3.49273 -3.25531 3.3544 -1.01856 3.00972 -7.59427 0.33211 2.11467 -0.0240319 -1.63783 4.33079 -6.85485 -0.928109 -0.700011 0.113302 1.03066 1.14447 4.4297 -0.0528911 1.82773 -0.395238 -2.22241 -1.70793 1.11338 8.02528 5.8479 -8.39464 -4.65407 0.712703 0.617409 -3.20114 -3.07811 
2.59906 -6.93238 2.33853 -3.95198 3.09888 -6.76969 4.73409 2.18945 -0.359795 -3.04646 -3.08108 2.42251 -1.728 0.874007 3.09342 -3.53244 3.49258 3.39188 -1.17225 -3.55432 6.2309 -2.60577 3.00721 -8.74031 3.4449 2.55961 -2.01012 -3.80887 1.86537 -6.82409 -0.963404 -1.99454 0.429128 2.24031 0.869735 6.4381 1.19714 2.69231 0.154249 -6.76706 -1.48658 0.964983 7.34632 2.87617 -9.3814 -5.57769 -3.04844 1.76241 -3.89245 -1.74858 
2.68673 -6.74059 1.61837 -3.00662 5.40159 -4.97443 3.67338 2.75417 -4.01469 -5.61089 -1.5873 1.41606 -0.268115 2.50214 3.03626 -3.06364 5.70391 7.20787 -3.3185 -3.65639 6.96457 -2.3724 3.27207 -9.11576 4.7027 3.2404 2.21635 -1.66382 1.50728 -4.18116 0.488626 -0.896703 -2.50607 3.02724 2.64152 3.76988 -0.059802 1.87525 2.13818 -6.21937 0.697224 -0.56074 4.26767 3.99922 -7.14817 -5.29835 -0.484755 2.6648 -2.50041 -2.15343 
1.97597 -7.73855 1.27237 -4.40007 6.36276 -5.57068 4.52137 2.17371 -3.4265 -3.0705 -1.6904 1.80993 -1.87301 1.72614 3.5748 -1.14558 4.7954 8.00834 -5.04522 -3.23626 7.3059 -3.19748 6.3445 -9.98413 2.77261 4.49671 -0.767548 -3.74949 2.17303 -5.39947 -1.60269 -2.4772 -1.81692 3.42172 2.47277 3.40026 -0.73382 1.93996 0.642864 -4.25521 -0.192854 3.15301 6.29197 2.47253 -6.0104 -8.00966 -0.430512 -2.45128 -4.45284 -2.20399 
-0.634155 -8.34603 2.2287 -4.72137 6.47494 -4.51228 3.07487 2.4232 -6.80614 -5.13737 -5.34951 1.34715 1.27803 1.41572 2.43639 -0.643172 5.1556 7.20448 -4.11516 0.0746832 6.18331 -2.90245 4.47885 -7.70217 4.67333 3.21563 -3.34063 -4.20273 -1.98454 -5.25042 -1.57518 -1.44806 -3.42011 4.47671 2.94874 1.93813 1.92443 -0.0184875 1.40389 -5.03466 -1.26298 0.994214 5.63598 2.75494 -6.27959 -9.42076 -1.05541 1.30902 -5.05985 -3.19164 
1.89264 -8.52352 2.40173 -5.72551 7.78283 -0.543342 1.63946 5.7991 -5.25477 -1.63049 -3.04401 5.11301 2.15971 4.39354 2.84501 -0.83892 3.9967 9.43289 -5.27953 -1.28654 8.98729 -0.780115 7.608 -6.9855 4.66165 4.953 1.73689 -1.96278 1.54655 -3.93909 -1.29804 -0.314798 -3.66334 4.06086 3.15689 2.93684 0.864931 -0.645771 1.28892 -2.22012 -0.430993 1.79237 6.74978 2.94079 -8.28864 -6.57657 -1.95162 1.31872 -4.68883 -2.78353 
2.65191 -7.62099 6.11699 -0.984079 9.82412 -2.74115 3.11514 5.22483 -5.00266 -2.19962 -1.73616 5.82367 2.44396 2.27556 4.62048 -0.34977 7.7214 10.8452 -4.84002 -0.147201 9.46669 -3.45126 7.91125 -4.59376 5.45603 5.08603 1.12341 -2.1181 1.42026 0.24832 -2.00868 1.05215 -0.133276 4.82195 2.77782 5.93586 1.40972 3.10324 3.74606 -0.392522 -0.416858 3.77244 7.14438 2.74899 -8.0446 -6.67062 -0.768842 1.57668 -4.55826 -2.16992 
1.05314 -5.85766 4.25108 -3.44904 8.13103 -1.94848 0.646526 3.0216 -6.69553 -2.11707 -2.1308 5.54158 2.70642 2.68732 2.30204 -0.126391 4.46919 11.737 -5.12328 -1.25944 7.69891 -5.58899 8.61291 -6.7173 2.03079 1.95229 -2.69139 -1.00681 0.460905 -0.59689 -2.17167 -1.14935 -4.89976 2.88257 1.79219 0.816834 0.945856 4.02922 3.84598 -1.33296 -0.584472 1.99488 4.86461 1.58888 -9.75102 -6.0497 -2.49158 2.76023 -0.41776 -3.66412 
-1.16558 -9.24877 3.96013 -3.80526 11.0508 -3.93367 3.15474 4.49155 -7.88426 -1.38471 -2.44673 5.31484 2.41971 5.22707 0.284644 -1.61607 4.93801 11.832 -6.13652 -0.287988 8.03251 -6.40676 7.52137 -8.68677 2.55004 6.27821 -1.59033 -2.12927 2.3353 -0.670974 -1.58365 -2.02604 -1.60846 4.61716 2.58142 3.76473 -0.650021 0.431694 5.96297 -1.15297 -1.05324 4.70905 3.65432 2.5124 -10.8262 -3.53267 -1.01342 -1.27642 -3.03857 -5.12634 
-0.311368 -6.90403 4.41555 -5.33553 11.0705 -3.83668 2.98219 5.09031 -7.47065 -1.06149 -4.13512 6.47579 1.53881 5.57976 1.44911 -0.0651955 4.99256 11.5681 -4.43774 0.427828 10.4439 -5.26091 9.81991 -7.42916 2.73484 5.15236 0.610054 -2.93636 3.55467 -1.61 1.16554 -1.05642 -1.1861 4.18258 1.63523 3.27107 1.56942 -0.749715 7.30395 -2.21519 1.00057 5.73063 4.02453 6.89736 -9.02724 -2.8822 0.460324 0.752121 -4.89119 -1.57875 
0.673582 -5.58629 7.15159 -2.33356 12.4665 -2.59474 5.33039 8.60593 -6.81019 1.56881 -4.85537 6.35097 4.41814 8.34041 0.501777 0.137673 4.31973 14.4525 -4.94252 1.92083 10.6831 -6.25317 10.2601 -8.12716 1.7123 2.90118 1.05225 -1.10726 4.31166 -0.718372 0.534659 0.0177187 0.780178 4.58993 2.32436 5.00699 1.20204 1.9311 6.53748 -0.861181 1.24425 4.94284 4.59804 4.59886 -6.55635 -3.52118 2.21262 0.853665 -2.31023 0.288331 
2.10199 -8.05238 4.47275 -2.2423 10.7676 -3.60593 4.61685 5.58865 -6.15006 1.32971 -1.24332 7.02487 2.12531 8.81889 3.58688 -0.789643 5.86674 15.4969 -4.93779 -0.658824 9.27153 -0.490411 9.45782 -8.82556 4.44896 7.30352 2.09214 -1.69793 4.88406 -2.00683 -0.525884 -1.38738 1.4549 6.72978 2.88355 2.68553 1.68856 0.507212 4.44149 -2.50711 2.59147 4.64261 6.51338 5.35263 -7.11136 -5.19104 0.174353 -1.00158 -0.856251 -2.2545 
-1.55542 -7.05913 3.78813 -1.00114 9.96511 -2.93083 5.60158 6.23713 -6.54287 -0.227074 -2.85781 7.43868 1.77163 5.21855 3.1361 -2.48458 6.77055 14.4899 -3.39091 -2.14048 9.98683 -0.210419 11.8517 -6.40595 3.26494 7.63809 3.87246 -3.82644 8.19484 -2.69833 -2.49706 -1.56663 0.551268 4.15722 3.73715 5.21813 1.47691 2.5383 6.66133 -0.259932 4.63103 5.44639 8.27757 5.90048 -6.29064 -3.10112 -1.67779 2.17625 -1.58377 0.507916 
2.91606 -7.86179 4.77865 -2.10383 11.3038 -0.804074 6.04978 4.22863 -6.05445 0.429802 1.07964 7.01661 1.47187 6.82667 5.8127 -2.66703 8.93825 15.8256 -1.64749 -0.705519 9.40848 0.335597 13.7749 -5.65561 4.21275 7.95327 2.59994 -3.72578 5.79768 -0.988399 -0.392149 -0.357454 0.893648 6.30018 2.37339 4.40553 2.95915 0.241459 4.69997 -2.00725 2.20345 4.54462 9.49458 6.01082 -7.92577 -3.20685 -1.26602 0.559117 -1.02107 -1.76158 
0.778337 -4.56207 4.08382 -0.0708987 9.66828 -4.85209 6.76961 2.24015 -5.57795 1.07583 1.63697 9.21921 3.6462 7.62579 5.34791 -1.60476 6.97713 14.6375 -1.97017 0.00231184 9.75748 -1.36196 11.1712 -4.16718 5.98411 6.37064 0.882451 -2.98479 5.21676 -0.879528 -0.70393 -0.103207 0.119445 5.20859 2.85608 1.1015 2.37851 0.711737 2.13449 -3.11687 2.29017 5.63052 8.229 6.2056 -7.29639 -1.62522 0.202912 0.700309 -1.06103 -2.65292 
-0.876303 -7.9279 2.48629 -3.29746 7.33602 -7.22856 6.43495 0.0120232 -7.95249 1.4598 -0.45551 6.66117 3.45531 5.46562 0.609094 -3.4416 5.6594 10.7834 -4.60997 -2.23546 8.80423 -0.868581 12.9549 -4.92327 5.91994 5.77393 1.25705 -2.66841 2.99546 -1.85981 -4.97073 -2.22371 -1.44443 4.06638 0.214918 1.99974 1.69753 -1.57815 3.81428 -3.13469 1.46579 2.80581 6.59102 3.7391 -9.07725 -1.49316 -1.15777 1.82048 -0.831168 -5.18504 
0.429191 -10.7095 2.20836 -3.61106 8.94603 -9.53782 6.53054 -0.243153 -8.61877 1.65823 0.461641 5.9213 4.40018 7.08189 2.50997 -1.91061 6.26273 13.9332 -4.98988 -1.99045 11.2375 -1.30837 12.3417 -3.74099 3.21874 3.87179 1.77768 -2.33273 5.25102 -3.0894 -3.37562 -3.1872 -0.543149 6.35875 1.31274 3.17241 2.74133 -1.1942 2.57856 -1.89065 2.62876 5.10821 7.0371 4.568 -8.99227 -1.28039 0.80736 -0.392498 -0.859875 -5.99483 
2.06618 -8.66257 -0.0204118 -4.44419 10.2334 -9.47688 3.72778 1.82118 -6.35621 2.96579 -1.88191 5.95004 2.20121 2.57848 3.75111 -1.39808 5.36796 12.1303 -4.5572 -2.92272 11.7607 -3.39661 12.6902 -3.56825 2.51771 0.581172 -1.07456 -2.83613 2.20454 -4.69581 -0.479484 -2.12222 -1.36073 6.88449 0.599806 1.27086 1.83327 -0.633293 3.1562 -0.123979 0.0239026 4.59885 6.74663 3.41545 -8.38626 -5.38668 -1.72722 -2.45639 1.10218 -2.69231 
-1.62068 -7.82473 -1.75361 -3.09194 6.02298 -8.75614 5.39903 0.620894 -8.18898 1.16779 -1.33388 2.68347 0.639712 4.91778 3.97688 -0.939424 7.12252 11.1663 -3.83895 -6.19843 10.4962 -3.4534 7.65598 -5.56891 1.64338 1.94666 -0.62954 -4.31518 1.03214 -3.16222 -2.81612 -5.63022 -1.88655 1.48139 1.08819 3.02249 -0.603336 -2.63571 2.36001 -1.08533 -1.17087 3.18483 2.96915 1.54084 -8.05604 -3.95981 -4.705 -2.83141 -3.09814 -5.57251 
-0.605394 -10.3643 -3.21304 -3.2449 7.6497 -7.68117 3.79947 0.0517729 -5.65405 1.27214 -1.81318 6.8748 -0.101643 6.4986 3.33767 -2.09197 5.03326 11.8831 -4.58898 -6.88234 11.0699 -4.06047 9.9309 -5.93905 5.25455 5.33006 -0.472852 -4.02007 2.54486 -1.16176 -3.45661 -4.04458 -1.86772 1.57338 3.21833 2.96132 3.28935 -0.113734 5.74124 -0.760848 3.75063 4.01041 6.35134 2.02484 -9.1539 -4.9054 -4.97232 -2.0138 -1.84453 -4.12154 
-0.877863 -8.52635 -2.82816 -3.82445 5.23305 -9.4518 5.08557 -0.969712 -3.2165 1.02295 -2.19191 4.55144 0.0107327 6.78453 2.80706 0.0192753 6.94417 10.9278 -3.58223 -3.45123 13.0917 -3.45482 12.5026 -5.63944 3.73904 2.99396 2.07244 -3.03641 2.52099 -2.87375 -3.19027 -3.32631 -2.59397 3.28305 0.842565 5.32226 1.55906 -1.60026 6.24355 -0.943213 2.94027 5.93392 4.16294 2.43805 -8.3981 -0.623577 -4.46597 -1.70672 -0.00955439 -1.83981 
-0.571733 -5.10204 -3.06145 -2.09664 10.4622 -4.85389 1.90249 -1.20291 -3.51475 2.8581 -1.00373 7.91274 -1.28271 5.14232 3.39478 0.533321 5.87604 9.46594 -4.4889 -2.73221 13.8603 -3.31814 12.1761 -5.56292 3.05056 7.29073 -0.901584 -5.13593 2.45303 -1.39008 0.700576 -2.83853 -2.30326 -0.522534 1.7939 3.84271 0.0901663 0.411523 6.45354 -3.99161 0.509624 4.26632 4.26283 1.9323 -8.24073 -0.496895 -3.73384 -1.79819 4.84286 -1.02504 
0.19945 -8.58381 -2.75772 -2.12415 6.851 -5.62749 3.39494 -1.00916 -3.7365 -0.0755333 -1.31123 8.96112 0.420369 6.11938 2.62938 0.642028 5.52624 11.2213 -4.05732 -3.25627 14.3819 -0.0450132 11.6609 -6.56953 4.70695 5.30102 -0.995915 -2.7533 2.4781 -1.67524 -2.88202 -5.10494 -2.93817 0.533398 4.79523 2.90143 0.716293 -0.798133 5.44788 -5.06089 -0.579005 7.46588 4.7056 -0.110497 -8.12337 0.707337 -3.82857 -1.38325 1.4594 -1.19513 
-2.96281 -8.70816 -3.23505 -4.88598 5.78175 -5.38771 3.81875 -1.5757 -4.45526 -2.392 -0.715661 4.88271 -1.31065 3.35223 3.08049 -1.76321 4.82605 10.5284 -5.67744 -3.83648 12.8103 -0.06021 10.032 -3.0642 2.55044 3.92224 0.232954 -8.02849 1.66052 1.43565 -4.60188 -6.65677 1.3705 1.53582 1.55193 1.85064 -1.3154 -3.9357 5.69843 -5.67211 -2.14343 3.91015 2.49723 1.56078 -12.5716 -2.33807 -4.83303 -3.23058 2.35646 1.0914 
-4.02863 -5.89611 -2.09308 -4.7623 3.96243 -7.3687 3.94258 1.02736 -4.45751 -2.06488 -0.341738 5.18207 -1.04318 4.06992 1.882 -1.12773 5.01924 7.67617 -5.45373 -3.71087 11.8334 -1.35745 8.26313 -5.28932 -0.801914 4.14861 -0.365864 -4.92428 -0.318025 0.623973 -4.1501 -8.5908 -4.2078 -0.3278 0.924289 -0.503689 -1.5759 -4.09089 5.33338 -7.2591 -1.79115 3.45435 3.10837 5.25845 -10.7307 -2.15448 -5.74329 -3.3625 1.1111 1.98684 
-6.02542 -8.08635 -2.41551 -6.34337 4.09592 -8.23003 4.46612 -0.451704 -5.51186 -4.22733 -2.07396 6.2371 -0.800985 1.60893 2.52213 -2.2425 5.9631 7.06505 -6.34935 -5.03896 11.2163 -3.78471 8.02453 -6.10164 -1.24151 3.2928 -1.88804 -5.24964 1.18771 -1.41868 -4.96255 -7.4323 -3.50555 -0.179365 0.848545 -2.21383 -3.59726 -3.43052 5.76055 -6.88052 -1.36692 4.8218 2.71594 1.10288 -11.3857 -2.26538 -6.12074 -3.163 0.773659 -0.38501 
-6.58478 -7.40284 -5.03762 -6.94913 2.78505 -7.27483 4.56528 -2.96342 -4.08459 -2.65188 -5.99884 5.04832 -1.68495 3.70801 2.04784 -4.99674 5.29132 6.46883 -4.29624 -7.30197 9.76895 -4.10917 7.78581 -5.23724 -1.58095 2.88684 -2.42363 -2.07167 -0.943209 -0.835991 -5.46054 -11.0723 -3.60458 -1.22449 -0.43174 -1.3446 -2.23537 -4.35821 3.25245 -7.37879 -4.39228 1.71529 1.56978 1.8916 -8.20739 -1.15952 -7.60275 -1.31393 2.43735 -1.31213 
-4.96353 -7.98915 -6.67359 -8.6009 5.23601 -6.30704 1.98431 -3.30847 -6.27176 -4.21519 -2.19401 3.30867 -4.5416 5.00597 -0.683211 -1.37647 2.36756 8.83857 -5.93643 -8.59195 11.1252 -5.44349 7.26115 -7.55292 -1.05828 3.04866 -1.68162 0.422524 -0.34642 3.04319 -8.23277 -10.3081 -2.22951 0.280553 -1.44737 -1.36216 -2.28186 -4.9101 3.35783 -6.88003 -7.06165 3.87801 -1.28618 0.0708008 -10.7694 -1.20631 -8.41294 -2.50847 2.69549 -0.0811802 
-3.36732 -6.50994 -8.52588 -5.30845 4.31977 -10.7119 1.1287 -2.54525 -5.15676 -3.56312 -1.85101 3.41606 -3.37165 4.51629 3.2838 -3.82164 2.12102 9.19781 -6.61321 -6.99706 10.7595 -5.78164 6.14449 -8.33927 1.4996 1.57542 0.163388 -0.594226 0.494445 3.14979 -8.42033 -8.68625 -1.5995 -1.59108 0.905102 -2.50502 -2.75736 -5.90444 0.845191 -9.92362 -5.03634 2.17368 1.15598 0.175323 -8.26203 -1.44283 -7.36182 -2.67126 1.31229 1.98308 
