0.341889 -1.01046 -0.404914 -1.26876 0.29807 2.18531 1.06393 -1.45201 -0.746801 1.20189 -0.213149 -1.79649 -0.38724 0.62423 0.114888 -0.21285 2.15592 1.49092 0.456552 0.218004 
-0.62176 0.337494 -0.091988 -0.733151 0.822493 -2.13767 0.250305 0.481864 -1.36167 0.538178 -1.93949 -0.894868 -2.94261 2.13539 -3.52031 1.16598 -0.752692 2.11279 -0.446384 -2.6006 
-1.6156 2.49519 -0.356874 2.37901 -0.660142 -3.18449 -1.53274 1.5456 -2.63446 0.646264 -4.17625 0.805375 0.175837 -2.06942 -3.18189 -2.29252 -2.56387 -0.0458706 -2.96076 -0.503626 
-1.60367 0.861383 0.166311 1.65683 2.08797 -1.95996 0.872671 1.83006 -2.12903 1.78529 -1.60825 -3.09032 -0.26223 -2.19324 -3.72299 -1.5471 -1.018 2.56637 -2.95229 -0.248241 
-1.37196 3.10308 -0.0647873 -2.02861 -1.7501 -0.848346 1.34303 0.831683 -4.85648 2.69256 -1.92642 -2.82589 -1.11445 -1.33004 -2.72743 0.0226641 0.0256543 2.1073 -4.65486 -1.67555 
1.09099 1.64301 -1.49213 -2.58564 -0.0390723 -0.194746 3.59084 -1.09478 -0.648469 2.44098 -2.17343 -2.96699 -2.21999 -0.794151 -4.36143 -2.23461 -1.23466 3.23442 -0.445848 0.309924 
-0.503852 -1.77427 -1.00287 -2.55883 -4.46711 -0.817352 2.19262 -1.37575 0.0641601 -0.319636 0.491854 -3.62694 -1.17889 1.34917 -3.60157 -0.587485 1.09497 3.74545 -0.328092 -0.407853 
-2.42883 -2.33517 -1.80764 -5.20371 -2.80353 -2.93844 4.36838 -0.805284 0.6581 2.39348 -0.730656 -1.7118 -6.01498 -1.97309 -6.58154 0.521971 0.403725 4.98846 -2.66625 0.516637 
-1.94687 -3.44311 -1.68588 -1.42563 -2.30568 -1.40741 2.81553 2.50238 -2.68285 1.18703 -3.28071 -1.02907 -3.68809 -2.52991 -8.18129 -0.627272 -1.75263 4.32483 -2.75865 3.26511 
-3.23354 -4.41491 0.403706 -4.41621 -4.79647 -2.59023 2.29334 -1.32764 -1.34541 0.297388 -3.77837 -3.30501 -2.54601 0.0556771 -8.13377 -2.15076 0.396806 2.75324 -2.8692 -0.0642745 
-0.198442 -4.42811 -2.68736 -2.77052 -6.40732 -1.46179 2.45158 -0.394915 -4.39161 1.27927 -3.04017 0.119244 -3.65667 -3.65599 -4.99141 -1.99261 0.506751 4.88981 -3.21635 1.57082 
-2.28425 -5.34577 -2.78141 -1.35188 -3.96861 1.3695 0.489624 -0.960307 -3.91333 -1.05602 0.315989 -0.846862 -1.98012 -4.09826 -5.67993 -0.965815 -2.46052 5.6109 -1.75113 -0.733403 
-0.250075 -4.52767 -1.7722 -0.0934778 -4.44815 3.01408 1.43834 0.203742 -5.48048 0.948845 -0.0821069 1.21792 -5.29346 -1.49916 -5.90442 -1.0386 -1.01607 6.89978 -1.52766 0.368379 
-1.98708 -3.96298 -0.635528 -0.390792 -4.77676 1.45682 1.38011 1.08476 -5.62613 -0.460709 -1.13875 -0.213752 -3.964 0.367455 -7.59486 -2.54397 -1.66604 7.97388 -2.94888 2.71696 
-3.93001 -3.29494 -2.7772 0.00578718 -4.79318 -1.83795 1.98457 1.90621 -4.38998 -0.200395 -0.17916 2.13541 -3.85945 -0.24876 -6.67939 -2.45347 -3.01284 6.94286 -0.71503 1.04593 
-4.09451 -3.22837 -1.94079 0.531674 -4.60441 -2.22866 3.60094 2.00669 -6.06672 -2.47579 1.15559 -1.09162 -4.51933 0.320908 -7.88103 -2.31335 -2.00728 6.13043 -1.93711 3.32624 
-4.44569 -3.09037 -2.21941 1.47987 -6.72599 -2.53544 5.61633 -0.288884 -4.58695 1.45799 2.4349 1.69527 -3.06088 0.114414 -7.9057 1.85514 -4.75788 6.90077 -0.101122 0.391939 
-4.32163 -1.65983 -2.93798 0.325158 -1.48572 -2.92891 4.55971 1.17388 -9.41977 -1.42985 -2.27842 -1.86976 -2.40564 -1.30565 -5.12353 -0.139769 -6.00236 6.25112 -1.3464 3.57291 
-5.29493 -2.34691 -5.77662 -0.81882 -2.51268 -4.81752 5.95656 0.304548 -9.3365 -1.00298 0.259212 -2.58652 0.167174 0.196851 -6.57119 2.7779 -5.97111 6.06573 -0.949432 4.32461 
-1.77267 -2.53795 -3.61072 1.99576 -1.02013 -7.90761 3.81799 -1.71826 -5.04719 1.40863 -0.553614 -2.48906 -1.5478 -1.03733 -8.06908 0.191489 -5.30275 6.4184 -0.834183 7.01054 
-2.11588 -4.40695 -4.06416 -1.4263 -4.87051 -6.10238 4.33731 0.445903 -8.0159 2.40678 0.883604 -0.815234 -1.87901 0.910246 -5.27977 0.113491 -4.85679 5.18665 1.21351 2.76437 
-1.03294 -2.45021 -4.4323 1.40394 -3.59684 -5.91379 2.13167 2.42738 -9.4157 -2.49934 2.29968 -1.9817 -1.5197 -2.72491 -6.75179 -3.62338 -5.93514 6.84916 -1.40699 3.28256 
-1.37657 -1.38157 -2.42751 -0.888525 -3.63204 -6.51263 0.265779 -1.13091 -8.41038 1.60803 1.60779 -4.08287 -0.991959 -1.7175 -4.69692 -0.246232 -8.29791 7.05627 3.20144 4.00146 
-0.168812 0.297642 -1.56462 1.52103 -5.63147 -6.39224 2.33238 -0.115065 -10.5001 1.62625 2.42303 -2.18676 -2.50333 -1.55426 -5.55058 -3.52947 -7.47369 4.33355 -0.600168 3.43607 
0.405347 -0.573753 -2.74844 1.33244 -4.57721 -5.55968 -0.62099 -1.52189 -8.52883 -1.53373 2.7356 -2.21156 0.161671 -2.50246 -7.68904 -3.48082 -7.56666 5.65639 -0.821039 2.29873 
0.204179 -0.308763 -4.93984 -0.0108768 -5.21804 -4.56965 1.46502 -0.804794 -8.19646 -0.427569 3.39504 -1.92261 1.14212 -0.911033 -7.59909 -5.06285 -6.17784 3.39349 -3.02914 1.6355 
0.0431157 0.247494 -4.55331 1.66117 -3.34551 -3.96668 2.23569 -1.76803 -13.2977 -0.502594 1.00918 -2.82877 0.551803 -1.90135 -7.21236 -2.75775 -7.00485 4.40523 -2.88752 3.95169 
2.15152 -1.85304 -5.39363 -0.181453 -5.19624 -4.62407 1.76114 -3.6372 -11.5018 0.111272 0.327007 -5.45576 0.41291 -0.923498 -6.84113 -3.61357 -6.80316 6.40648 -3.00196 4.26827 
-1.54579 -0.1253 -4.71265 1.07653 -4.84419 -4.01646 -1.29519 -2.58573 -11.216 -0.370185 1.78688 -3.33182 0.552105 -3.38396 -8.92373 -6.01442 -6.88088 2.97008 -5.17427 4.85416 
2.40176 0.164674 -7.28565 1.17001 -6.73121 -3.33439 2.14617 -2.28361 -12.5812 0.633606 1.07297 -4.41486 -1.65498 -3.79037 -6.96207 -4.93817 -7.00491 3.46613 -2.13926 4.53201 
1.61501 -3.28405 -8.67939 0.0467813 -6.61439 -3.19544 1.60416 0.780533 -10.6948 -2.71128 1.03788 -4.39771 -1.23518 -2.91394 -4.55514 -2.23986 -5.63428 2.68192 -1.39026 4.37049 
0.519327 -1.67944 -9.55375 1.04395 -5.87466 -7.25141 1.92196 -1.30824 -10.998 -0.0452987 2.25098 -5.72408 -1.88169 -3.0647 -4.63111 -1.89807 -6.6103 1.4611 -3.18397 3.81046 
1.44996 -2.7873 -7.79886 1.97544 -6.48435 -5.72818 -0.167307 -2.70676 -14.5317 -1.69441 3.30211 -4.2856 -1.35786 -3.50403 -5.0773 -2.33279 -5.04909 2.30975 -2.10116 1.89367 
2.4597 -1.72633 -7.2164 1.34235 -9.7041 -5.39547 3.14477 -3.50595 -11.8083 -2.34441 4.84351 -2.20191 -2.23391 -3.16877 -4.82013 -1.66396 -6.5011 2.91493 -0.673099 5.16135 
0.742701 -1.85839 -9.05458 3.26396 -6.73795 -4.51056 -0.864041 -3.49639 -13.5119 -2.02684 1.93001 -3.4974 0.535598 -0.853539 -5.7327 0.175057 -9.69812 2.67951 -2.80348 5.30544 
-0.545558 -2.87657 -7.48367 2.99069 -8.39574 -6.30099 3.07917 -1.45998 -14.7522 -1.48802 5.3286 -5.18208 -2.11675 -0.448295 -5.85117 -0.0380679 -6.66931 0.675244 -0.841426 5.42105 
0.262448 -1.77048 -8.64843 2.13716 -7.61443 -6.06318 1.48436 -3.28921 -13.7527 -2.07159 5.29595 -3.36975 -2.69647 1.51398 -6.79585 -0.49897 -6.65424 0.255253 -0.0399707 4.77368 
1.85644 -1.89345 -9.69612 -1.19329 -8.17418 -1.82047 3.09041 -1.6121 -12.8932 -0.963867 6.01078 -5.60516 0.926465 -1.15926 -3.67883 1.41195 -5.27922 -0.585973 0.98304 6.4435 
1.7568 -4.47634 -8.35807 1.23394 -8.21689 -2.2101 2.11725 -0.00146088 -10.9874 -2.17461 5.77034 -1.71397 3.35693 -1.02877 -4.09777 -0.656834 -4.70991 -0.444399 0.943132 5.15303 
-1.49255 -4.27537 -10.3314 -2.87677 -8.38456 -2.11345 -0.949254 0.413315 -12.2802 -2.36357 3.5921 -3.4325 0.0217495 -0.736045 -7.81993 0.245775 -3.64834 -0.919705 3.04772 5.12557 
1.1034 -0.389492 -10.1488 -2.39414 -6.04903 -1.88801 1.04245 1.40576 -13.9492 -0.654222 3.83198 -2.81551 -0.128343 -1.13487 -6.38203 0.367647 -4.94787 0.114065 1.27413 5.26227 
2.0414 -2.60538 -7.56325 -0.0998116 -6.95036 -1.87316 3.69314 2.25427 -11.5763 -0.55102 3.82907 -1.55055 -0.152457 1.25006 -9.60579 0.403668 -3.27547 2.49219 0.87017 6.61865 
2.22795 -0.0811628 -8.33773 1.87588 -7.62448 -1.22183 2.6418 2.38414 -10.2599 0.639955 2.93188 -1.37399 1.28663 0.625389 -7.94566 1.13441 -4.80514 3.99563 2.40219 8.16243 
3.58211 -1.36168 -7.62519 -2.34663 -9.38341 -2.62952 0.60586 -1.54178 -12.8246 -0.54766 3.66616 -2.33782 1.2588 -1.06587 -9.68382 -1.09432 -3.25541 3.75867 -1.01364 7.62014 
1.2584 -1.69892 -6.14761 -2.62477 -8.11639 -1.57094 -1.51626 -0.40862 -11.6413 0.758739 3.44883 -0.595407 2.68887 0.648443 -10.3109 -0.36708 -6.73196 0.632017 3.81132 6.73578 
-1.2317 -0.697456 -8.15047 -2.79143 -11.5451 -1.80893 -0.512434 -0.147063 -14.1989 -3.85405 3.6285 -2.65401 -0.475784 -2.36308 -9.57733 1.86437 -6.28206 1.19065 1.47232 7.85182 
-0.38118 1.83443 -7.70486 -4.99695 -9.94676 -1.57572 -3.15455 -2.5146 -14.7533 -2.87066 3.31985 -0.884833 1.82462 -4.14539 -9.6136 2.04944 -6.53423 1.24223 -2.34255 7.66451 
0.980858 -0.758177 -9.97751 -6.1302 -10.5753 -0.80688 -7.96815 -1.42755 -15.5978 -2.49117 2.59546 -0.622146 2.36279 -2.80042 -11.8522 1.94386 -8.40791 -1.32709 0.968475 6.09862 
0.179316 -0.604699 -9.05902 -3.76103 -9.48448 -1.48968 -4.8693 -1.90448 -13.3226 -3.67555 1.44467 2.7699 2.51797 -3.26531 -9.71785 1.89724 -7.19772 -1.4857 -0.622248 6.64712 
-1.4477 0.747523 -7.3108 -4.18063 -9.13489 -2.48293 -4.75152 -1.67653 -13.5644 -2.56 -0.286968 2.7106 4.33626 -2.3118 -12.4657 3.46687 -4.09031 -2.18715 0.198139 11.7041 
