2.13132 0.392306 2.7608 -2.62781 1.73165 
1.11106 0.357459 -0.078562 0.637192 -0.141254 
2.68601 1.90514 3.20979 0.214458 -1.55234 
1.43467 2.18502 2.20545 1.62476 1.25201 
3.50893 3.2086 5.94834 0.00565016 -1.08317 
3.15339 0.658056 3.57293 2.1532 0.44547 
5.50759 1.56056 4.71939 1.40477 -0.463669 
3.81021 1.41338 3.3674 3.54332 0.931872 
5.59238 4.42053 3.67829 2.86374 1.55882 
6.40825 3.46372 5.27734 2.02418 3.25425 
3.05546 2.24769 3.10482 1.86627 5.92681 
2.28862 2.7181 -1.61252 -0.446069 3.94063 
4.54436 6.60967 1.06244 -1.01953 0.934851 
6.7443 4.99503 2.23695 2.10898 3.65071 
8.81249 4.07275 0.120569 2.07666 0.671422 
7.02599 6.27138 -2.50202 0.505731 2.94397 
7.81325 4.35521 -2.80834 2.96486 2.23975 
6.86136 3.57818 -1.73998 2.40557 1.2127 
8.13066 7.55364 -0.619052 3.39649 2.17951 
7.43246 9.47634 -0.63623 3.89726 1.74961 
7.49338 8.29443 -1.64349 2.52163 3.13185 
5.47958 8.62521 0.433169 4.53173 3.8547 
8.06609 6.1143 0.194602 3.0866 1.48723 
7.33482 4.81067 0.124427 4.72517 1.18619 
6.89973 7.55605 -0.387039 5.6672 0.684224 
6.19229 4.02547 0.056123 6.07109 2.91684 
7.68747 5.76362 1.81865 4.50103 4.83555 
11.352 5.45178 -0.0295817 5.95352 6.09847 
11.1018 2.62895 -0.645495 6.45058 6.79962 
9.40911 3.32301 -0.932227 5.94 5.58353 
10.9012 0.460507 2.76447 6.57693 7.87637 
12.5805 -0.0446019 2.70864 7.03383 6.37663 
13.5253 -1.44559 1.11396 5.95546 3.29486 
13.6512 -0.462357 -0.397394 7.01651 0.984363 
13.4357 2.34379 1.40063 7.05172 3.13594 
14.9844 -0.838845 0.915436 7.33808 0.490776 
15.7944 -1.55587 -1.01787 5.35803 -0.913273 
16.0325 -1.03283 0.901166 6.60844 0.969133 
15.127 -0.69318 0.288162 6.7899 -1.54325 
16.3758 1.28162 1.2948 8.29441 -1.39753 
16.295 5.06159 1.93609 6.61221 -3.74248 
16.8387 2.12726 -0.67633 8.92559 -3.56841 
15.8971 -0.939396 -1.66336 8.09345 -6.57276 
13.0661 -1.30038 -0.409638 8.48892 -5.01826 
12.561 -2.441 3.75094 8.54468 -5.45935 
12.7912 -1.61069 5.0712 8.35983 -3.62103 
14.0408 -1.17898 4.58834 12.5064 -1.83951 
14.5144 -1.25526 4.23815 9.6656 -1.87714 
14.8872 -3.20533 3.49348 10.4916 -1.55856 
15.1004 -2.49492 2.65535 11.0025 -2.2018 
