0.208107 -1.01745 -0.442576 -1.35023 0.301945 1.96985 0.828096 -1.73782 -0.78884 1.1238 -0.0143463 -1.45912 -0.503182 0.388671 0.289993 -0.628029 1.58805 1.20099 0.300345 0.301373 
-1.38313 -0.703946 -0.825583 -1.6113 0.201975 -2.76107 -0.764493 -0.641473 -2.06475 -0.303234 -2.10638 -1.51102 -3.81968 1.14169 -4.09734 -0.0515385 -1.67855 0.869957 -1.11484 -3.08723 
-2.66982 0.620683 -1.79773 0.502152 -1.86149 -4.19069 -3.0408 -0.134914 -3.70611 -1.02169 -4.89331 -0.547737 -1.55674 -3.31211 -4.04516 -3.64157 -3.86627 -2.16726 -4.25295 -2.07946 
-2.79842 -0.953516 -1.08524 0.132732 0.529886 -2.98246 -0.772488 0.151678 -3.12717 -0.262637 -2.5835 -4.41246 -1.58994 -3.30034 -4.37208 -3.09644 -2.34666 0.294863 -3.7907 -1.63284 
-3.24657 0.606827 -1.79931 -3.73364 -3.80914 -2.40626 -1.06731 -1.31736 -6.04666 -0.0844387 -3.47529 -4.28667 -2.79728 -2.98092 -3.64947 -1.77918 -1.91939 -0.721978 -5.93509 -3.49404 
-0.725636 -0.746727 -3.1672 -3.92051 -1.56085 -1.89645 1.21704 -3.0677 -2.25833 0.00038636 -3.78575 -4.4365 -3.59128 -2.34274 -4.97763 -3.85892 -3.14483 0.297991 -2.02802 -1.68548 
-2.32445 -3.62936 -2.77646 -3.66215 -5.9511 -2.30847 -0.314066 -3.26561 -1.88347 -2.89802 -1.02369 -4.65434 -2.45596 -0.529235 -4.37128 -2.39781 -1.07396 0.657918 -2.06441 -2.47554 
-4.22877 -3.87957 -3.64519 -6.48487 -4.19402 -4.70895 1.5725 -2.86473 -1.3791 -0.343846 -2.62553 -3.09287 -6.72516 -4.11706 -7.23907 -1.64454 -1.96789 1.68174 -4.39598 -2.06701 
-4.01496 -5.44201 -4.10295 -3.60767 -4.37527 -3.56185 -0.342077 -0.206223 -4.75554 -1.77774 -5.42589 -3.14471 -5.50181 -4.91002 -8.81287 -2.93734 -4.28624 0.629344 -4.63629 0.128647 
-5.47626 -6.39874 -2.42729 -6.73458 -6.69232 -5.03463 -1.0582 -4.30481 -3.51106 -2.85434 -6.2919 -5.5336 -4.66876 -2.64492 -9.33413 -4.86143 -2.49959 -1.22723 -4.76545 -3.15805 
-2.61343 -6.37972 -5.35952 -4.93519 -8.06746 -4.1528 -1.14744 -3.33864 -6.31421 -1.7486 -5.55478 -2.20779 -5.63436 -5.8906 -6.43158 -4.56391 -1.92767 1.01637 -5.03053 -1.34202 
-4.78747 -7.08439 -5.04213 -3.87772 -5.97716 -1.84054 -2.77928 -3.95862 -5.69854 -4.21585 -2.53362 -3.62729 -4.09725 -6.599 -7.21523 -3.48196 -5.15087 1.32344 -3.61444 -3.50182 
-2.23145 -5.85144 -3.6874 -2.51077 -5.68699 0.436052 -1.34699 -2.52638 -6.56536 -1.69213 -2.49908 -1.53325 -6.60853 -3.6658 -6.71392 -3.48662 -3.40519 2.94824 -3.2397 -2.47481 
-3.64303 -5.4857 -2.74141 -2.84152 -5.83538 -0.967845 -1.30043 -1.59521 -6.6453 -2.73353 -3.47824 -2.4124 -5.20064 -1.78961 -8.18453 -4.62286 -3.63215 3.91663 -4.72814 -0.154253 
-5.99961 -5.00276 -4.78518 -2.87811 -6.15009 -3.98912 -1.13917 -1.02347 -5.63816 -2.73078 -2.86756 -0.643474 -5.26801 -2.49763 -7.39907 -4.79791 -5.16495 2.62564 -2.88956 -2.15748 
-5.41164 -4.51313 -3.64709 -2.19403 -5.67835 -3.9521 0.376015 -0.414033 -6.8124 -4.4875 -1.36112 -3.25133 -5.47718 -1.6789 -8.32576 -4.25523 -3.59117 2.52769 -3.52935 0.361272 
-5.57887 -4.29046 -3.70066 -0.956501 -7.84896 -4.07479 2.45106 -2.26676 -5.3461 -0.745104 -0.0495594 -0.461569 -4.31079 -1.66217 -8.42047 -0.454324 -5.45859 3.25945 -1.69539 -2.1349 
-5.41053 -2.60754 -4.02907 -1.9145 -2.84172 -4.16762 1.61506 -0.992751 -9.62868 -3.27251 -4.15857 -3.49398 -3.63698 -3.06404 -5.61022 -2.13193 -6.78621 2.8663 -2.98857 0.788188 
-5.93579 -3.36342 -6.22715 -2.73405 -3.48702 -4.97881 2.96767 -1.10893 -8.98362 -2.35761 -1.35657 -3.70418 -1.16735 -1.52286 -6.23028 0.648895 -6.32156 2.97472 -2.29948 1.795 
-2.5427 -3.33564 -4.1438 0.266083 -1.94997 -7.79557 1.43098 -3.09821 -4.94648 -0.0338471 -2.34278 -3.30887 -2.55563 -2.55137 -7.71154 -1.38653 -5.50732 3.23199 -2.1167 4.27129 
-3.33307 -5.0757 -4.51384 -2.89799 -5.42203 -5.8656 2.02715 -0.951246 -7.3928 0.536228 -1.03466 -1.73061 -2.59639 -0.269514 -5.17661 -1.15385 -5.03316 2.38238 -0.18011 0.364169 
-2.81888 -3.94126 -5.68499 -0.661384 -4.85751 -6.44077 -0.694225 0.0450363 -9.06487 -4.83453 -0.0454473 -3.31442 -3.48652 -4.20111 -6.93275 -5.30395 -6.76183 3.27267 -3.44353 0.373435 
-3.25758 -2.99113 -4.06348 -2.66466 -4.7715 -7.17963 -2.28305 -3.399 -8.42763 -0.997048 -0.74353 -5.57455 -2.80006 -3.61326 -4.9723 -2.02342 -8.67832 3.70613 0.801589 0.908495 
-2.72643 -1.91563 -3.393 -0.791526 -6.89775 -7.22536 -0.358742 -2.49619 -10.5042 -1.17228 -0.0989493 -4.14348 -4.55492 -3.63627 -5.98389 -5.12802 -8.10949 0.912959 -2.98076 0.497596 
-1.83217 -2.7371 -4.31856 -1.3195 -5.49169 -6.44284 -3.06893 -3.57637 -8.52197 -3.64587 0.181429 -3.92097 -2.09654 -4.67894 -7.90891 -4.53052 -8.23019 2.46713 -3.20749 -0.542142 
-2.13897 -2.45657 -6.08422 -2.24125 -6.07328 -5.61283 -1.10285 -2.73919 -7.87031 -2.22979 0.75146 -3.38252 -1.05141 -2.80625 -7.78157 -5.77375 -6.77163 0.350002 -4.76056 -1.23523 
-2.53388 -2.04553 -5.52563 -0.578737 -4.46356 -5.2648 -0.454906 -3.49989 -12.5951 -2.77671 -1.5423 -4.10273 -1.69349 -3.63657 -7.66138 -3.80563 -7.34003 1.25662 -4.38924 0.814551 
-0.612811 -4.42726 -6.82464 -2.92682 -6.12522 -6.21618 -1.13862 -5.50102 -11.109 -2.40584 -2.67708 -6.8775 -2.04228 -3.11814 -7.89465 -5.04255 -7.75125 2.79467 -4.78228 0.740538 
-4.44425 -2.71752 -5.98226 -2.04587 -6.20255 -5.74222 -4.45545 -4.80914 -10.999 -3.32367 -1.45096 -4.99895 -2.34997 -5.41569 -10.1166 -7.57685 -7.76949 -0.768217 -6.97594 1.0839 
-0.3679 -2.43221 -7.99891 -1.43018 -7.63998 -4.83399 -0.931027 -4.56527 -11.9866 -1.79143 -1.92974 -5.59953 -3.96791 -5.75503 -7.87379 -6.07444 -7.79258 0.0268136 -3.90048 0.951952 
-1.2188 -5.4521 -9.4183 -2.42056 -7.55867 -4.68673 -1.39681 -1.58991 -10.0874 -4.85204 -1.92496 -5.62546 -3.70457 -5.09404 -5.81542 -4.1453 -6.81695 -0.589472 -3.16439 0.919254 
-2.77305 -4.45063 -10.6217 -2.20322 -7.26885 -9.05434 -1.78874 -3.87729 -10.858 -3.00254 -1.67018 -7.29917 -4.92214 -5.73043 -6.71457 -4.52104 -8.07876 -2.38495 -5.28868 -0.164517 
-1.60881 -5.1916 -8.88166 -1.0122 -7.11866 -7.29143 -3.53261 -4.98827 -13.851 -4.25762 -0.24065 -5.94486 -3.79358 -5.91757 -6.63537 -4.61958 -6.48963 -1.10773 -4.33983 -1.75791 
-0.451688 -3.38258 -7.85563 -1.21837 -10.2696 -6.52873 0.0114138 -5.16071 -10.8203 -4.39018 1.6772 -3.86129 -4.50093 -5.13284 -6.18382 -3.67163 -7.30217 -0.455017 -2.85994 1.54034 
-1.78659 -3.8144 -9.46951 0.240409 -7.4088 -5.46342 -3.5941 -5.21157 -12.7107 -4.12905 -1.03597 -5.08057 -1.60127 -2.95535 -6.85222 -1.71029 -9.85231 -0.265149 -4.75923 1.54442 
-2.28443 -4.2488 -7.49106 0.672492 -8.47382 -7.00739 0.686457 -2.59685 -13.2169 -2.95415 2.71056 -5.85146 -4.22849 -2.07538 -6.61964 -1.73612 -6.3066 -1.60137 -2.72673 2.13401 
-0.961837 -2.60209 -7.82601 0.498404 -7.26949 -6.15314 -0.347338 -3.955 -11.8784 -3.05197 2.6714 -3.64518 -3.87994 0.549166 -6.87525 -1.57532 -6.31921 -1.15607 -1.42084 2.20706 
1.13674 -1.88797 -7.99861 -1.91966 -6.89196 -1.6967 1.8238 -1.50418 -10.3658 -1.36119 3.92474 -5.37343 0.0802884 -1.2992 -3.17923 0.752124 -4.76976 -1.24339 0.510092 4.75249 
0.929857 -4.16645 -6.49851 0.680176 -6.9143 -2.25652 1.08225 -0.0849763 -8.42422 -2.26653 3.86315 -1.71121 2.45034 -1.45396 -3.71785 -1.0888 -4.19247 -0.932324 0.033359 3.43008 
-2.45029 -4.53525 -9.06165 -3.39282 -7.20547 -2.27514 -2.18783 -0.677006 -10.0721 -3.03812 1.35504 -3.78249 -0.927394 -1.59874 -6.8903 -0.714007 -3.50159 -1.66059 1.37464 2.83949 
-0.485801 -1.25535 -9.12584 -3.06184 -5.2658 -2.31702 -0.714894 -0.202274 -12.348 -1.77561 1.26467 -3.48033 -1.36728 -2.25416 -5.71162 -0.76107 -5.37775 -1.26161 -0.55853 2.54558 
0.90619 -2.76581 -5.96716 -0.259657 -5.72773 -1.79974 2.49883 1.48244 -9.30248 -1.28209 2.32487 -1.61474 -1.0719 0.391287 -8.0687 -0.178749 -3.17941 1.50938 0.0433116 4.30925 
2.2637 0.840282 -5.74605 2.3575 -5.12261 -0.290211 2.92045 2.44742 -6.33741 1.08586 2.93212 -0.330055 1.24426 0.904884 -5.35674 1.50571 -3.28007 3.86222 2.46428 6.48347 
2.93825 -1.26593 -5.94489 -1.97504 -7.27881 -2.28063 0.760959 -1.70345 -9.63725 -0.80881 2.83013 -1.82019 0.580479 -1.34272 -7.27756 -1.25004 -2.07773 2.80306 -1.09211 5.46073 
0.705996 -1.8793 -4.49057 -2.31722 -6.12797 -1.45755 -1.548 -0.682479 -8.47331 0.56944 2.30928 -0.562754 1.75609 0.0410743 -8.14168 -0.801184 -5.52842 -0.429823 3.19033 4.64359 
-2.06283 -1.32565 -6.7997 -2.82755 -9.79076 -1.99308 -0.615219 -0.55199 -11.3974 -3.83505 2.09758 -2.88606 -1.28443 -3.0787 -7.70823 0.691325 -5.2827 0.155544 0.580903 5.37685 
-1.25031 0.925897 -6.58001 -4.92612 -8.41892 -1.92012 -3.18634 -3.16183 -11.8447 -2.98527 1.86454 -1.87267 0.467124 -4.94239 -7.81732 0.640165 -5.54841 0.0998943 -3.50147 4.8576 
-0.529445 -2.11493 -9.03057 -6.56469 -9.53232 -1.87249 -8.02205 -2.79424 -13.4909 -3.26386 0.605734 -2.25435 0.238737 -3.84477 -10.5293 -0.0435288 -7.83102 -2.85685 -0.740689 2.63164 
-1.44417 -1.71832 -8.13939 -4.17322 -8.30618 -2.39552 -5.0082 -2.69318 -11.3062 -3.9365 -0.337775 1.0949 0.684255 -3.87415 -8.11165 0.0915238 -6.7069 -2.82373 -1.69371 3.35576 
-1.89924 0.4276 -5.58834 -3.46691 -7.25479 -2.60221 -4.09666 -1.63339 -10.7338 -2.31865 -0.901607 1.71033 3.00887 -2.06311 -9.72995 2.44572 -3.1582 -2.26723 -0.183747 8.59086 
