-0.348095 -2.02336 1.04892 -0.0214388 0.848966 1.03687 -0.651031 -1.37657 1.07378 -1.12883 -0.525413 0.306854 1.04141 0.272834 1.71404 -1.86225 -1.12666 -1.05924 0.644255 -0.675854 0.517218 -1.61412 -0.643236 0.208572 1.06415 -0.742442 -0.1027 1.74876 0.128988 -0.826807 -1.44095 1.59142 -1.39061 -0.671848 1.67511 1.56033 -0.0942544 0.360603 -0.160966 -1.42052 -0.340955 0.319471 1.6486 0.902067 -0.486082 0.484086 1.10849 0.200045 0.181878 2.73109 
-0.24592 -2.49982 1.46139 0.830092 -1.81294 -0.323457 -0.942303 -0.626649 0.682676 -4.00764 -0.359499 -3.44064 -1.18992 -0.325077 0.408382 -1.91392 -0.673192 0.745363 -2.54822 0.816755 0.308156 -0.95285 -2.08746 -1.02659 0.422387 -1.76801 -0.719731 -0.126134 1.29178 -0.0992225 -2.08972 1.46752 -0.354297 -0.423663 1.22855 0.331922 -0.403204 -1.94751 1.46582 -1.3465 -0.255649 1.02088 -0.102589 -0.818236 -0.611707 -1.29276 -0.381121 -1.67892 -2.19568 -0.22269 
-1.83424 0.0635714 1.36471 0.401746 -0.936838 -4.03331 0.629605 -0.639266 1.32076 -1.59552 0.374175 -3.78165 -1.12256 -2.49885 1.95009 0.626643 2.41283 -0.0184411 0.258841 -1.14819 0.125773 -2.9154 -0.222346 0.488339 -0.056716 -0.604891 -0.306464 0.550078 0.561221 -0.953684 -1.7658 -0.507619 -1.11574 -1.43772 -0.412267 0.469304 -0.653389 -0.0692545 2.16657 -1.27753 -1.01598 2.07827 1.88562 -0.503919 1.70305 -0.967043 -1.20782 -0.0189618 0.231383 -1.51535 
-1.23145 -2.772 -0.444556 -1.89877 -1.25438 -2.59502 0.156156 -4.62245 -1.49546 -4.61 1.33977 -4.02694 -0.678699 -1.65976 -0.288897 -0.185075 0.0257386 -1.83376 -0.876427 -2.32547 -1.52134 -1.28158 -0.754413 -1.3636 -0.442504 -0.620002 -2.44412 -3.38318 -0.614061 0.310197 -2.46228 0.790034 -2.13054 0.909621 -0.95377 -0.228174 -2.82158 -0.686251 -0.754097 -1.38413 -1.88487 1.65537 0.393405 -1.83212 -0.0576795 -1.82837 -2.76631 -2.81203 -0.951133 -2.62428 
0.036189 -3.63389 0.312629 -2.31448 -2.63694 -1.89456 -2.84141 -3.0456 -0.316534 -5.03395 -4.62469 -3.35847 0.160745 -5.18002 -0.0873675 -1.82419 -1.40482 -1.39105 0.701848 -2.14694 -2.14954 -1.65562 -2.02455 -3.7495 -2.19535 -3.19491 -4.48908 -1.63529 -1.0305 -1.62699 -3.238 0.161532 -2.72863 0.0698106 -1.60667 0.563684 -3.21716 -3.45612 2.10534 -4.07525 -1.6137 -2.06957 -0.323596 -2.28886 -0.440507 -2.30385 -3.17323 -3.05919 -4.14335 -1.79852 
1.91877 -3.29661 0.42894 -2.4359 -1.7658 -1.70034 -2.11387 -1.95866 0.891955 -4.70918 -5.25624 -1.03944 -1.22575 -2.7627 -0.352378 -0.590222 0.232885 0.906117 1.68451 -2.94759 -2.38926 -2.84387 -0.432356 -2.14468 -0.857543 -0.577462 -1.04468 -3.05753 0.473114 -0.257137 -2.23851 -0.937839 -1.71932 -0.0287799 -0.838386 2.63027 -3.13498 -2.14275 0.441452 -4.03237 -2.47522 1.11972 1.27408 -1.6582 -0.991235 -1.01005 -2.97773 -3.21308 -0.570789 -0.807503 
1.95741 -2.35378 3.39458 0.0527328 -0.832243 -1.3038 0.618582 0.217752 -0.0464698 -2.72255 -0.827126 -2.39289 -0.853126 -2.73738 0.569349 -0.426286 3.14664 1.41003 1.3297 -1.42364 1.95132 -3.07586 -1.9585 -1.08068 1.48907 0.460522 -0.375442 0.460968 1.902 0.347621 -0.780433 -0.191633 -1.78555 2.10443 0.41662 5.53507 0.248586 1.35154 0.1101 -0.146231 1.59215 3.15685 2.93718 0.020392 -0.0096612 1.27628 -1.45383 -1.51772 -1.04529 -0.513432 
2.65116 -2.58647 5.13087 -3.28525 -1.89161 -1.45666 -0.460429 -0.293136 -3.38888 -4.80025 -2.68185 -3.75854 -0.438146 -2.3637 -1.26726 -1.59493 2.07414 1.32177 0.0266858 -1.31635 -0.868186 -3.83892 -2.83643 -4.16211 0.572199 -0.704547 -0.0980585 -1.18708 -0.434869 0.15265 -1.8239 0.594401 -2.01824 -1.33681 0.0535116 2.23857 -3.43946 -0.281036 -0.0685228 0.466202 -0.587608 1.11886 0.677185 -0.641428 -2.38071 -0.366124 -1.05716 -2.62899 -1.86412 -1.54728 
0.838276 -3.15991 1.8726 -1.71915 0.743301 -3.60312 -0.146863 1.38666 -5.31126 -3.58062 -4.77907 -2.29146 -1.01829 2.13969 -3.64271 1.28402 -0.540727 1.26753 -1.82579 -1.14344 0.461249 -2.44478 -2.9338 -6.22924 0.23486 -0.453836 -0.199674 -1.43288 0.577082 -1.39922 -2.28613 1.78216 -2.87671 1.32613 1.04528 1.85132 -1.94457 0.796927 1.11137 -2.98636 -0.338616 0.0117944 2.72745 -0.328988 -1.49707 -0.586168 0.439685 -4.08608 -3.75013 -2.09632 
0.491315 -3.7561 2.35183 -2.36059 0.439331 -5.33317 -1.74659 0.0552512 -2.74785 -3.43547 -3.70159 -1.647 -0.72246 0.109802 -1.19305 -1.63688 0.971101 -1.11096 -0.962585 -4.63417 4.82857 -2.00223 -3.12164 -1.74883 1.14182 -0.730651 1.61745 -4.48293 2.41078 -1.71823 -2.20102 -0.503909 -0.58908 -0.191866 0.873684 1.97053 -2.70335 -0.447693 -2.9521 -3.37843 -0.813632 4.15209 3.20289 2.0788 -0.382083 0.112651 -2.10394 -2.91317 -1.12911 -2.47056 
5.46183 -4.4733 3.16555 -3.02207 0.366693 -5.61419 0.698415 1.71635 -0.860184 -3.02701 -4.98055 1.17613 -1.0999 -0.773106 -0.00569623 0.57442 1.66856 1.14031 -1.64552 -0.897635 3.2856 -1.86919 -3.20273 -3.85207 1.75598 0.128739 -0.742479 1.33808 0.0708455 1.70743 -0.0964289 4.33777 1.20821 0.942989 0.0127682 3.57356 -1.6115 2.95081 0.687476 -5.20184 -1.11158 4.33747 5.86306 -0.102092 -1.32724 -0.0148426 -3.31485 0.310646 -1.13151 -2.02881 
4.37044 -4.73036 2.27299 -2.06606 3.07719 -4.60895 -1.73606 2.70447 -0.151177 -3.4153 -3.11808 -3.02083 0.322705 0.589164 2.9807 0.513297 1.2214 2.02235 -3.62849 -3.01022 4.26471 -2.97057 -3.58715 -3.53948 2.22435 -1.07232 -1.01186 -1.3193 -0.440448 -0.69606 0.00420031 1.65505 1.07418 -1.32916 2.99044 -0.0779236 -0.0409704 2.04141 0.765694 -4.9197 -0.0193028 1.61879 4.12856 1.05053 -1.15463 -0.884606 -1.36744 -0.431177 -1.07026 -1.05588 
4.99268 -3.21665 4.34261 -1.27668 1.61588 -4.68286 2.87347 2.69372 0.919513 -1.93469 -3.7105 -0.857357 0.578542 0.523375 -0.207978 0.623961 1.44733 2.92481 -2.06846 -3.39573 3.81154 -3.94719 -3.43003 -4.21386 3.19143 1.08589 2.22063 -0.0363767 3.03244 -1.71817 0.647244 2.66474 0.0769684 0.719749 1.19095 4.21681 0.272753 3.02988 -0.507059 -3.56721 -0.211502 3.67726 3.08228 0.0219482 1.37369 0.962452 -0.930298 1.37871 -0.522735 -1.51208 
3.06174 -4.90857 3.11845 -0.675665 2.72595 -3.46922 1.87959 1.73077 -0.485503 -1.55681 -1.32218 -1.96085 0.530874 -0.0660963 0.215273 0.0451533 2.93006 4.76098 -1.42206 -4.9887 3.75619 -2.7332 -3.02677 -4.54905 2.56452 -0.324546 1.444 -0.230342 1.85558 -0.104384 -0.625357 3.27069 1.39729 1.12986 2.05882 4.184 0.438001 1.44688 -0.55207 -2.69512 1.11154 5.70619 2.23577 0.233337 0.908071 -0.466124 -1.20872 1.33563 -1.75138 -4.03027 
4.04536 -1.6355 4.85872 -2.17581 6.1106 -1.45987 0.871353 3.41008 0.864227 1.78559 -3.22167 1.02936 1.42534 1.17923 1.97198 0.0607579 4.7976 4.30442 -1.10874 -3.18884 4.82456 -3.21018 -2.94287 -2.90027 5.16116 0.0518724 1.78011 -2.37965 2.82985 -0.579152 1.91784 2.31743 0.506968 2.47269 1.88784 1.54828 -0.139254 3.12179 0.629963 -1.58076 1.02053 1.63741 4.95764 2.27269 -0.679364 -0.510208 0.908932 -0.0226917 0.747542 -2.80873 
1.90501 -6.49195 1.43231 -3.25257 2.81861 -4.79438 0.631687 2.16714 -1.68737 -1.74422 -2.08978 -1.89734 0.0931631 3.71907 -0.220325 -1.31781 3.09211 3.38418 0.253692 -2.95554 4.12504 -7.00682 -1.78287 -6.51209 0.672736 -0.363926 0.419116 -4.55484 0.387905 -1.54596 -2.22767 1.55081 0.0698549 1.22633 1.41064 2.45958 -0.585963 -2.19774 0.933763 -3.30232 -1.97044 2.33922 5.62951 0.456408 -2.17011 -2.44204 1.01185 -0.289988 -2.60139 -0.152511 
0.426549 -6.42197 1.25612 -2.13865 3.69879 -3.99519 1.54062 1.20815 -1.69384 -0.711767 -5.17362 -1.76023 -0.373452 1.62717 -0.56685 -3.29196 3.79418 5.12777 -3.21278 -5.44747 3.76155 -6.52486 -1.16819 -5.65588 1.4195 -1.65306 -1.10572 -4.00486 0.0917646 -3.95626 -0.675097 1.2269 1.97338 1.60925 -1.29902 0.466662 -2.72967 0.743223 -1.93702 -3.92942 -3.12836 1.41924 1.8712 1.13703 -5.1394 -3.54116 -2.05784 -1.55773 -3.08138 -3.48374 
1.17859 -6.19774 0.474004 -4.08614 4.71842 -5.75189 -1.40664 0.351727 -1.17628 -2.61681 -3.77262 -2.59712 -1.05583 0.383607 -3.03971 -2.64433 2.31194 1.35284 -6.11572 -6.08628 0.507931 -4.04069 -3.01011 -7.17486 -1.21027 -0.363995 -0.830483 -4.94818 0.822973 -3.57731 -1.97098 1.47556 -1.3001 1.67776 -0.260582 -0.0224867 -2.4434 1.63423 0.49574 -3.91471 -2.13814 1.05616 4.99394 -1.06027 -4.81281 -4.54557 -0.297705 -1.60269 -1.94186 -1.223 
0.579238 -5.18039 0.395562 -3.45206 4.76526 -3.57467 0.920013 1.38219 -2.21577 0.799906 -4.25513 1.11446 -0.965459 -0.696913 -0.778053 -2.9727 3.31541 2.97649 -3.26649 -4.0136 2.21268 -5.01503 -1.31326 -6.65757 -0.946453 1.05638 -1.21823 -4.85312 0.797925 -5.90294 -2.83042 -2.96801 -1.50119 0.407911 -0.816667 2.40614 -1.25539 3.40036 3.84677 -2.43235 -4.04308 2.2841 5.46686 0.548409 -5.99404 -5.81727 0.644827 0.475787 -2.13965 -2.13157 
0.527895 -5.92893 0.393129 -1.88203 3.55053 -5.21046 0.0313126 -0.492016 -2.37474 -4.6938 -4.57793 -1.0637 0.926254 -2.13129 -0.147496 -2.15645 4.05479 1.44043 -4.45408 -3.84565 2.51496 -5.9034 0.448637 -5.95822 -0.997436 3.22122 -0.528953 -4.24727 2.0927 -4.67358 -2.87019 -1.00839 -0.520867 0.740729 1.13116 4.69391 -1.93075 0.147434 1.58775 -3.21903 -3.9791 0.791998 6.91137 2.4999 -7.27378 -5.69989 -0.112055 -0.546936 -2.28506 -2.56729 
1.61096 -7.0456 1.40531 -3.70112 4.32188 -4.96855 3.41459 1.66152 -3.69891 -1.43814 -3.26761 1.41421 -1.46961 -0.0486308 -1.10801 -0.78337 1.85594 3.51354 -4.37967 -2.79174 3.93106 -2.6148 1.42209 -7.76398 0.170983 2.30922 -1.30506 -2.94946 3.35257 -5.47745 -0.526281 -1.35394 -2.11587 -0.215518 0.700857 5.3431 -0.0506539 0.231277 -0.858555 -2.65679 -3.05692 -0.852945 9.11726 1.74732 -5.58788 -4.82314 -0.881453 0.380631 -0.314349 -1.69192 
-0.542496 -6.08249 3.93029 -2.85662 2.31258 -4.55918 0.601832 0.181294 -2.95224 -2.85828 -3.27587 1.85064 1.4943 3.42689 0.801886 -1.89183 1.85532 1.61574 -3.33449 -2.95663 2.25663 -1.04308 2.17745 -6.72303 -0.267056 1.24521 -0.316767 -1.52152 3.56674 -6.30611 -1.11681 -1.08954 -0.298304 0.205859 0.632982 3.25582 -0.581127 1.169 -0.865778 -2.08109 -1.85449 0.564252 6.43144 4.80134 -7.73699 -4.44372 0.599814 0.174792 -3.20558 -2.97439 
1.98565 -6.4495 1.54627 -3.8463 1.90975 -6.36758 4.01067 1.43904 -0.394845 -3.02034 -3.10106 1.80818 -2.05115 0.0735518 2.05677 -3.48551 2.28891 2.15092 -1.15473 -3.43157 4.66649 -2.65079 1.97692 -7.85155 2.55385 1.73212 -2.45347 -3.73002 1.16809 -6.32784 -1.19903 -2.35135 -0.0515963 1.48801 0.0626753 5.21761 0.616271 1.82279 -0.422638 -6.52449 -1.65523 0.395193 5.86237 1.87879 -8.56751 -5.41388 -3.20728 1.24057 -3.91084 -1.69753 
2.09699 -5.89603 1.02912 -2.72702 4.41601 -4.36892 3.02663 2.12077 -3.73649 -5.16829 -1.47315 0.993726 -0.39229 1.89508 2.27634 -3.07153 4.73081 5.92145 -2.93245 -3.48817 5.62312 -2.26158 2.49539 -8.10633 3.80413 2.40917 1.86787 -1.30834 1.04653 -3.50053 0.442907 -1.06259 -2.4878 2.47643 2.11896 2.83853 -0.351417 1.19738 1.7458 -5.68614 0.620199 -0.954364 3.13099 3.30163 -6.18426 -4.6563 -0.624855 2.10017 -2.42159 -1.9498 
1.45972 -6.93631 0.452839 -4.12812 5.09689 -5.23503 3.60805 1.42036 -3.06965 -2.80623 -1.51934 1.16746 -2.31405 0.958825 2.66296 -1.32939 3.52264 6.51233 -4.81072 -3.23348 5.88804 -3.21807 5.12799 -9.07464 1.77017 3.44485 -1.05154 -3.58676 1.62194 -4.91183 -1.6073 -2.77392 -1.91491 2.63133 1.64963 2.51877 -1.29838 1.17253 -0.0296156 -3.96866 -0.379421 2.43497 4.98589 1.55832 -5.29314 -7.34374 -0.876748 -2.85297 -4.29056 -2.16944 
-1.01825 -7.3701 1.44869 -4.56711 5.09569 -4.28977 2.29922 1.60596 -6.38464 -5.0181 -5.24171 0.545963 0.794223 0.645393 1.50651 -0.839435 4.10106 5.55917 -3.78757 -0.163736 4.87684 -2.84994 3.18731 -6.96721 3.6761 2.17556 -3.52301 -4.15961 -2.27796 -4.8083 -1.86481 -1.65801 -3.39486 3.69086 2.06541 1.18054 1.44221 -0.693091 0.774415 -4.83567 -1.52614 0.413407 4.43722 1.86068 -5.57354 -8.63614 -1.40151 0.850036 -4.85705 -3.10972 
1.66702 -7.3874 1.81473 -5.26803 6.46785 -0.256072 1.18174 4.94163 -4.66989 -1.31051 -2.64433 4.32301 1.75269 3.79026 2.30037 -0.790712 3.25046 8.03827 -4.5284 -1.20763 7.6735 -0.46352 6.52093 -6.0247 4.06735 4.26902 1.56926 -1.75252 1.29348 -3.25085 -1.14047 -0.270918 -3.45562 3.53321 2.60109 2.35273 0.500255 -0.98118 0.865337 -1.79848 -0.466571 1.30415 5.72977 2.35718 -7.19952 -5.75052 -1.92949 1.15982 -4.08224 -2.34705 
2.58127 -6.20215 5.62868 -0.430258 8.63062 -2.24098 2.81172 4.63447 -3.90943 -1.50214 -1.18123 5.15211 2.08931 2.01161 4.40321 -0.114674 6.97453 9.49622 -3.90258 0.0859775 8.39017 -2.68657 6.85447 -3.42568 4.91505 4.4922 1.2888 -1.6915 1.42039 0.808233 -1.64917 1.35855 0.365952 4.63431 2.64346 5.6327 1.38365 2.76862 3.24584 0.143624 -0.0422243 3.62276 6.32005 2.31819 -6.56237 -5.66045 -0.519743 1.59452 -3.77178 -1.44826 
0.852825 -4.92897 3.34521 -3.17763 6.33365 -1.77865 0.0934645 2.1731 -6.00025 -1.99375 -1.80949 4.58117 2.12151 2.05125 1.80778 -0.200127 3.54299 9.7867 -4.53733 -1.32326 6.19023 -5.1057 7.34128 -5.87653 1.41813 1.16246 -2.77772 -0.933133 0.116166 -0.434551 -2.2092 -1.1966 -4.77552 2.26154 1.22812 0.228321 0.660996 3.415 2.99691 -1.05834 -0.594507 1.43377 3.94341 1.15243 -8.53473 -5.52285 -2.556 2.43198 -0.206817 -3.29173 
-1.46504 -8.19023 2.81139 -3.52935 9.09799 -3.48634 2.33816 3.67264 -6.97486 -1.50371 -2.14457 4.17573 1.78521 4.23464 -0.147266 -1.91897 3.85063 9.83777 -5.68327 -0.47706 6.43845 -5.87954 5.88698 -7.95182 1.78824 5.15641 -1.78573 -2.12289 1.70717 -0.672604 -1.73716 -2.09572 -1.71996 3.83519 1.8148 2.97062 -0.889442 -0.0470594 4.7287 -1.18278 -1.21058 3.83793 2.59278 1.90117 -9.67449 -3.04826 -1.09081 -1.50204 -2.8798 -4.77917 
-0.495484 -5.74578 3.66379 -5.07811 9.26115 -3.47125 2.41503 4.36109 -6.5365 -1.11228 -3.62426 5.4297 0.993555 4.51058 1.12104 -0.0329631 4.07943 9.59361 -3.66491 0.38148 8.94543 -4.76732 8.38884 -6.36266 2.13886 4.13773 0.60314 -2.52105 2.79724 -1.56254 1.16567 -1.0145 -1.02995 3.50185 1.34649 2.69496 1.3652 -1.0629 6.17964 -1.94482 0.930486 4.87776 3.18805 6.28653 -7.86706 -2.31723 0.494503 0.616397 -4.30469 -1.2329 
0.530096 -4.36517 6.546 -1.83838 10.8748 -1.95795 4.68109 7.9501 -5.75863 1.69792 -4.1227 5.57551 4.0641 7.28663 0.322222 0.37755 3.62222 12.5639 -4.01268 2.02291 9.50215 -5.45614 9.08471 -6.70488 1.35788 2.32571 1.1403 -0.586246 3.65421 -0.463787 0.78549 0.128804 0.969587 4.01786 2.22603 4.51062 1.13116 1.81607 5.66731 -0.486773 1.02802 4.31572 3.90685 4.18261 -5.29493 -2.76689 2.20775 1.06676 -1.80806 0.646616 
2.06552 -6.86562 3.86993 -1.74621 9.0125 -2.94595 3.87894 4.87269 -5.10364 1.31494 -0.816645 6.0315 1.81577 7.63362 3.24944 -0.601134 4.87798 13.3656 -4.30743 -0.414248 7.81848 0.0599457 8.00052 -7.50801 3.96888 6.4534 1.84072 -1.27606 4.01597 -1.80793 -0.291884 -1.35805 1.49629 5.79131 2.47817 2.15246 1.32602 0.428205 3.58523 -2.15412 2.05394 3.98809 5.57229 4.60074 -5.89021 -4.46003 0.104615 -0.879644 -0.475375 -2.02817 
-1.573 -5.73383 3.22593 -0.531835 8.38327 -2.19159 4.74532 5.59857 -5.55005 -0.198992 -2.53148 6.18856 1.54382 4.20383 2.72765 -1.94213 5.7593 12.3171 -2.84284 -1.85191 8.58596 0.222426 10.2937 -5.30458 2.81645 6.61865 3.63263 -3.42111 7.26491 -2.38524 -2.23782 -1.545 0.598571 3.38808 3.35244 4.75268 1.24301 2.4616 5.98763 0.0549919 4.0886 4.65264 7.19689 5.01979 -5.02136 -2.50232 -1.46781 2.24063 -1.24531 0.771539 
2.9422 -6.60724 4.40824 -1.53378 9.8367 -0.0191553 5.26277 3.79201 -4.9743 0.490219 1.20201 5.81206 1.40518 5.9737 5.10645 -2.0705 8.02345 13.8491 -1.20613 -0.316997 8.02137 0.715964 12.0304 -4.65299 3.84049 7.09436 2.58693 -3.21197 5.03196 -0.724265 -0.096689 -0.245488 1.15665 5.50483 2.31683 4.13359 2.80687 0.366495 4.34193 -1.595 1.90584 3.86312 8.4623 5.23744 -6.45163 -2.50732 -1.07371 0.451956 -0.758448 -1.25479 
0.770624 -3.63316 3.54632 0.257438 8.23099 -4.08396 5.58072 1.84968 -4.67364 0.709407 1.4595 8.03856 3.23266 6.5811 4.65161 -1.38661 6.03357 12.327 -1.58792 0.155334 8.13261 -1.20724 9.34485 -3.47911 5.19067 5.24054 0.715437 -2.62284 4.37944 -0.63994 -0.409459 -0.174506 0.305512 4.42741 2.53137 0.824983 1.91644 0.765279 1.74653 -2.76888 1.80306 4.84801 7.10852 5.37651 -6.03265 -1.25611 0.273633 0.4593 -0.922333 -2.17897 
-1.22689 -7.05476 1.90866 -3.25338 5.7402 -6.60136 4.85237 -0.461729 -7.11074 0.774899 -0.710303 5.30781 2.53851 4.26184 -0.169564 -3.46692 4.34658 8.41776 -4.38122 -2.19348 7.10743 -1.11796 10.7401 -4.45375 4.95342 4.56378 0.653643 -2.49271 1.96029 -1.80789 -4.7181 -2.28866 -1.61085 3.02291 -0.245492 1.52131 0.883831 -1.86972 3.01097 -3.12231 0.779957 1.72028 5.19621 2.76022 -8.08915 -1.2986 -1.40768 1.34911 -0.951684 -4.75838 
0.00368892 -9.60053 1.80063 -3.42114 7.41909 -8.60771 5.31182 -0.694177 -7.78921 0.960298 0.177991 4.73864 3.59682 5.87386 1.51234 -1.82732 4.8112 11.6415 -4.70347 -1.91414 9.34942 -1.5583 10.378 -3.60333 2.24765 2.92812 1.13535 -2.17079 4.20467 -2.90284 -3.32377 -3.21399 -0.785104 5.27537 0.823312 2.46438 2.09654 -1.56999 1.76464 -1.98531 2.03513 4.05155 5.56208 3.61038 -7.99881 -1.12717 0.700184 -0.708114 -1.0217 -5.76786 
1.53184 -7.78227 -0.325055 -4.22606 8.55689 -8.506 2.54185 1.21232 -5.68645 2.11787 -2.03277 4.69496 1.49464 1.32913 2.71478 -1.50282 4.08099 9.77372 -4.31733 -2.80821 9.66416 -3.45916 10.6677 -3.41829 1.46297 -0.23107 -1.34661 -2.66496 1.3125 -4.59707 -0.552476 -2.36557 -1.57188 5.66794 -0.0539272 0.453775 1.05841 -0.86364 2.20892 -0.427298 -0.635765 3.43747 5.27346 2.39571 -7.53152 -5.14686 -1.69229 -2.67902 0.727743 -2.51145 
-2.12675 -7.15556 -2.20116 -3.24511 4.26502 -8.16381 4.00569 -0.0818089 -7.76534 0.285701 -1.67372 1.24506 -0.347369 3.4208 2.84358 -1.29226 5.68871 8.76188 -3.97638 -6.10953 8.20114 -3.62355 5.55342 -5.50341 0.351117 0.928299 -1.18703 -4.37686 -0.07717 -3.2786 -2.95509 -5.68697 -2.2565 0.260433 0.15483 1.71042 -1.2911 -2.97648 1.00962 -1.66894 -1.90465 1.80958 1.42662 0.476623 -7.29913 -3.92875 -4.8281 -2.96165 -3.39387 -5.56081 
-0.966873 -9.53568 -3.40999 -3.28388 5.93514 -7.01799 2.44231 -0.424005 -5.30786 0.378924 -2.15916 5.34923 -0.773741 5.15407 2.55293 -2.47777 3.71005 9.53791 -4.52836 -6.64575 8.78634 -4.09725 7.67894 -5.63528 4.0463 4.30266 -0.93389 -3.97305 1.66054 -1.33282 -3.51718 -3.9563 -2.18113 0.666616 2.38991 1.73051 2.54934 -0.47787 4.28418 -1.1198 2.914 2.58863 4.91868 1.10826 -8.21297 -4.87619 -4.86685 -2.15533 -2.20348 -4.11448 
-0.902001 -7.42652 -2.69108 -3.53104 3.76883 -8.21128 4.06364 -1.11914 -2.75817 0.431137 -2.20413 3.38625 -0.184801 5.62201 2.28628 -0.110423 5.87941 8.86729 -3.07867 -3.19908 10.8346 -3.32306 10.4953 -4.94099 2.86334 2.24831 1.756 -2.71898 1.8257 -2.81769 -3.20857 -2.90624 -2.54405 2.60597 0.448872 4.33493 1.14415 -1.63811 5.17278 -0.890051 2.49489 4.7748 3.1451 1.80778 -7.29046 -0.590911 -4.05975 -1.66601 -0.458497 -1.79798 
-0.585632 -4.29809 -2.87136 -1.859 8.77202 -3.85107 0.98706 -1.39545 -3.03077 2.34768 -1.14374 6.68793 -1.45269 4.00511 2.75257 0.39523 4.63433 7.46303 -3.94601 -2.61604 11.4307 -3.24121 10.1739 -4.90377 2.112 6.36733 -1.12565 -4.60397 1.54423 -1.51372 0.691463 -2.33682 -2.10911 -1.07519 1.38223 3.02046 -0.209166 0.121751 5.33468 -3.79409 0.232729 3.36018 3.35734 1.22575 -7.21207 -0.510264 -3.45345 -1.78475 4.27607 -0.980888 
0.178674 -7.73095 -2.6162 -1.90367 5.45504 -4.84901 2.45221 -1.33907 -3.37389 -0.451044 -1.50264 7.58514 0.272677 4.92041 1.85743 0.476051 4.1822 9.32639 -3.77064 -3.10553 11.9846 -0.212504 9.71593 -6.02486 3.70865 4.29175 -1.09009 -2.37729 1.7355 -1.79115 -2.78718 -4.40493 -3.07598 0.0626971 4.1254 2.1754 0.425237 -0.946723 4.37866 -4.70766 -0.8721 6.32455 3.79496 -0.811271 -6.93054 0.619738 -3.48218 -1.32783 0.983494 -1.31767 
-3.06125 -8.00485 -3.39044 -4.65502 4.16605 -4.92261 2.71757 -2.18418 -4.24596 -3.02173 -1.00947 3.43517 -1.74314 2.12535 2.11961 -2.05323 3.17116 8.46858 -5.48855 -3.8593 10.3734 -0.405 8.11311 -2.85335 1.55272 2.80538 -0.0874393 -7.77622 0.991591 0.795398 -4.70295 -5.94869 1.1482 0.818851 0.65089 0.966968 -1.9114 -4.02478 4.19254 -5.51991 -2.51845 2.67146 1.44 0.4978 -11.5287 -2.61465 -4.58701 -3.41404 1.47797 0.357948 
-4.26215 -5.51422 -2.44346 -4.8593 2.22045 -7.13297 2.67946 0.186158 -4.56231 -2.57503 -0.689459 3.55505 -1.78461 2.77645 0.715473 -1.65138 3.20953 5.42532 -5.49805 -3.92368 9.14687 -1.85132 6.1798 -5.39179 -1.81649 2.61863 -1.22232 -4.90555 -1.36697 -0.309754 -4.45006 -8.0823 -4.58129 -1.14711 -0.138673 -1.39056 -2.23266 -4.45901 3.54934 -7.05953 -2.38069 2.12595 1.85115 3.92973 -9.8865 -2.51652 -5.71279 -3.84214 0.166165 0.993939 
-6.48483 -7.91227 -3.04765 -6.37924 2.22594 -8.20725 2.89738 -1.37552 -5.6982 -4.89772 -2.61572 4.40713 -1.84136 0.0930717 1.18114 -2.82939 3.908 4.68658 -6.65407 -5.42114 8.40117 -4.45315 5.72917 -6.34225 -2.40527 1.59926 -2.72453 -5.77797 -0.126494 -2.41452 -5.36114 -7.13728 -4.08187 -1.18021 -0.375851 -3.24477 -4.44112 -3.8616 3.8091 -7.00979 -2.20779 3.30147 1.36298 -0.37764 -10.8304 -3.01741 -6.18668 -3.89707 -0.411321 -1.62483 
-7.08683 -7.52014 -5.72645 -7.17229 0.969767 -7.23553 2.9698 -3.87993 -4.48639 -3.27819 -6.67986 3.19052 -2.77344 2.03812 0.632143 -5.75819 3.24607 4.09122 -4.71145 -7.55949 6.8438 -4.68036 5.29751 -5.59727 -2.84605 0.956523 -3.32858 -2.92959 -2.36315 -2.18344 -5.82689 -10.781 -4.40916 -2.2411 -1.73357 -2.55678 -3.2052 -4.8329 1.36715 -7.74263 -5.19793 0.0458936 0.118546 0.467309 -7.93202 -2.12063 -7.91192 -2.2601 0.873293 -2.59428 
-5.7743 -8.18843 -7.17839 -8.95013 3.30104 -6.35125 0.251082 -4.22599 -6.76354 -4.99012 -2.90412 1.52868 -5.49185 3.08647 -2.13749 -2.40991 0.308874 6.18302 -6.39825 -8.89975 8.11992 -6.02732 4.77793 -7.8204 -2.50207 1.0298 -2.74323 -0.659173 -1.88617 1.4261 -8.49063 -10.0473 -3.12697 -1.11714 -2.98027 -2.69158 -3.37819 -5.69033 1.47459 -7.17449 -7.66632 2.05996 -2.79905 -1.4918 -10.6891 -2.33216 -8.78909 -3.55846 1.01432 -1.29339 
-4.16582 -6.86862 -8.90766 -5.78828 2.30879 -10.5852 -0.718163 -3.52547 -5.56624 -4.30004 -2.46677 1.60093 -4.09954 2.4894 1.42035 -4.76403 0.226573 6.43434 -7.00558 -7.18128 7.8404 -6.29921 3.67283 -8.49181 0.0276958 -0.199165 -1.07787 -1.80844 -1.11527 1.46179 -8.51263 -8.50013 -2.53594 -2.75317 -0.604864 -3.73307 -3.742 -6.31665 -0.848686 -10.0672 -5.3436 0.517185 -0.327849 -1.31452 -8.16682 -2.60878 -7.53478 -3.56619 -0.348941 0.55808 
