0.303262 -1.02061 -0.421954 -1.29564 0.290359 2.12834 1.00238 -1.52478 -0.764824 1.17577 -0.177081 -1.7293 -0.421861 0.562745 0.145635 -0.314677 2.0198 1.41723 0.412888 0.228147 
-0.876522 0.0198323 -0.340511 -1.01414 0.599366 -2.36144 -0.0613735 0.145808 -1.60334 0.26544 -2.06074 -1.11701 -3.22335 1.82845 -3.73367 0.808774 -1.0444 1.7499 -0.680277 -2.79366 
-2.0049 1.92166 -0.833004 1.80496 -1.08248 -3.563 -2.02396 1.01564 -3.02767 0.119131 -4.48982 0.348952 -0.365811 -2.50104 -3.5283 -2.74803 -3.0089 -0.674842 -3.4035 -1.01007 
-2.01557 0.310203 -0.258346 1.17096 1.59447 -2.33317 0.359614 1.30954 -2.49677 1.18178 -1.97085 -3.53083 -0.703991 -2.58545 -4.01234 -2.03864 -1.45997 1.91264 -3.28416 -0.702778 
-1.98002 2.35541 -0.641383 -2.59858 -2.39958 -1.38528 0.614649 0.16199 -5.31082 1.88184 -2.46132 -3.34101 -1.67944 -1.88785 -3.12155 -0.569052 -0.598224 1.28483 -5.12942 -2.271 
0.499467 0.922774 -2.05186 -3.06896 -0.564371 -0.760456 2.87419 -1.7214 -1.19355 1.70933 -2.71907 -3.48055 -2.71149 -1.32547 -4.68334 -2.78294 -1.84719 2.3914 -0.984711 -0.321748 
-1.09736 -2.37552 -1.58582 -2.99125 -4.98502 -1.33686 1.44502 -1.98482 -0.557878 -1.08334 -0.0331426 -4.0423 -1.65032 0.742683 -3.95906 -1.17869 0.42323 2.8674 -0.902671 -1.05686 
-3.03418 -2.88312 -2.42143 -5.69254 -3.31692 -3.53717 3.53935 -1.46891 -0.000531858 1.57761 -1.35732 -2.22307 -6.37557 -2.6557 -6.93031 -0.165703 -0.330013 4.0447 -3.25583 -0.264722 
-2.65625 -4.13696 -2.47364 -2.16061 -3.0154 -2.13619 1.86145 1.64914 -3.39327 0.276254 -4.00741 -1.74913 -4.34035 -3.30937 -8.56805 -1.391 -2.56657 3.24995 -3.42526 2.31577 
-4.00602 -5.12924 -0.500894 -5.20568 -5.49105 -3.408 1.27183 -2.26507 -2.10058 -0.679246 -4.61167 -4.07431 -3.29155 -0.819635 -8.67214 -3.02833 -0.522482 1.59048 -3.56386 -1.02789 
-0.997353 -5.12295 -3.54403 -3.51321 -7.0367 -2.32269 1.38674 -1.31258 -5.07994 0.342713 -3.86146 -0.659914 -4.35737 -4.41439 -5.57138 -2.82663 -0.296526 3.76334 -3.88033 0.660094 
-3.11665 -6.00646 -3.55935 -2.18936 -4.68992 0.378353 -0.514746 -1.9039 -4.58447 -2.0359 -0.59421 -1.74152 -2.72581 -4.93011 -6.29494 -1.80112 -3.33495 4.37777 -2.43981 -1.62537 
-0.923639 -5.05354 -2.4309 -0.864943 -4.95494 2.20652 0.584212 -0.637983 -5.9527 0.12714 -0.853501 0.37147 -5.81738 -2.21433 -6.31479 -1.81697 -1.78121 5.78373 -2.14073 -0.49874 
-2.57937 -4.52535 -1.32887 -1.16158 -5.2349 0.691885 0.557702 0.262485 -6.0754 -1.19154 -1.88456 -0.927928 -4.46212 -0.337383 -7.94767 -3.23125 -2.32799 6.84228 -3.56887 1.85173 
-4.64773 -3.93141 -3.48109 -0.894821 -5.35084 -2.57399 1.03009 0.995324 -4.92322 -1.02161 -1.03586 1.25839 -4.42871 -1.00674 -7.09393 -3.23292 -3.7491 5.72034 -1.45632 0.0735599 
-4.59057 -3.71717 -2.52425 -0.280742 -5.04586 -2.81597 2.6764 1.26277 -6.43444 -3.12785 0.39011 -1.77692 -4.9347 -0.328479 -8.18116 -2.94973 -2.56326 5.12104 -2.49496 2.46009 
-4.89092 -3.55063 -2.74282 0.741951 -7.16893 -3.0719 4.71471 -0.923827 -4.94818 0.772463 1.68618 1.02013 -3.53232 -0.475321 -8.21204 1.14573 -5.10598 5.89223 -0.649911 -0.366297 
-4.74317 -2.04966 -3.36001 -0.354831 -1.96725 -3.38409 3.72139 0.510293 -9.64367 -2.02067 -2.87767 -2.41153 -2.85916 -1.87755 -5.40982 -0.76417 -6.35539 5.31394 -1.8922 2.7705 
-5.58121 -2.71756 -6.02015 -1.39131 -2.87386 -4.99608 5.14294 -0.155252 -9.39959 -1.44956 -0.246024 -2.97988 -0.274892 -0.331725 -6.63697 2.1574 -6.19216 5.22917 -1.39498 3.61414 
-2.08115 -2.85264 -3.86599 1.47175 -1.3645 -8.01799 3.14635 -2.16372 -5.16011 0.949123 -1.09099 -2.80872 -1.90969 -1.51291 -8.12432 -0.29846 -5.48424 5.56722 -1.25776 6.25979 
-2.52074 -4.68863 -4.29664 -1.88831 -5.12587 -6.18069 3.68698 0.000628794 -8.00744 1.85518 0.321291 -1.15231 -2.17161 0.513796 -5.38809 -0.30263 -5.02789 4.42535 0.769027 2.09382 
-1.62927 -2.98032 -4.90887 0.74486 -4.0752 -6.22737 1.30177 1.6971 -9.53213 -3.21903 1.57776 -2.47625 -2.15665 -3.25168 -6.98765 -4.19605 -6.31603 5.85069 -2.0596 2.43397 
-2.00121 -1.94524 -2.99711 -1.48961 -4.09013 -6.86461 -0.508843 -1.84248 -8.61643 0.820773 0.877528 -4.62006 -1.60022 -2.34545 -4.96094 -0.84755 -8.58553 6.10168 2.46028 3.10463 
-0.960695 -0.416904 -2.19272 0.784187 -6.13333 -6.79681 1.51051 -0.867307 -10.7185 0.780265 1.63915 -2.84369 -3.18157 -2.23932 -5.86536 -4.10595 -7.83395 3.34785 -1.35229 2.55865 
-0.303882 -1.26632 -3.30778 0.530138 -4.98929 -5.96473 -1.37748 -2.19001 -8.73399 -2.2148 1.95526 -2.80218 -0.552206 -3.19798 -7.94512 -3.92327 -7.92238 4.73341 -1.56372 1.45399 
-0.518316 -0.987385 -5.3931 -0.708043 -5.60637 -5.00018 0.692058 -1.43549 -8.31946 -1.02858 2.60507 -2.44674 0.453226 -1.53293 -7.83632 -5.41876 -6.50744 2.51371 -3.61424 0.794515 
-0.74182 -0.473665 -4.97785 0.951939 -3.80278 -4.46439 1.42524 -2.36315 -13.3461 -1.2195 0.229975 -3.32105 -0.158634 -2.49723 -7.51937 -3.19926 -7.28629 3.49191 -3.43096 3.04095 
1.28913 -2.67273 -5.95656 -1.03958 -5.64642 -5.22318 0.86834 -4.29734 -11.6551 -0.695589 -0.589225 -6.01661 -0.380044 -1.65793 -7.31928 -4.17605 -7.25763 5.35375 -3.64335 3.23443 
-2.46017 -0.970903 -5.26121 0.111852 -5.41268 -4.66747 -2.26837 -3.3485 -11.4306 -1.29693 0.796278 -3.96966 -0.363089 -4.10368 -9.45505 -6.62874 -7.34387 1.86708 -5.84233 3.74398 
1.54677 -0.65152 -7.6788 0.353075 -7.16827 -3.90414 1.2221 -3.02901 -12.6807 -0.143992 0.165631 -4.91388 -2.4074 -4.46457 -7.39979 -5.42632 -7.41477 2.46073 -2.76778 3.49501 
0.743202 -4.00634 -9.08071 -0.742725 -7.06183 -3.76573 0.694802 0.0127886 -10.7937 -3.42744 0.137086 -4.90881 -2.02515 -3.63893 -5.07355 -2.90317 -6.13526 1.71183 -2.02408 3.36001 
-0.521132 -2.60284 -10.0946 0.0136448 -6.4888 -7.95735 0.787552 -2.18625 -11.2676 -1.01049 1.0693 -6.37885 -2.86556 -3.96442 -5.40006 -2.78818 -7.24112 0.29629 -3.95769 2.61669 
0.494801 -3.59547 -8.31023 1.03626 -6.89499 -6.34745 -1.19131 -3.48735 -14.647 -2.53827 2.23825 -4.92643 -2.17308 -4.31427 -5.69541 -3.11456 -5.64081 1.27403 -2.87213 0.805373 
1.57823 -2.3259 -7.58755 0.539643 -10.0587 -5.87758 2.21345 -4.10519 -11.814 -3.03147 3.90479 -2.80219 -2.97066 -3.83748 -5.354 -2.34246 -6.90861 1.93048 -1.39184 4.1205 
-0.0411778 -2.51351 -9.36359 2.36907 -7.10444 -4.94038 -1.69301 -4.09743 -13.5478 -2.7148 1.04805 -4.06879 -0.160146 -1.54141 -6.19996 -0.464198 -9.94857 1.80234 -3.45854 4.24493 
-1.10497 -3.35364 -7.6542 2.30117 -8.58215 -6.62852 2.37291 -1.88418 -14.5762 -1.98617 4.57173 -5.50129 -2.7599 -0.982597 -6.19263 -0.588309 -6.75672 -0.00493702 -1.43372 4.51394 
-0.132519 -2.07726 -8.58372 1.6491 -7.65696 -6.20339 0.95297 -3.55874 -13.4518 -2.41177 4.58649 -3.55161 -3.08227 1.17729 -6.93368 -0.860712 -6.699 -0.181721 -0.470105 4.07724 
1.64067 -1.94635 -9.369 -1.41056 -7.94033 -1.8468 2.75181 -1.64199 -12.3797 -1.10723 5.48814 -5.60725 0.68229 -1.24482 -3.62076 1.20963 -5.21893 -0.787754 0.822689 6.00958 
1.52031 -4.45751 -7.9912 1.0588 -7.97511 -2.27129 1.83403 -0.0709882 -10.4625 -2.24602 5.29123 -1.76412 3.10254 -1.17504 -4.06321 -0.80462 -4.64447 -0.604753 0.688034 4.7153 
-1.79692 -4.42301 -10.1355 -3.08195 -8.20902 -2.23903 -1.3167 0.0791636 -11.8736 -2.60434 3.0004 -3.60037 -0.280694 -1.01907 -7.70042 -0.0590584 -3.70465 -1.17538 2.58269 4.52286 
0.619466 -0.710964 -10.0461 -2.67111 -6.00013 -2.11137 0.520759 0.917601 -13.7166 -1.03309 3.12838 -3.09183 -0.533607 -1.51326 -6.35847 -0.0128621 -5.17143 -0.321908 0.735522 4.52512 
1.73068 -2.69718 -7.26054 -0.191475 -6.73153 -1.91243 3.36914 2.02516 -11.1214 -0.770977 3.43547 -1.62073 -0.41472 1.00142 -9.31633 0.217098 -3.30966 2.2157 0.628701 6.04422 
2.29299 0.182802 -7.69864 2.04107 -7.00556 -0.955579 2.7614 2.45537 -9.32191 0.797117 2.98895 -1.08251 1.33413 0.745178 -7.30719 1.27481 -4.4056 4.02268 2.47315 7.84237 
3.43312 -1.34455 -7.25219 -2.26755 -8.91511 -2.55554 0.636313 -1.58247 -12.1131 -0.610693 3.47401 -2.22594 1.10208 -1.13243 -9.14777 -1.13368 -2.99529 3.53967 -1.03564 7.13077 
1.09897 -1.7748 -5.81082 -2.59106 -7.70518 -1.58085 -1.55876 -0.505495 -10.9652 0.680855 3.15753 -0.623442 2.44401 0.476665 -9.85912 -0.499945 -6.49702 0.358168 3.63648 6.23052 
-1.48417 -0.904356 -7.91291 -2.86535 -11.2169 -1.9161 -0.601331 -0.303819 -13.6355 -3.9156 3.21885 -2.77194 -0.723212 -2.58962 -9.22336 1.5351 -6.12342 0.892358 1.2063 7.23015 
-0.665248 1.54151 -7.5411 -5.06991 -9.69249 -1.74194 -3.25056 -2.74883 -14.1889 -2.98527 2.90413 -1.19556 1.43087 -4.41326 -9.29904 1.64406 -6.40169 0.896799 -2.6917 6.94523 
0.500333 -1.20422 -9.90616 -6.36911 -10.4823 -1.18753 -8.12158 -1.87582 -15.2659 -2.80603 2.00726 -1.13005 1.74442 -3.17629 -11.6964 1.35618 -8.41966 -1.81199 0.443287 5.17864 
-0.306033 -0.975536 -8.97321 -3.97433 -9.34057 -1.81385 -5.02122 -2.20234 -12.9905 -3.85489 0.923625 2.27298 1.98541 -3.52278 -9.47784 1.37097 -7.20822 -1.90694 -0.983615 5.78718 
-1.5902 0.634583 -6.96504 -4.06143 -8.75372 -2.55081 -4.64553 -1.70793 -12.9698 -2.54688 -0.466098 2.44486 3.99705 -2.29703 -11.8923 3.19644 -3.92205 -2.24622 0.0712829 10.9638 
