-0.34095 -2.2731 1.53887 0.422953 0.863043 1.01247 -0.540205 -1.62746 1.52343 -1.14993 -0.0671523 0.328852 1.21409 0.829905 2.03492 -2.0355 -1.2914 -0.441188 1.00821 -0.337387 0.793195 -1.73965 -0.688234 0.427482 1.3368 -0.274071 0.0529978 2.26718 0.290608 -0.392683 -1.52846 1.94831 -1.42752 -0.430558 1.75095 1.78056 -0.0455672 0.684423 0.0388796 -1.30701 -0.245378 0.664919 2.25159 1.26336 -0.566193 0.731002 1.07157 0.19729 0.387276 2.97671 
0.824704 -2.22047 2.09069 1.62896 -1.24241 0.176952 -0.255394 -0.315574 1.81758 -3.85395 0.637623 -3.33876 -0.474171 0.401212 1.17219 -1.63676 0.55931 1.96522 -1.82812 1.46176 1.01976 -0.0251572 -1.60099 -0.355986 1.27803 -1.12156 -0.189862 1.22296 2.54059 0.917032 -1.59391 2.6318 0.156582 0.418167 2.03998 1.53632 0.191612 -1.09311 2.77773 -1.03595 0.225436 2.29261 1.08821 -0.117514 -0.0213083 -0.424595 0.175615 -0.947918 -1.51502 0.326812 
-1.15917 0.701393 2.23947 0.886198 -0.57371 -4.14528 1.11082 -0.08703 2.49347 -1.5935 1.40907 -3.96275 -0.333893 -2.29238 2.65089 1.22374 3.73647 1.00356 1.21062 -0.941983 0.935104 -2.72432 0.647356 1.1021 0.807828 -0.152861 0.339988 1.38862 1.73123 -0.490426 -1.33209 0.526329 -0.819678 -0.541726 0.28157 1.90109 -0.516584 0.713691 3.20579 -1.09469 -0.580882 3.41823 3.26802 0.170125 2.74023 -0.0693429 -0.659247 0.350084 1.17898 -0.958645 
0.260098 -1.44055 1.46653 -0.588256 0.0472679 -1.76771 1.87715 -3.59455 0.321402 -4.16384 2.98796 -3.506 0.921347 -0.685033 1.37929 1.35192 2.08331 -0.260188 1.19958 -1.12553 0.00624978 -0.0143021 0.784186 -0.231928 1.0211 0.809991 -1.26693 -1.99732 1.41867 1.81145 -1.43787 2.88956 -0.913461 3.07613 0.535366 1.73602 -1.72602 0.643988 1.25703 -0.155932 -0.662538 3.607 2.35342 -0.305227 2.00069 -0.258168 -1.45744 -1.90033 0.827077 -1.2024 
2.51481 -2.36205 2.78029 -0.949561 -0.934474 -0.384673 -0.918098 -1.41511 1.65369 -4.6107 -3.65507 -2.30303 2.1333 -4.17342 2.2224 0.046133 0.927063 0.819326 3.04596 -0.660607 -0.72045 -0.370431 -0.31344 -2.51977 -0.293081 -1.60363 -3.02257 0.135628 1.1712 0.187456 -2.14935 2.46023 -1.19895 2.98124 0.730261 3.1015 -1.55074 -2.01261 4.55586 -3.02108 -0.00368393 0.330342 2.07911 -0.87493 1.80231 -0.312488 -2.13436 -1.47526 -2.26795 -0.327345 
4.2946 -2.54204 2.75195 -1.23784 -0.313077 -0.671909 -0.819262 -0.566406 2.33359 -4.52089 -4.53176 -0.264684 0.174339 -1.63397 1.47448 0.782511 2.12885 3.19792 3.79297 -2.01948 -1.3266 -1.84915 1.27337 -0.927445 1.01307 0.716824 0.270929 -1.68339 2.38008 1.3068 -1.0973 0.609861 -0.523557 2.10612 1.05143 5.16343 -2.12359 -0.81593 2.66303 -3.13493 -1.0222 3.64318 3.48208 -0.303664 0.596423 0.523297 -2.14636 -2.20756 0.871106 0.194309 
3.356 -2.20303 5.00471 0.268098 -0.283624 -0.77229 1.23184 1.14196 0.796245 -3.42173 -0.652514 -2.30027 -0.293911 -2.47963 1.56809 0.19596 4.31543 2.62906 2.47561 -1.06396 2.71933 -3.5235 -1.54358 -1.0803 2.82034 1.03856 0.205051 1.21954 2.97245 1.05995 -0.580526 0.653381 -1.23222 3.15944 1.59442 7.58973 0.491396 2.23495 0.891076 -0.115815 2.48348 4.59788 4.51967 0.522525 0.619167 1.81411 -1.37037 -1.08772 -0.764797 -0.115505 
4.65005 -1.86543 7.48863 -2.81701 -0.658867 -0.806608 0.533298 1.14248 -2.48284 -4.67256 -1.88903 -3.00041 0.574723 -1.40723 -0.139676 -0.51678 4.11366 3.01423 1.46554 -0.698156 0.331889 -3.42745 -2.33594 -4.00389 2.26936 0.569598 1.2184 -0.0381804 1.44944 1.21473 -0.955623 2.13924 -0.779838 0.156491 1.62059 4.52487 -2.86808 1.25722 1.28996 1.26241 0.977288 2.99451 2.43851 0.727804 -1.47938 1.01821 -0.382416 -1.73557 -0.996067 -0.669938 
2.84516 -2.94076 4.11794 -1.49252 2.43549 -3.38107 0.808147 2.99446 -4.87431 -3.6348 -4.42141 -1.35644 0.125008 3.16263 -2.86714 2.40619 1.07116 2.56345 -0.844885 -0.452436 2.16404 -1.81032 -2.576 -6.34814 1.8665 0.691326 1.12025 -0.443651 2.45216 -0.372364 -1.47871 3.39411 -1.78223 2.88455 3.04875 3.88606 -1.34561 2.34029 2.7552 -2.62421 0.747189 1.90458 4.97984 1.03793 -0.46386 0.517653 1.37473 -3.34451 -3.24883 -1.43406 
2.12889 -3.65823 4.40437 -2.01843 1.93366 -5.8287 -0.925652 1.58016 -2.10357 -3.49121 -3.67918 -1.02549 0.172492 1.28321 -0.65671 -0.791798 2.62758 -0.0763826 -0.334778 -4.65578 6.8223 -1.55815 -2.95067 -1.78278 2.83744 0.562065 2.76181 -3.9809 4.26501 -0.835348 -1.48929 1.07228 0.197814 1.12922 2.45049 4.12538 -2.28747 1.09284 -1.33928 -3.32325 -0.0376544 6.25599 5.58809 3.50399 0.422769 1.39108 -1.40723 -2.29164 -0.278078 -1.88392 
7.18052 -5.4303 4.70474 -3.76009 1.11993 -6.98621 1.14419 2.5363 -0.954703 -3.99957 -5.7498 1.34805 -0.703603 -0.353584 0.39883 1.37952 2.55006 1.97411 -1.82533 -1.56363 4.82127 -2.28808 -4.01935 -4.79251 2.74553 0.897302 -0.204624 1.44377 1.1133 1.87623 0.0631012 5.51081 1.8184 1.52794 0.752129 5.00422 -1.59801 4.11509 1.38424 -5.83791 -0.857378 5.92229 7.59951 0.167076 -1.24303 0.440594 -3.20262 0.55652 -0.895841 -2.32492 
6.10996 -5.70085 3.87551 -2.58665 4.23732 -5.81491 -1.28454 3.5022 0.357147 -4.09541 -3.71982 -3.28727 0.710837 1.07961 4.05089 1.22248 2.07533 2.98327 -3.98232 -3.79582 5.51377 -3.46415 -4.37365 -4.3943 3.20669 -0.397255 -0.36382 -1.16612 0.34384 -0.6425 0.47573 2.63939 1.73384 -1.14497 4.10966 1.1093 0.309445 3.29669 1.63322 -5.6851 0.498174 3.29522 5.54604 1.60804 -0.485642 -0.501731 -1.23627 -0.132916 -0.865852 -1.14062 
6.32012 -4.58376 5.72656 -2.06327 2.05152 -6.22484 3.31729 3.32449 1.19259 -2.70228 -4.7418 -1.56596 0.859612 0.61832 0.122791 0.625636 2.04328 3.98167 -2.63467 -4.66048 4.94571 -4.99618 -4.56016 -5.47561 3.97886 1.25107 2.61843 0.0769733 4.07281 -2.26564 0.772759 3.38233 0.223276 0.707204 1.54434 5.27742 0.170255 3.84907 -0.0343975 -4.76213 -0.443227 5.14842 3.98225 0.357178 1.57891 0.809257 -1.16788 1.55887 -0.664419 -2.23944 
4.16069 -6.03735 4.14451 -1.16626 3.64198 -4.85401 2.02214 2.36481 -0.582724 -2.18797 -2.11827 -2.67499 0.858941 0.175051 0.315202 -0.153503 3.64591 5.84459 -1.88409 -6.60331 5.04398 -4.04225 -4.25732 -6.15614 3.40881 -0.591859 2.04081 -0.434786 2.49519 -0.730747 -0.436138 4.0458 1.58971 1.42403 2.4164 5.54975 0.385369 2.20518 -0.423102 -3.85359 0.839183 7.24261 3.27456 0.123542 0.866929 -0.32723 -1.37773 1.54186 -2.48808 -4.9936 
4.8234 -3.14496 5.32994 -2.78713 7.23345 -2.81456 0.538021 3.72391 0.482674 1.27412 -4.29618 0.217875 1.36112 1.11724 1.75298 -0.32154 5.30427 5.63591 -1.88662 -4.90598 6.09289 -4.79348 -4.18684 -4.70175 5.79032 -0.305392 2.27 -3.38313 3.28688 -1.39351 1.90997 2.42697 0.384167 2.65544 1.96259 2.36264 -0.754437 3.47822 0.264878 -2.89611 0.411684 2.71264 5.93777 1.97556 -1.41992 -1.04557 0.491604 -0.208643 0.173299 -3.84704 
3.63519 -7.21722 2.73396 -3.44612 4.91508 -5.25803 1.6736 3.54208 -1.24211 -1.48421 -2.46043 -1.42078 0.958411 5.01002 0.637221 -0.801887 4.78428 5.14503 0.419072 -3.61325 6.28269 -7.93908 -1.6598 -7.29752 1.8357 0.463196 1.86794 -5.04846 1.42014 -1.45668 -1.4941 2.69355 1.07434 2.59595 2.40007 4.43699 -0.182623 -1.00698 1.81142 -3.56862 -1.85635 4.31764 8.12661 1.15516 -2.30711 -2.41633 1.64725 0.359752 -2.05755 0.209555 
2.14505 -7.12831 3.37667 -2.04996 6.52355 -4.15923 2.83451 2.86743 -0.616707 -0.121025 -5.27368 -0.808436 0.798435 3.39292 0.579422 -2.39912 5.85976 7.76592 -2.97693 -5.75263 6.37349 -7.20858 -0.602804 -6.18295 2.79773 -0.507884 0.396919 -4.15111 1.84216 -3.87453 0.360707 2.85568 3.35585 3.58709 -0.18321 2.40977 -2.22421 2.64592 -0.400451 -3.38662 -2.45639 3.63894 4.77901 2.45886 -5.0514 -3.30896 -0.772723 -0.618315 -2.25734 -2.96561 
3.21053 -6.40511 2.37772 -3.66708 7.56303 -5.87768 -0.0381125 2.60884 0.176461 -1.72846 -3.5569 -1.22922 0.524747 2.39134 -1.94394 -1.46466 4.55059 3.75978 -5.8858 -6.05994 3.20393 -4.33346 -1.75215 -7.43395 0.162631 1.23784 0.511949 -5.1422 2.55336 -3.31413 -1.10585 3.34477 0.0978545 3.92236 1.39299 2.10638 -1.55041 4.0692 2.44309 -3.11752 -1.2817 3.23672 8.29667 0.758353 -4.68921 -4.67089 1.25582 -0.0249351 -1.09378 -0.335421 
2.27649 -5.57053 1.77787 -3.1642 7.67503 -3.75359 2.60296 3.25494 -1.51669 1.54126 -4.4108 2.43474 0.0786727 0.77849 0.349276 -2.21361 5.60955 5.08597 -3.23121 -4.08603 4.40676 -5.61238 -0.133003 -7.42829 0.0525053 2.65046 -0.177085 -4.86642 2.57233 -5.90197 -2.29303 -1.9547 -0.222928 1.91186 0.651 4.69546 -0.370998 5.5021 5.92897 -1.59852 -3.31519 4.34264 8.86257 2.57545 -6.64418 -6.25606 1.79995 1.70596 -1.45 -1.7035 
2.14827 -6.30277 2.02749 -1.44773 6.40091 -5.36417 1.54357 1.51021 -1.94536 -4.22089 -4.49186 0.527777 2.50148 -1.02435 1.16974 -1.39565 6.53291 3.77476 -4.43593 -3.82541 4.80205 -6.11617 1.99161 -6.60775 0.152687 5.2946 0.322671 -4.10961 3.8382 -4.94594 -1.97427 0.145834 0.687882 2.31087 2.95445 7.31438 -0.872581 2.01107 3.68617 -2.84794 -3.59222 2.39673 10.3928 4.45425 -7.83448 -5.96497 0.942456 0.681205 -1.35144 -2.34344 
3.03352 -7.77076 2.91729 -3.67328 6.72245 -5.2648 4.95109 2.98202 -3.79051 -0.913018 -3.09572 2.83758 -0.188103 1.42326 -0.136333 -0.134607 3.88172 5.93673 -4.59754 -3.00546 5.98422 -2.70469 3.04411 -8.98326 1.47328 4.10943 -0.671009 -3.26373 5.14622 -6.37952 0.130556 -0.44043 -1.09471 1.24032 1.9438 7.86979 0.887283 1.83236 0.289667 -2.35939 -2.89007 0.402647 12.8265 3.74373 -6.6288 -5.42438 -0.177202 1.76229 0.34256 -1.55391 
0.625627 -6.82182 5.83386 -2.97436 4.39924 -4.7419 1.86909 1.49378 -3.12018 -2.51633 -3.29919 3.37269 2.51962 4.98852 1.98284 -1.95977 4.04215 3.69413 -3.47871 -3.36274 4.45448 -0.846518 3.88023 -8.19678 1.00105 3.01733 0.379939 -1.58756 5.14231 -7.1785 -0.614094 -0.212342 0.620059 1.89471 1.7376 5.59558 0.554714 2.54818 0.16248 -2.19375 -1.43036 1.73905 9.5543 6.9037 -8.81245 -4.68511 0.961162 1.15098 -3.04645 -3.01696 
3.30991 -7.16948 3.20404 -3.86291 4.30754 -6.93695 5.54006 3.01876 -0.149047 -2.88861 -2.88336 3.13415 -1.26813 1.74659 4.17024 -3.39257 4.71382 4.64536 -1.00696 -3.48003 7.76407 -2.38639 4.07853 -9.32837 4.39583 3.45558 -1.44633 -3.69661 2.64874 -7.07275 -0.579223 -1.50558 1.02524 3.07125 1.74803 7.67389 1.87985 3.62461 0.833516 -6.79636 -1.16031 1.63811 8.80992 3.91904 -9.90471 -5.5389 -2.73066 2.39409 -3.69611 -1.61227 
3.26936 -7.39819 2.20059 -3.17571 6.32649 -5.42531 4.30531 3.37454 -4.18257 -5.92092 -1.61331 1.85394 -0.0880555 3.09975 3.76604 -2.98414 6.61803 8.3929 -3.57963 -3.72917 8.19719 -2.39553 4.01635 -9.91592 5.55237 4.03184 2.59036 -1.89851 1.97838 -4.69701 0.600844 -0.680573 -2.44918 3.57622 3.16605 4.64791 0.265041 2.53408 2.55016 -6.60777 0.836514 -0.147691 5.32323 4.6751 -7.90896 -5.78084 -0.290925 3.22571 -2.49588 -2.25681 
2.58139 -8.27322 2.14002 -4.47621 7.61635 -5.7019 5.47012 2.98415 -3.57605 -3.14 -1.6793 2.52448 -1.33263 2.54865 4.52227 -0.827636 6.05496 9.46094 -5.08896 -3.07965 8.69092 -3.02066 7.55542 -10.6115 3.79842 5.56526 -0.362971 -3.73119 2.80856 -5.66211 -1.43969 -2.06161 -1.57318 4.26418 3.34354 4.32149 -0.0866321 2.76257 1.38336 -4.34396 0.127484 3.9329 7.58033 3.42205 -6.47159 -8.42647 0.114359 -1.94493 -4.43416 -2.07485 
-0.14461 -9.03248 3.06059 -4.69734 7.82499 -4.54726 3.90298 3.28728 -7.01319 -5.08308 -5.2853 2.19735 1.85381 2.23924 3.39787 -0.316042 6.22488 8.78458 -4.241 0.438265 7.47042 -2.79042 5.75306 -8.18025 5.69306 4.2724 -3.0255 -4.08259 -1.5734 -5.4753 -1.16732 -1.1091 -3.28452 5.31365 3.86997 2.75063 2.49882 0.722258 2.10561 -5.0493 -0.878002 1.65385 6.82996 3.68562 -6.73268 -9.9418 -0.598723 1.86331 -5.07778 -3.10505 
2.1116 -9.48203 2.93318 -6.09723 8.94374 -0.767874 2.0591 6.56441 -5.73664 -1.88331 -3.36575 5.81999 2.53551 4.93906 3.33982 -0.856738 4.66582 10.6627 -5.90516 -1.33092 10.1472 -1.03 8.57184 -7.79242 5.1994 5.56831 1.90571 -2.12071 1.78925 -4.51034 -1.41042 -0.328874 -3.81908 4.54098 3.66136 3.46578 1.20413 -0.331879 1.67906 -2.56084 -0.376362 2.2384 7.65565 3.4693 -9.20653 -7.26697 -1.94689 1.47999 -5.18949 -3.13708 
2.60214 -8.95869 6.42839 -1.5738 10.7453 -3.28448 3.26667 5.62446 -6.0588 -2.91356 -2.32685 6.29352 2.63978 2.39296 4.69751 -0.663895 8.25637 11.9008 -5.76144 -0.459666 10.2867 -4.22333 8.7142 -5.71462 5.81296 5.48867 0.86955 -2.59783 1.30931 -0.34667 -2.43038 0.676375 -0.675793 4.87336 2.78316 6.08716 1.32143 3.28175 4.06775 -0.96696 -0.85164 3.79104 7.74634 3.01065 -9.43711 -7.65495 -1.09507 1.45041 -5.34917 -2.90477 
1.30019 -6.58685 5.10821 -3.60988 9.75903 -2.0215 1.19858 3.82911 -7.22289 -2.14987 -2.3348 6.44586 3.28602 3.31116 2.80325 0.0111992 5.3439 13.4972 -5.55612 -1.13043 9.07729 -5.93305 9.7863 -7.37049 2.63437 2.70909 -2.5429 -0.996688 0.832828 -0.663432 -2.06539 -1.03466 -4.93335 3.4934 2.35376 1.39955 1.266 4.63416 4.65399 -1.49659 -0.501964 2.55391 5.735 2.04011 -10.7289 -6.43143 -2.36204 3.1179 -0.526329 -3.91229 
-0.781669 -10.0391 5.07842 -3.91886 12.8644 -4.1955 3.98581 5.32464 -8.54562 -1.15684 -2.58302 6.4248 3.09334 6.21019 0.783093 -1.22918 6.00324 13.6813 -6.40347 0.00048155 9.53585 -6.73766 9.05958 -9.19728 3.33375 7.37319 -1.2964 -2.00981 3.00341 -0.544585 -1.32592 -1.84081 -1.38706 5.4183 3.36928 4.57637 -0.318017 0.970647 7.15521 -1.00222 -0.792215 5.58728 4.6972 3.16591 -11.6972 -3.82656 -0.821523 -0.95634 -3.05087 -5.30156 
-0.114369 -7.86776 5.10338 -5.52032 12.6729 -4.11486 3.5104 5.75866 -8.24061 -0.979777 -4.53906 7.41813 2.04809 6.54207 1.77058 -0.0552699 5.81993 13.3132 -5.06819 0.5057 11.7774 -5.64992 11.0951 -8.31356 3.28798 6.06751 0.653829 -3.25767 4.24741 -1.61325 1.20321 -1.05487 -1.28331 4.809 1.9227 3.80703 1.78381 -0.441114 8.31393 -2.41118 1.09896 6.5059 4.78562 7.46333 -9.99264 -3.33293 0.468566 0.907277 -5.36054 -1.84001 
0.720988 -6.71884 7.59858 -2.83841 13.7662 -3.22203 5.81517 9.09635 -7.79612 1.3805 -5.56557 6.94483 4.64762 9.17494 0.580372 -0.146411 4.84619 16.0089 -5.8232 1.7559 11.6276 -7.01902 11.1998 -9.43366 1.9421 3.32212 0.899444 -1.63443 4.80348 -1.01517 0.241103 -0.155 0.539734 5.00793 2.33272 5.35952 1.18666 1.9539 7.21325 -1.26159 1.35455 5.40845 5.11904 4.88212 -7.72375 -4.25007 2.14016 0.592735 -2.82112 -0.0981389 
2.11312 -9.09898 4.97358 -2.69167 12.2649 -4.19702 5.23449 6.18732 -7.07529 1.32208 -1.63267 7.86342 2.37255 9.82336 3.85825 -0.973059 6.70131 17.3194 -5.50327 -0.890721 10.5075 -0.986713 10.6975 -9.98525 4.84366 8.01819 2.28912 -2.08313 5.61428 -2.19923 -0.748635 -1.43316 1.3987 7.52085 3.21365 3.12606 1.98163 0.555114 5.16148 -2.83275 3.03585 5.18815 7.30671 5.98237 -8.18769 -5.84355 0.214241 -1.12743 -1.206 -2.47061 
-1.57975 -8.24464 4.23474 -1.44648 11.2934 -3.60957 6.30244 6.74975 -7.44088 -0.290884 -3.1795 8.48012 1.92908 6.05645 3.44975 -2.99316 7.60544 16.3292 -3.90434 -2.42953 11.1586 -0.624225 13.1595 -7.39781 3.61322 8.48006 4.04031 -4.21645 8.95941 -3.00858 -2.76075 -1.62486 0.470838 4.78275 4.03027 5.58108 1.63962 2.5651 7.20436 -0.571772 5.06053 6.09322 9.17249 6.62247 -7.42769 -3.65843 -1.8989 2.08106 -1.91597 0.240434 
2.8079 -9.03215 5.01337 -2.6823 12.4869 -1.56834 6.64474 4.52061 -7.074 0.292001 0.888272 7.97262 1.44398 7.47866 6.33783 -3.2684 9.6437 17.4492 -2.11469 -1.12703 10.5223 -0.0788603 15.1978 -6.60812 4.44907 8.6104 2.52563 -4.25562 6.37423 -1.30235 -0.733187 -0.539828 0.580673 6.90236 2.33673 4.55513 3.00527 0.0477832 4.924 -2.44927 2.37523 5.04835 10.3016 6.59399 -9.286 -3.89728 -1.51787 0.566221 -1.33372 -2.28535 
0.790238 -5.36006 4.55382 -0.349576 10.9163 -5.51104 7.80286 2.58302 -6.35468 1.3979 1.79566 10.2453 4.00901 8.53435 5.95522 -1.78815 7.79825 16.6405 -2.29546 -0.124774 11.1677 -1.49051 12.7557 -4.75692 6.67542 7.35305 1.0321 -3.29252 5.946 -1.08147 -0.953324 -0.0363243 -0.0362136 5.8893 3.14208 1.34583 2.78329 0.670671 2.47518 -3.41255 2.71661 6.31239 9.20309 6.92775 -8.38389 -1.93916 0.146991 0.913938 -1.17573 -3.05751 
-0.429991 -8.53974 3.12893 -3.19242 8.85907 -7.62772 7.94655 0.564836 -8.53717 2.19519 -0.0920281 7.97456 4.39122 6.64967 1.42556 -3.27654 6.93775 12.972 -4.6646 -2.12859 10.4146 -0.509783 15.0132 -5.1861 6.89884 6.96351 1.92198 -2.67717 4.03371 -1.76154 -5.04601 -2.02438 -1.15735 5.11182 0.756194 2.5566 2.54429 -1.18287 4.65205 -3.00223 2.20199 3.88763 7.94026 4.72869 -9.78849 -1.51822 -0.798506 2.37124 -0.583796 -5.41081 
0.923088 -11.5424 2.6869 -3.6493 10.3923 -10.2161 7.71033 0.272813 -9.21011 2.3877 0.832881 7.0699 5.22081 8.25243 3.49858 -1.85667 7.64382 16.0408 -5.11157 -1.93046 12.9961 -0.966286 14.1656 -3.73405 4.18439 4.81374 2.45906 -2.34678 6.28175 -3.12475 -3.29448 -3.03806 -0.207963 7.4215 1.86192 3.9106 3.42484 -0.743294 3.40832 -1.68284 3.26804 6.14787 8.43851 5.52202 -9.72534 -1.28691 1.026 0.00638176 -0.593974 -6.06513 
2.68202 -9.26996 0.396808 -4.47902 11.8368 -10.1626 4.90705 2.50146 -6.78155 3.85279 -1.59766 7.18909 2.96598 3.81257 4.80101 -1.15371 6.63458 14.3217 -4.61082 -2.86794 13.7274 -3.18871 14.5928 -3.54411 3.58353 1.43731 -0.68553 -2.83035 3.12967 -4.62739 -0.26257 -1.75801 -1.02434 8.09022 1.31888 2.13118 2.65708 -0.280317 4.1291 0.292096 0.748109 5.75689 8.17426 4.451 -8.97155 -5.44025 -1.60363 -2.1101 1.57976 -2.6949 
-0.918806 -8.13908 -1.10233 -2.69521 7.80736 -9.00404 6.86813 1.4928 -8.29101 2.19481 -0.775729 4.19153 1.75752 6.47649 5.22112 -0.370049 8.62661 13.5098 -3.45583 -6.01102 12.7449 -3.04199 9.73832 -5.36127 3.02508 3.09151 0.116799 -3.99757 2.25563 -2.79731 -2.43168 -5.31686 -1.30238 2.80143 2.15955 4.42131 0.25565 -2.07677 3.79195 -0.316399 -0.272091 4.63828 4.56725 2.72533 -8.44625 -3.72239 -4.33428 -2.45451 -2.57814 -5.31835 
-0.069762 -10.8577 -2.81967 -2.98814 9.35532 -8.03155 5.19606 0.686237 -5.73034 2.26756 -1.29094 8.41701 0.702577 7.88426 4.23929 -1.5353 6.40048 14.134 -4.41834 -6.86385 13.2675 -3.8056 12.1012 -5.97865 6.52238 6.4415 0.148868 -3.83767 3.53258 -0.790778 -3.18118 -3.89785 -1.37366 2.5805 4.15773 4.24866 4.15228 0.424193 7.2242 -0.227401 4.69712 5.46287 7.81321 3.04047 -9.74444 -4.7076 -4.84045 -1.66835 -1.31109 -3.90457 
-0.775865 -9.39624 -2.86557 -3.99704 6.58026 -10.4433 6.05035 -0.759374 -3.53168 1.61582 -2.10022 5.64009 0.260935 7.87088 3.3385 0.212549 7.94597 12.7907 -3.93653 -3.58813 15.1245 -3.48762 14.3194 -6.16226 4.57736 3.71983 2.42718 -3.22976 3.20332 -2.8411 -3.09333 -3.60841 -2.55602 3.94964 1.26411 6.25713 1.99895 -1.4864 7.25056 -0.908056 3.40651 7.01733 5.12419 3.06416 -9.27475 -0.570698 -4.7361 -1.66079 0.459767 -1.79485 
-0.477753 -5.71524 -3.14385 -2.22017 12.0056 -5.63905 2.77601 -0.954466 -3.85128 3.38142 -0.800712 9.05378 -1.05377 6.20761 4.03205 0.734688 7.03169 11.2798 -4.87637 -2.75071 16.043 -3.30269 13.9894 -6.05092 3.94409 8.17115 -0.625876 -5.51394 3.32083 -1.20122 0.790417 -3.19039 -2.38919 0.037307 2.23182 4.63566 0.430957 0.744046 7.50297 -4.08043 0.831013 5.13181 5.12775 2.62522 -9.04824 -0.403374 -3.89434 -1.72784 5.41491 -0.981262 
0.315906 -9.22278 -2.7816 -2.21629 8.15656 -6.20215 4.3086 -0.625396 -3.95155 0.347658 -1.04723 10.2494 0.646568 7.2546 3.39536 0.884038 6.78692 12.9582 -4.20671 -3.28813 16.5534 0.198306 13.4412 -6.94201 5.66866 6.27222 -0.815994 -2.97995 3.2187 -1.47652 -2.86554 -5.61173 -2.72052 1.0389 5.47291 3.62771 1.06646 -0.571158 6.47091 -5.26783 -0.227078 8.55126 5.59151 0.593946 -9.0563 0.881574 -4.02959 -1.33269 1.96941 -0.990675 
-2.65883 -9.09746 -2.88183 -4.86683 7.39769 -5.57102 4.98979 -0.830709 -4.41738 -1.62863 -0.242747 6.35324 -0.717833 4.63195 4.13021 -1.29358 6.47588 12.5284 -5.62191 -3.5979 15.1364 0.456782 11.9101 -3.02766 3.63201 5.10684 0.72885 -8.02777 2.45779 2.20812 -4.29562 -7.05018 1.78158 2.37463 2.5499 2.83359 -0.581184 -3.63981 7.21942 -5.58485 -1.6003 5.20009 3.63026 2.69879 -13.2546 -1.88006 -4.82691 -2.8531 3.33494 1.94447 
-3.49866 -5.89829 -1.46207 -4.35039 5.79674 -7.24449 5.36283 2.08279 -4.03884 -1.29571 0.286976 6.91698 -0.0740362 5.51641 3.21872 -0.346895 6.91211 9.9505 -5.08737 -3.19882 14.4845 -0.602366 10.3926 -4.87267 0.40342 5.7996 0.702745 -4.61243 0.91703 1.7594 -3.56268 -8.70245 -3.5568 0.70869 2.17146 0.591224 -0.67997 -3.44454 7.20407 -7.10362 -0.95334 4.93105 4.52352 6.73543 -11.1326 -1.51339 -5.44162 -2.61972 2.25622 3.17344 
-5.1845 -7.7932 -1.42523 -5.86869 6.15654 -7.80606 6.26626 0.790776 -4.90707 -3.20399 -1.16183 8.26312 0.542286 3.36334 4.12533 -1.29135 8.18378 9.56535 -5.64219 -4.26482 14.0942 -2.76305 10.453 -5.44991 0.208444 5.20085 -0.721067 -4.34914 2.76776 -0.113917 -4.17422 -7.24374 -2.56354 1.12972 2.35094 -0.878712 -2.42392 -2.6141 7.89162 -6.32506 -0.19615 6.58009 4.3295 2.82674 -11.4222 -1.17143 -5.62004 -2.08459 2.24197 1.13072 
-5.65367 -6.80441 -3.94499 -6.25918 4.85171 -6.81181 6.44188 -1.67393 -3.24015 -1.61332 -4.91297 7.15175 -0.246748 5.64894 3.76899 -3.84132 7.55682 9.02172 -3.44021 -6.58229 12.7953 -3.11827 10.4344 -4.42892 0.00997048 5.05297 -1.14412 -0.832833 0.781605 0.826134 -4.64676 -10.8272 -2.41188 0.151574 1.19094 0.20057 -0.899772 -3.45075 5.37965 -6.56717 -3.19864 3.6558 3.32164 3.62018 -7.9485 0.168538 -6.83842 0.00121783 4.28678 0.293529 
-3.72507 -7.27945 -5.6997 -7.76154 7.44654 -5.73143 4.0204 -1.97771 -5.30913 -3.00772 -1.0426 5.3852 -3.18255 7.20312 1.11167 0.0545263 4.68507 11.6722 -4.99971 -7.78841 14.2612 -4.40126 9.94574 -6.78424 0.727529 5.33173 -0.226278 1.89524 1.52237 4.97886 -7.47242 -9.99625 -0.916113 2.02651 0.415492 0.324751 -0.79648 -3.69805 5.52363 -6.08804 -6.00142 5.98744 0.559368 1.95935 -10.3015 0.304588 -7.55031 -1.06317 4.68655 1.50439 
-2.145 -5.66792 -7.6639 -4.36169 6.59049 -10.2897 3.25752 -1.16581 -4.27083 -2.39404 -0.786699 5.51744 -2.21039 6.80078 5.42697 -2.47491 4.29099 12.1192 -5.74206 -6.30591 13.8155 -4.80223 8.81357 -7.67551 3.3042 3.64175 1.76855 0.987553 2.41821 5.14125 -7.80866 -8.31533 -0.257903 -0.0543813 2.74262 -0.911271 -1.37408 -5.01614 2.84173 -9.26763 -4.23879 4.13789 2.9709 1.99544 -7.81249 0.0972042 -6.6804 -1.36556 3.28059 3.74713 
