0.238619 -1.02236 -0.438918 -1.33433 0.293999 2.02318 0.887118 -1.66483 -0.783959 1.13875 -0.0767495 -1.56023 -0.477654 0.447617 0.234211 -0.518902 1.73983 1.27513 0.337122 0.271219 
-1.23742 -0.47999 -0.687631 -1.43296 0.308337 -2.6539 -0.547981 -0.394638 -1.93532 -0.135161 -2.12675 -1.40588 -3.64165 1.35231 -4.00313 0.221609 -1.48688 1.15018 -0.995087 -3.01827 
-2.49729 1.02238 -1.51719 0.904506 -1.64786 -4.03157 -2.74148 0.212585 -3.52871 -0.677696 -4.81498 -0.291705 -1.1947 -3.08692 -3.92598 -3.38667 -3.6244 -1.69659 -4.01394 -1.76121 
-2.57946 -0.561309 -0.850419 0.443696 0.850346 -2.81163 -0.427702 0.505746 -2.96315 0.194673 -2.42587 -4.15791 -1.33384 -3.10587 -4.30557 -2.77843 -2.0903 0.814634 -3.6713 -1.36085 
-2.87245 1.15462 -1.46432 -3.4069 -3.38349 -2.12061 -0.54352 -0.866566 -5.86375 0.541787 -3.19217 -4.02816 -2.47674 -2.6693 -3.54147 -1.42539 -1.52559 -0.0811475 -5.72702 -3.13559 
-0.364902 -0.22588 -2.84601 -3.69437 -1.28249 -1.56782 1.73343 -2.6633 -1.95536 0.535442 -3.4821 -4.17274 -3.35496 -2.05689 -4.95226 -3.55191 -2.75796 0.971568 -1.73278 -1.2748 
-1.96348 -3.25875 -2.42862 -3.50157 -5.68417 -2.03955 0.238575 -2.88529 -1.48701 -2.32535 -0.747949 -4.51497 -2.24684 -0.152116 -4.3039 -2.03971 -0.615676 1.37283 -1.72698 -2.04555 
-3.88675 -3.60894 -3.29266 -6.28778 -3.96639 -4.37515 2.19276 -2.45021 -0.970798 0.260052 -2.25699 -2.86787 -6.68759 -3.67893 -7.21621 -1.20011 -1.46616 2.44471 -4.07358 -1.50604 
-3.63307 -5.07945 -3.62357 -3.19395 -3.99296 -3.15584 0.344192 0.354608 -4.37237 -1.14535 -5.02246 -2.74954 -5.19099 -4.44096 -8.8323 -2.48785 -3.7743 1.46588 -4.3076 0.809008 
-5.06468 -6.05949 -1.85136 -6.30186 -6.37765 -4.5667 -0.336841 -3.68804 -3.12101 -2.18881 -5.80466 -5.12597 -4.2907 -2.10542 -9.21375 -4.31911 -1.90539 -0.330166 -4.45066 -2.5087 
-2.14392 -6.03966 -4.81816 -4.53561 -7.80883 -3.60617 -0.347144 -2.72141 -5.98226 -1.10786 -5.05744 -1.76285 -5.28702 -5.47148 -6.2344 -4.05073 -1.45273 1.89333 -4.72887 -0.733425 
-4.30424 -6.81478 -4.62665 -3.38817 -5.63213 -1.15985 -2.08215 -3.33708 -5.41591 -3.54919 -1.95362 -3.06662 -3.72189 -6.11647 -7.00241 -2.99513 -4.61537 2.30513 -3.30999 -2.94451 
-1.86072 -5.66442 -3.33515 -2.01825 -5.5237 0.973478 -0.751653 -1.94646 -6.44508 -1.13712 -2.00665 -0.947454 -6.42394 -3.2433 -6.67057 -2.98551 -2.92054 3.86939 -2.94421 -1.8633 
-3.35666 -5.23655 -2.32934 -2.33311 -5.71589 -0.466718 -0.727818 -1.02276 -6.53683 -2.27483 -3.00091 -1.97441 -5.03141 -1.36325 -8.19605 -4.21833 -3.25913 4.87386 -4.40732 0.471627 
-5.62369 -4.72792 -4.42648 -2.27471 -5.97328 -3.59042 -0.468763 -0.407271 -5.49173 -2.22614 -2.31877 -0.0694059 -5.07677 -2.07163 -7.40029 -4.34522 -4.76599 3.62948 -2.48433 -1.46481 
-5.20383 -4.31436 -3.33055 -1.5927 -5.53848 -3.63078 1.11681 0.102092 -6.76424 -4.08564 -0.818175 -2.80812 -5.36974 -1.28037 -8.36167 -3.87288 -3.30883 3.37404 -3.24468 1.02945 
-5.41483 -4.10774 -3.43939 -0.428392 -7.68778 -3.79729 3.1828 -1.86674 -5.28656 -0.282166 0.491986 -0.0115523 -4.11414 -1.31839 -8.4292 0.0383319 -5.41537 4.12419 -1.40254 -1.58152 
-5.24787 -2.48432 -3.8658 -1.43035 -2.60444 -3.96311 2.29617 -0.529003 -9.71186 -2.89927 -3.77486 -3.18177 -3.43452 -2.71434 -5.6158 -1.71692 -6.70877 3.67037 -2.67134 1.42461 
-5.8706 -3.19328 -6.21513 -2.31284 -3.32866 -5.04759 3.68884 -0.827892 -9.19605 -2.09301 -1.01902 -3.50578 -0.908366 -1.15626 -6.43937 1.12983 -6.3375 3.72442 -2.03616 2.38786 
-2.43598 -3.22119 -4.10328 0.640902 -1.79861 -7.93527 1.98944 -2.82109 -5.08302 0.260737 -1.95134 -3.18824 -2.38247 -2.23679 -7.91983 -1.05408 -5.55858 4.01378 -1.8668 4.92816 
-3.09819 -4.99403 -4.49338 -2.592 -5.37312 -6.03691 2.56738 -0.666084 -7.67204 0.953646 -0.603916 -1.58004 -2.50114 -0.0450845 -5.3106 -0.904954 -5.08905 3.06065 0.104066 0.929557 
-2.47608 -3.68084 -5.49117 -0.240531 -4.66146 -6.44969 -0.0608893 0.554454 -9.31902 -4.33829 0.453576 -3.09824 -3.09319 -3.94484 -7.03833 -4.99059 -6.68702 4.1157 -3.03072 1.03002 
-2.89378 -2.70317 -3.76814 -2.33016 -4.61487 -7.15499 -1.73268 -2.92706 -8.58451 -0.430963 -0.248337 -5.31952 -2.45663 -3.24534 -5.05707 -1.68862 -8.73375 4.48037 1.31034 1.61088 
-2.18583 -1.47123 -3.05613 -0.319388 -6.71791 -7.16653 0.219156 -2.00489 -10.677 -0.56437 0.431696 -3.77076 -4.15569 -3.22854 -6.03677 -4.85536 -8.10579 1.69465 -2.48962 1.1446 
-1.37239 -2.29804 -4.04523 -0.743939 -5.40153 -6.36143 -2.55036 -3.16773 -8.68921 -3.22112 0.729676 -3.60872 -1.63098 -4.23621 -8.0128 -4.40258 -8.21013 3.1928 -2.7061 0.0861993 
-1.64132 -2.01349 -5.92147 -1.7751 -5.99131 -5.47835 -0.542413 -2.35573 -8.11839 -1.88325 1.33305 -3.13162 -0.595553 -2.43373 -7.88755 -5.7321 -6.7627 1.04331 -4.4338 -0.590184 
-1.97883 -1.56981 -5.41888 -0.11786 -4.3161 -5.06703 0.131882 -3.18095 -12.9563 -2.30627 -0.994379 -3.91171 -1.2311 -3.31669 -7.70083 -3.67777 -7.41128 1.97136 -4.13459 1.52609 
-0.0337175 -3.90128 -6.61803 -2.35302 -6.05887 -5.96457 -0.521693 -5.1735 -11.4119 -1.89581 -2.031 -6.67348 -1.54955 -2.6982 -7.79351 -4.83652 -7.67957 3.61052 -4.47809 1.53291 
-3.84518 -2.204 -5.83825 -1.38423 -6.03374 -5.47077 -3.78324 -4.39866 -11.2703 -2.70922 -0.757071 -4.74388 -1.74989 -5.05876 -9.99403 -7.35103 -7.73192 0.065482 -6.68328 1.92653 
0.21955 -1.89303 -7.98596 -0.890074 -7.57242 -4.60136 -0.25766 -4.11415 -12.3391 -1.30026 -1.27718 -5.45489 -3.50806 -5.39248 -7.8054 -5.94332 -7.75884 0.801347 -3.59477 1.7658 
-0.615351 -5.03465 -9.40011 -1.9195 -7.48311 -4.45835 -0.746663 -1.11592 -10.4453 -4.44221 -1.28547 -5.4707 -3.20293 -4.67322 -5.65157 -3.80122 -6.67478 0.136222 -2.85699 1.69519 
-2.09401 -3.91719 -10.5641 -1.53681 -7.12011 -8.79141 -0.992828 -3.40032 -11.1379 -2.41712 -0.815468 -7.09989 -4.31348 -5.22645 -6.37326 -4.02901 -7.90926 -1.55122 -4.94144 0.705226 
-0.968765 -4.7344 -8.79365 -0.392025 -7.15595 -7.06919 -2.80693 -4.56537 -14.2557 -3.75602 0.534608 -5.6958 -3.3276 -5.45779 -6.41458 -4.19521 -6.30168 -0.367471 -3.9289 -0.95225 
0.179644 -3.1019 -7.85907 -0.685004 -10.2936 -6.39416 0.70476 -4.88044 -11.2784 -4.00068 2.37975 -3.57974 -4.04962 -4.76616 -5.98487 -3.29277 -7.2604 0.304426 -2.43103 2.36992 
-1.25259 -3.44056 -9.52621 0.91249 -7.394 -5.36983 -3.00401 -4.90501 -13.1071 -3.71437 -0.379972 -4.81089 -1.1769 -2.54078 -6.71208 -1.35619 -9.98185 0.384893 -4.38546 2.42253 
-1.9337 -4.0005 -7.62406 1.18507 -8.58708 -6.9451 1.21985 -2.4143 -13.7809 -2.67962 3.3069 -5.79952 -3.77359 -1.75588 -6.54001 -1.3968 -6.54299 -1.10041 -2.33509 2.91726 
-0.715784 -2.46574 -8.15175 0.860248 -7.46184 -6.22399 0.0684084 -3.86498 -12.498 -2.87406 3.30865 -3.66421 -3.64529 0.72273 -6.94905 -1.3706 -6.50879 -0.857762 -1.13104 2.82813 
1.29451 -1.93279 -8.51614 -1.76002 -7.29347 -1.77457 2.13437 -1.57762 -11.1152 -1.29348 4.46423 -5.48147 0.273393 -1.3034 -3.3621 0.893167 -4.95538 -1.10302 0.598927 5.18162 
1.12028 -4.29363 -7.05862 0.794277 -7.31881 -2.28416 1.33079 -0.102251 -9.1809 -2.28145 4.35536 -1.75258 2.66301 -1.37578 -3.8646 -1.00873 -4.37764 -0.836618 0.246918 3.87082 
-2.25412 -4.53405 -9.48777 -3.32005 -7.60628 -2.30137 -1.91321 -0.443802 -10.7604 -2.92107 1.90861 -3.75611 -0.733631 -1.42913 -7.22142 -0.517272 -3.61399 -1.52501 1.77065 3.40676 
-0.143405 -1.11503 -9.51321 -2.97688 -5.58619 -2.29875 -0.325521 0.145385 -12.8969 -1.56391 1.88033 -3.39617 -1.12274 -2.04304 -6.0005 -0.547319 -5.35923 -0.978864 -0.148117 3.20297 
1.17874 -2.76559 -6.45766 -0.2596 -6.11389 -1.86485 2.78789 1.65347 -9.98232 -1.12245 2.7005 -1.6414 -0.859634 0.586605 -8.54272 -0.0606378 -3.25084 1.73935 0.229713 4.90983 
2.29931 0.628457 -6.42449 2.26855 -5.77596 -0.504878 2.88821 2.47534 -7.38764 1.00689 2.97765 -0.576099 1.3017 0.872403 -6.03441 1.44758 -3.66053 3.94509 2.49254 6.99813 
3.11462 -1.29618 -6.41783 -2.08236 -7.87028 -2.3816 0.714125 -1.66178 -10.5312 -0.739355 3.06019 -1.9683 0.766481 -1.26888 -7.9533 -1.21004 -2.41025 3.06653 -1.07369 6.0605 
0.832035 -1.85719 -4.98179 -2.43143 -6.71177 -1.51752 -1.56742 -0.634258 -9.38664 0.594037 2.59935 -0.600164 1.98839 0.182469 -8.776 -0.708195 -5.89294 -0.161462 3.33553 5.1998 
-1.88327 -1.20279 -7.2297 -2.87009 -10.3335 -1.99427 -0.639141 -0.491502 -12.2327 -3.89299 2.47264 -2.87387 -1.11115 -2.93141 -8.28304 0.966405 -5.61453 0.392086 0.777304 6.01565 
-1.07858 1.10864 -6.96534 -5.01699 -8.91683 -1.89498 -3.24854 -3.05209 -12.7283 -3.02433 2.20004 -1.66777 0.775292 -4.79081 -8.39023 0.9628 -5.8949 0.347953 -3.24877 5.57069 
-0.220538 -1.84892 -9.40815 -6.55634 -9.93672 -1.68782 -8.12002 -2.52545 -14.1926 -3.16103 1.04858 -1.91139 0.71911 -3.66604 -11.0119 0.398662 -8.10521 -2.54251 -0.376226 3.48719 
-1.08717 -1.50376 -8.49287 -4.15462 -8.73192 -2.23901 -5.06595 -2.5694 -11.9661 -3.96016 0.0636354 1.46629 1.09999 -3.80061 -8.65694 0.499435 -6.94058 -2.54648 -1.49093 4.17872 
-1.80595 0.484116 -6.10241 -3.69917 -7.8129 -2.60175 -4.31247 -1.6783 -11.5575 -2.41894 -0.762755 1.95691 3.34684 -2.16545 -10.5271 2.69814 -3.45147 -2.27772 -0.109921 9.42777 
