0.416631 -0.962647 -0.350591 -1.20513 0.343569 2.27741 1.16035 -1.34498 -0.691549 1.2648 -0.209057 -1.82183 -0.316289 0.720591 0.124015 -0.0783327 2.32288 1.59884 0.536057 0.246617 
-0.00784335 1.0109 0.516028 -0.0944284 1.40649 -1.55306 0.918055 1.17267 -0.760133 1.1691 -1.45186 -0.3118 -2.30411 2.79866 -2.94555 1.87679 -0.103835 2.82898 0.147795 -2.04505 
-0.568276 3.71676 0.772582 3.60109 0.418436 -2.14736 -0.389006 2.72596 -1.58344 1.82396 -3.20055 1.91619 1.36726 -0.982059 -2.17512 -1.18256 -1.46383 1.22815 -1.86288 0.654502 
-0.574846 2.02194 1.2072 2.75561 3.19398 -0.967725 1.99717 2.96162 -1.14197 2.99536 -0.626058 -2.03443 0.794839 -1.18303 -2.81008 -0.442948 0.03927 3.82393 -1.99916 0.820912 
0.0359348 4.64304 1.31335 -0.656727 -0.303023 0.492279 2.86473 2.29788 -3.59397 4.29216 -0.587715 -1.5059 0.252712 0.0303381 -1.52188 1.41511 1.44852 3.718 -3.37322 -0.279569 
2.46759 3.14135 -0.145601 -1.31138 1.2749 1.15744 5.0858 0.31502 0.684209 3.95013 -0.840232 -1.66412 -0.937993 0.525513 -3.23983 -0.898865 0.161809 4.84889 0.880949 1.7245 
0.879514 -0.383573 0.370514 -1.32784 -3.15525 0.496024 3.72172 0.0223262 1.47451 1.2247 1.81042 -2.41207 0.0890227 2.74482 -2.44144 0.793698 2.55233 5.39794 1.03737 1.028 
-0.960911 -0.921526 -0.331729 -3.84598 -1.42259 -1.47677 6.04786 0.717763 2.17642 4.06052 0.757434 -0.332856 -4.77855 -0.432091 -5.35629 2.06776 1.99308 6.77646 -1.21324 2.15104 
-0.185453 -1.6964 0.149667 0.359989 -0.543952 0.372345 4.80838 4.39986 -0.920463 3.13892 -1.50293 0.742445 -1.98072 -0.702211 -6.72503 1.18554 0.107669 6.43194 -1.03769 5.25347 
-1.30616 -2.54252 2.45605 -2.47276 -2.94277 -0.620004 4.45626 0.755757 0.565595 2.41786 -1.79346 -1.38063 -0.644117 2.08032 -6.42781 -0.123975 2.46304 5.04976 -1.01541 2.04389 
1.69937 -2.62873 -0.734917 -0.925876 -4.66985 0.494659 4.60091 1.61522 -2.59839 3.30728 -1.1212 1.99837 -1.85176 -1.79649 -3.30067 -0.0615955 2.40869 7.09743 -1.44617 3.57439 
-0.293866 -3.51781 -0.842543 0.64331 -2.08331 3.51003 2.64265 1.13524 -2.07547 1.07384 2.37995 1.2024 -0.0717546 -2.1084 -3.89516 1.02731 -0.430388 7.98029 0.103321 1.31331 
1.40468 -3.01261 -0.131506 1.65387 -2.95113 4.79558 3.26387 2.01754 -4.01617 2.74371 1.66517 3.0362 -3.78025 0.194945 -4.49861 0.715277 0.725289 8.97304 0.069881 2.2062 
-0.445643 -2.44985 1.00149 1.31948 -3.36221 3.16156 3.13919 2.84373 -4.21995 1.21177 0.547884 1.44297 -2.51164 2.01534 -6.27993 -0.912684 -0.0587111 10.0254 -1.38125 4.51655 
-2.12509 -1.56688 -0.985378 1.98368 -3.13965 -0.0157026 4.01341 3.89383 -2.75955 1.70241 1.75721 4.091 -2.19495 1.59424 -5.16123 -0.590175 -1.1904 9.22522 1.11218 3.09169 
-2.73372 -1.87446 -0.49733 2.19168 -3.29529 -0.781557 5.36699 3.6019 -4.82733 -0.967459 2.77119 0.448154 -3.23486 1.82671 -6.70556 -0.819852 -0.589827 7.97674 -0.517881 5.03707 
-3.17535 -1.80582 -0.875132 3.02704 -5.45782 -1.17883 7.31833 1.16089 -3.39607 2.9556 3.99229 3.18306 -1.76574 1.52143 -6.76672 3.37535 -3.57941 8.7039 1.26716 1.95832 
-3.13493 -0.50312 -1.75081 1.75631 -0.242285 -1.71038 6.14062 2.58952 -8.42 -0.0830269 -0.923636 -0.569341 -1.18868 0.0232623 -4.06475 1.23881 -4.88046 7.92553 -0.0421726 5.11984 
-4.39038 -1.36256 -4.91249 0.35644 -1.53729 -4.01484 7.35989 1.37322 -8.64304 0.0531925 1.37086 -1.58069 1.21908 1.33058 -5.87519 3.99857 -5.12825 7.49076 0.105769 5.63038 
-0.877402 -1.63681 -2.76579 3.09487 -0.0909217 -7.19972 5.05674 -0.693437 -4.3369 2.44674 0.558137 -1.58322 -0.602018 0.0159821 -7.41334 1.25839 -4.52761 7.82696 0.169942 8.32412 
-1.14751 -3.55508 -3.25883 -0.403871 -4.04355 -5.44287 5.53785 1.4525 -7.43845 3.51394 2.0009 0.0890213 -1.01681 1.87066 -4.59188 1.09251 -4.10952 6.49215 2.21936 3.98404 
0.400334 -1.07958 -3.11231 2.89656 -2.27515 -4.74794 3.78586 3.98734 -8.43633 -0.949391 3.85174 -0.644704 -0.0479978 -1.35743 -5.65945 -2.2125 -4.70563 8.66279 0.0795188 4.95442 
0.114418 0.0517571 -0.988577 0.580186 -2.29857 -5.27953 1.89863 0.442309 -7.3153 3.25283 3.19869 -2.67458 0.483543 -0.22338 -3.547 1.2227 -7.12569 8.85934 4.80264 5.7499 
1.54843 1.94173 -0.00228909 3.18621 -4.18855 -5.04132 4.07797 1.56468 -9.32524 3.39467 4.1327 -0.59717 -0.893591 0.0619487 -4.2846 -2.01596 -6.1647 6.23411 1.07946 5.23422 
1.99649 1.00164 -1.29907 3.01162 -3.26711 -4.25623 1.01485 0.0303684 -7.41445 0.0307768 4.39401 -0.732598 1.75721 -0.924283 -6.52649 -2.142 -6.30986 7.44971 0.801743 4.01804 
1.76131 1.20687 -3.63735 1.5223 -3.97698 -3.28866 3.06989 0.665506 -7.20636 1.01465 5.01599 -0.5531 2.66746 0.550943 -6.50094 -3.85245 -4.99231 5.09939 -1.60195 3.3047 
1.70347 1.84753 -3.23382 3.24992 -1.99507 -2.57799 3.92017 -0.287199 -12.3341 1.09342 2.66412 -1.44521 2.1417 -0.419812 -6.00404 -1.42221 -5.82071 6.18701 -1.45558 5.73104 
4.04264 -0.00230254 -3.78574 1.70564 -3.695 -2.98196 3.68103 -1.93737 -10.2814 1.94988 2.26906 -3.84984 2.23836 0.846605 -5.31343 -2.00612 -5.29786 8.47762 -1.31987 6.32156 
0.491905 1.84734 -3.02097 3.16179 -3.13365 -2.22788 0.798113 -0.691432 -9.84007 1.6792 3.89667 -1.55569 2.59057 -1.53038 -7.24834 -4.26053 -5.27012 5.18617 -3.36957 7.07705 
4.24768 1.97389 -5.87656 2.97993 -5.28059 -1.75827 4.05742 -0.541353 -11.45 2.40632 2.9684 -2.90563 0.0939138 -2.11546 -5.51083 -3.43922 -5.58001 5.4543 -0.507564 6.55008 
3.48755 -1.55294 -7.25187 1.84147 -5.14324 -1.60809 3.5122 2.55464 -9.55325 -0.985968 2.93782 -2.86634 0.559939 -1.18027 -3.01686 -0.56454 -4.11248 4.64741 0.257172 6.37418 
2.84371 0.53423 -7.70189 3.35873 -3.9535 -5.24342 4.33521 0.862481 -9.40278 2.20789 4.70893 -3.76449 0.389178 -0.873442 -2.56354 0.284115 -4.67336 3.90309 -1.11188 6.27983 
3.54744 -0.828831 -6.12112 4.05782 -4.90187 -3.94837 1.9953 -0.774376 -13.2286 0.297806 5.50241 -2.48539 0.607277 -1.5436 -3.29859 -0.399284 -3.29535 4.48344 -0.177882 4.11709 
4.30677 -0.145879 -5.85198 3.11494 -8.35536 -3.92611 5.039 -1.92582 -10.7895 -0.681218 6.74473 -0.620796 -0.523721 -1.52293 -3.30182 -0.00885618 -5.10231 4.85942 1.02006 7.15916 
2.44506 -0.277805 -7.80136 5.07131 -5.43036 -3.14307 0.880969 -1.96697 -12.517 -0.415197 3.72514 -1.99602 2.1546 0.758016 -4.32981 1.74063 -8.50029 4.4701 -1.22295 7.26946 
0.735454 -1.67344 -6.57047 4.39476 -7.46752 -5.23931 4.49907 -0.306844 -14.1667 -0.264941 6.79636 -4.12826 -0.756535 0.808969 -4.77629 1.23427 -5.83473 2.07049 0.470692 7.03093 
1.17033 -0.946014 -8.17531 3.13309 -7.03988 -5.39626 2.52127 -2.49996 -13.5031 -1.21551 6.50128 -2.66343 -1.79726 2.36675 -6.13116 0.37749 -6.07759 1.20287 0.901175 5.96671 
2.30154 -1.6024 -9.76449 -0.746774 -8.15433 -1.55455 3.65169 -1.34281 -13.1378 -0.587249 6.74613 -5.36217 1.39843 -0.837316 -3.49274 1.84433 -5.09522 -0.154105 1.37572 7.09493 
2.20654 -4.26809 -8.47901 1.62565 -8.21952 -1.92616 2.61119 0.290356 -11.2578 -1.881 6.44955 -1.44048 3.82358 -0.664378 -3.90439 -0.290998 -4.54575 -0.0666749 1.41047 5.7931 
-0.80717 -3.73823 -10.1191 -2.28522 -8.15309 -1.59717 -0.204219 1.12686 -12.2673 -1.73834 4.54924 -2.87622 0.705303 -0.0708549 -7.53548 0.931589 -3.19758 -0.28039 3.88506 6.09312 
2.12662 0.480075 -9.68046 -1.56667 -5.52977 -1.11124 2.1014 2.43299 -13.6036 0.269625 5.06298 -1.98864 0.820475 -0.211473 -5.83881 1.29305 -4.17092 1.09193 2.34907 6.525 
2.58357 -2.27027 -7.60127 0.235174 -6.90904 -1.58772 4.24787 2.71926 -11.7583 -0.094692 4.44963 -1.23588 0.343886 1.73352 -9.63127 0.828418 -2.99485 3.002 1.34685 7.41026 
1.91256 -0.584691 -9.19606 1.46579 -8.46373 -1.72752 2.27482 2.0629 -11.4009 0.237442 2.62404 -1.90353 0.987837 0.258226 -8.8034 0.747742 -5.43689 3.71618 2.08121 8.21129 
3.74252 -1.35837 -7.95848 -2.40191 -9.80683 -2.67999 0.596559 -1.48379 -13.478 -0.468539 3.8674 -2.42413 1.42654 -0.983415 -10.1713 -1.0376 -3.48193 3.98531 -0.973323 8.10249 
1.56668 -1.46967 -6.30867 -2.49917 -8.34785 -1.4041 -1.31858 -0.159514 -12.1233 0.989882 3.88183 -0.411411 3.07795 0.968395 -10.5808 -0.0839339 -6.79669 1.04851 4.13416 7.37114 
-0.699862 -0.208732 -8.08213 -2.42848 -11.5625 -1.41453 -0.135321 0.294232 -14.4388 -3.50281 4.30898 -2.24944 0.0512717 -1.85579 -9.61909 2.46884 -6.13907 1.76581 2.01696 8.73284 
0.28319 2.50717 -7.46406 -4.53226 -9.79156 -1.02282 -2.66805 -1.89737 -14.8914 -2.36657 4.10874 -0.195247 2.59273 -3.49634 -9.51543 2.82855 -6.26389 1.96463 -1.61662 8.74052 
2.06459 0.292942 -9.41575 -5.27499 -10.0339 0.182394 -7.19378 -0.374325 -15.2825 -1.56412 3.78103 0.487484 3.57691 -1.81566 -11.3703 3.12894 -7.76754 -0.239225 2.09445 7.598 
1.17591 0.283583 -8.60265 -3.02175 -9.08306 -0.645539 -4.18807 -1.08521 -13.0992 -2.9684 2.47503 3.77743 3.55922 -2.48426 -9.40732 2.93254 -6.65027 -0.549748 0.257078 7.998 
-1.12998 1.03729 -7.45489 -4.11044 -9.31246 -2.23579 -4.66882 -1.46388 -13.9439 -2.38946 0.0653997 3.14488 4.84003 -2.14283 -12.825 3.90559 -4.06651 -1.94833 0.501064 12.5873 
