0.269873 -1.02368 -0.432358 -1.31652 0.289887 2.07542 0.944589 -1.59452 -0.776275 1.1557 -0.13094 -1.65002 -0.450984 0.505018 0.186108 -0.415355 1.88261 1.3465 0.374137 0.246684 
-1.07224 -0.242853 -0.529583 -1.23778 0.437334 -2.52416 -0.317688 -0.136461 -1.78511 0.0505865 -2.1143 -1.278 -3.44674 1.57718 -3.8853 0.503983 -1.27944 1.43905 -0.853773 -2.92367 
-2.28184 1.44857 -1.20241 1.3313 -1.39461 -3.82846 -2.40944 0.588934 -3.30879 -0.304575 -4.68615 0.00053177 -0.804971 -2.82306 -3.75958 -3.09548 -3.3452 -1.20698 -3.73735 -1.41175 
-2.32466 -0.147182 -0.581021 0.783112 1.1985 -2.60108 -0.0571829 0.884802 -2.75885 0.668668 -2.22746 -3.87038 -1.04488 -2.87358 -4.19095 -2.43252 -1.80109 1.34607 -3.50804 -1.05727 
-2.45877 1.72801 -1.08663 -3.03678 -2.92243 -1.78829 0.00779506 -0.382382 -5.6259 1.1873 -2.86218 -3.7208 -2.11233 -2.3131 -3.37251 -1.0304 -1.09381 0.577798 -5.46604 -2.73633 
0.0351583 0.321419 -2.48232 -3.41807 -0.958174 -1.19729 2.27664 -2.22309 -1.60842 1.09581 -3.13452 -3.86185 -3.06931 -1.72569 -4.8606 -3.20126 -2.33387 1.65932 -1.39296 -0.828808 
-1.5628 -2.84921 -2.04001 -3.28516 -5.36996 -1.72351 0.815521 -2.46681 -1.05369 -1.72998 -0.425635 -4.31807 -1.98579 0.26342 -4.1732 -1.64167 -0.125503 2.099 -1.34795 -1.58138 
-3.49736 -3.2852 -2.89361 -6.03167 -3.68219 -3.99332 2.83802 -1.99415 -0.52045 0.890269 -1.84321 -2.58609 -6.57817 -3.20115 -7.12031 -0.716544 -0.929899 3.22121 -3.70222 -0.91531 
-3.1907 -4.65486 -3.09154 -2.7223 -3.55021 -2.69128 1.06647 0.961534 -3.92881 -0.472611 -4.56029 -2.29495 -4.81397 -3.91843 -8.75899 -1.98331 -3.21233 2.32635 -3.91416 1.52585 
-4.58611 -5.64743 -1.22166 -5.80386 -5.9882 -4.03632 0.42659 -3.02079 -2.66225 -1.47671 -5.25652 -4.65103 -3.84295 -1.50922 -9.00298 -3.72033 -1.25889 0.594844 -4.06111 -1.81149 
-1.61664 -5.63143 -4.22482 -4.07264 -7.47548 -3.00799 0.484319 -2.0583 -5.58148 -0.423133 -4.50457 -1.25817 -4.87209 -4.99054 -5.95757 -3.4833 -0.920464 2.79529 -4.35595 -0.0782469 
-3.75927 -6.46624 -4.14398 -2.83739 -5.21424 -0.433284 -1.34046 -2.66491 -5.0554 -2.83553 -1.31966 -2.45043 -3.2761 -5.57213 -6.70611 -2.44683 -4.02232 3.30849 -2.92941 -2.3314 
-1.43469 -5.40733 -2.92612 -1.48023 -5.28843 1.55279 -0.11908 -1.32807 -6.24937 -0.541634 -1.46871 -0.323655 -6.16909 -2.76968 -6.54561 -2.4396 -2.38976 4.80157 -2.58737 -1.21587 
-3.01126 -4.92539 -1.86836 -1.78353 -5.52395 0.0761705 -0.119196 -0.414279 -6.35503 -1.77095 -2.47991 -1.48959 -4.79374 -0.889108 -8.12459 -3.76428 -2.83405 5.83617 -4.03025 1.12924 
-5.18384 -4.38101 -4.00246 -1.62565 -5.71652 -3.12961 0.241911 0.253546 -5.26291 -1.6679 -1.71994 0.552671 -4.80675 -1.58572 -7.30724 -3.83476 -4.30494 4.64676 -2.01752 -0.733673 
-4.93816 -4.05702 -2.96491 -0.965161 -5.3353 -3.26073 1.87261 0.651278 -6.64539 -3.64153 -0.244331 -2.32599 -5.19638 -0.839318 -8.32014 -3.44671 -2.97464 4.2269 -2.90834 1.71845 
-5.19297 -3.86869 -3.1281 0.12827 -7.46854 -3.47108 3.92673 -1.42787 -5.16079 0.214564 1.061 0.473296 -3.86229 -0.93123 -8.36622 0.562391 -5.30462 4.99042 -1.06222 -1.00161 
-5.03239 -2.30512 -3.64976 -0.919233 -2.32034 -3.70914 2.98841 -0.0366458 -9.72247 -2.49014 -3.3561 -2.82876 -3.18245 -2.32687 -5.55504 -1.26939 -6.57167 4.4757 -2.31373 2.07576 
-5.75765 -2.98383 -6.15108 -1.87249 -3.13004 -5.05785 4.40502 -0.516448 -9.3384 -1.79669 -0.655597 -3.27034 -0.617207 -0.766148 -6.57864 1.6251 -6.29916 4.46684 -1.74101 2.98604 
-2.28737 -3.06548 -4.01555 1.03605 -1.60894 -8.01328 2.55347 -2.51579 -5.15812 0.582101 -1.54091 -3.02684 -2.17277 -1.89704 -8.06091 -0.697892 -5.55524 4.78318 -1.58653 5.58268 
-2.83323 -4.86997 -4.4256 -2.26166 -5.27918 -6.1455 3.11313 -0.354893 -7.87987 1.38646 -0.158845 -1.39262 -2.36458 0.210257 -5.38485 -0.627112 -5.09149 3.73335 0.414349 1.49844 
-2.08815 -3.36868 -5.24024 0.219173 -4.40848 -6.3852 0.594213 1.0956 -9.48006 -3.80925 0.985165 -2.82675 -2.65879 -3.63649 -7.06274 -4.62973 -6.54553 4.96364 -2.57841 1.70651 
-2.48395 -2.36308 -3.42126 -1.94727 -4.39555 -7.05705 -1.15128 -2.41778 -8.6535 0.164884 0.282319 -5.00971 -2.06553 -2.83172 -5.05974 -1.30547 -8.70944 5.26763 1.85346 2.33207 
-1.60773 -0.981594 -2.66537 0.195756 -6.47157 -7.03147 0.831557 -1.47213 -10.7549 0.0756255 1.00064 -3.34703 -3.70759 -2.77262 -6.00442 -4.52365 -8.02142 2.49446 -1.95699 1.82055 
-0.872615 -1.81732 -3.71692 -0.137695 -5.24166 -6.2096 -1.99653 -2.71498 -8.76604 -2.75356 1.3108 -3.24463 -1.12589 -3.75212 -8.03138 -4.20797 -8.11473 3.93709 -2.16807 0.740981 
-1.1106 -1.53296 -5.69873 -1.27336 -5.84286 -5.28161 0.0460316 -1.93003 -8.27345 -1.49151 1.94094 -2.82782 -0.103283 -2.0181 -7.91194 -5.62073 -6.68141 1.75395 -4.06025 0.0760676 
-1.39164 -1.05558 -5.24395 0.382723 -4.10373 -4.8084 0.748251 -2.81088 -13.2117 -1.7969 -0.413748 -3.65929 -0.729138 -2.94576 -7.66034 -3.48343 -7.40004 2.7054 -3.82365 2.25718 
0.588748 -3.32765 -6.33811 -1.73543 -5.90793 -5.64326 0.135569 -4.78239 -11.6006 -1.33686 -1.34694 -6.39594 -1.0065 -2.22209 -7.61057 -4.55712 -7.52371 4.45072 -4.10843 2.3515 
-3.19619 -1.6337 -5.60773 -0.67772 -5.78043 -5.12307 -3.067 -3.92311 -11.4217 -2.04611 -0.0208996 -4.41124 -1.09998 -4.63245 -9.78323 -7.04528 -7.59928 0.930226 -6.31608 2.79949 
0.846503 -1.31047 -7.88732 -0.30666 -7.42355 -4.3007 0.448303 -3.61257 -12.5764 -0.761844 -0.590359 -5.23513 -2.99845 -4.97234 -7.65577 -5.736 -7.64108 1.60034 -3.22689 2.60096 
0.0272085 -4.56313 -9.29575 -1.37109 -7.32599 -4.16069 -0.0611606 -0.592402 -10.6868 -3.9777 -0.609761 -5.24076 -2.654 -4.19861 -5.41327 -3.39717 -6.45642 0.8912 -2.48667 2.49637 
-1.35748 -3.31456 -10.3991 -0.811894 -6.87124 -8.43753 -0.148829 -2.84963 -11.2832 -1.7667 0.0825984 -6.80455 -3.64167 -4.65092 -5.94732 -3.46446 -7.64132 -0.672455 -4.51004 1.61712 
-0.280332 -4.2141 -8.61286 0.278135 -7.09038 -6.76497 -2.03974 -4.07662 -14.528 -3.1949 1.34739 -5.36691 -2.79923 -4.93512 -6.11169 -3.7051 -6.02898 0.413121 -3.45116 -0.111517 
0.844956 -2.75905 -7.7775 -0.109781 -10.231 -6.18566 1.4271 -4.53797 -11.6148 -3.55775 3.11055 -3.23608 -3.54985 -4.34423 -5.71718 -2.85963 -7.13725 1.08755 -1.95186 3.21754 
-0.681167 -3.01642 -9.49798 1.61089 -7.30003 -5.20341 -2.38101 -4.54274 -13.3914 -3.25266 0.30364 -4.48254 -0.706297 -2.07918 -6.50284 -0.950204 -10.0206 1.06303 -3.96139 3.3104 
-1.5483 -3.70929 -7.68349 1.71931 -8.62834 -6.82495 1.77323 -2.18356 -14.2366 -2.36428 3.91817 -5.68888 -3.29239 -1.3992 -6.40391 -1.02188 -6.69751 -0.576854 -1.91207 3.7004 
-0.444833 -2.29567 -8.40662 1.23768 -7.59403 -6.24446 0.495408 -3.73751 -13.0231 -2.66577 3.93934 -3.63703 -3.38483 0.92702 -6.97223 -1.13765 -6.63844 -0.53876 -0.819862 3.44394 
1.45975 -1.95386 -8.97191 -1.59307 -7.64255 -1.82603 2.44011 -1.62501 -11.7841 -1.21106 4.9805 -5.56066 0.471126 -1.2871 -3.51011 1.04302 -5.10593 -0.953779 0.700773 5.5964 
1.31429 -4.39168 -7.5548 0.918107 -7.6719 -2.29067 1.57826 -0.0992327 -9.85783 -2.27628 4.8269 -1.77173 2.87748 -1.28498 -3.98064 -0.916188 -4.52901 -0.729703 0.46221 4.29502 
-2.04049 -4.4997 -9.84639 -3.2199 -7.94162 -2.29225 -1.62743 -0.196109 -11.3601 -2.78019 2.45092 -3.69862 -0.522208 -1.23991 -7.49267 -0.303116 -3.68411 -1.36709 2.16806 3.96165 
0.21875 -0.93871 -9.82214 -2.85147 -5.83354 -2.23466 0.0798339 0.51238 -13.3544 -1.32194 2.49377 -3.2715 -0.850567 -1.80161 -6.21886 -0.303466 -5.29492 -0.671565 0.276587 3.85479 
1.45013 -2.74463 -6.88796 -0.238786 -6.44825 -1.90396 3.07446 1.83151 -10.5867 -0.954882 3.06669 -1.64517 -0.643671 0.786982 -8.95786 0.0687397 -3.29577 1.97159 0.42189 5.48289 
2.31083 0.412435 -7.06961 2.16552 -6.39801 -0.723513 2.83733 2.47979 -8.37466 0.913036 2.9983 -0.823589 1.33329 0.821304 -6.67883 1.37289 -4.03163 4.00007 2.49729 7.45018 
3.27844 -1.32237 -6.8511 -2.17941 -8.41256 -2.47283 0.672688 -1.62184 -11.3517 -0.673854 3.27338 -2.10288 0.939158 -1.19935 -8.57309 -1.17162 -2.71439 3.31044 -1.05512 6.61369 
0.96111 -1.8237 -5.42034 -2.52328 -7.23546 -1.55949 -1.57211 -0.576745 -10.2134 0.629825 2.87927 -0.621397 2.21519 0.325663 -9.34615 -0.609514 -6.21499 0.0984905 3.48222 5.72446 
-1.69365 -1.0653 -7.60063 -2.88471 -10.8081 -1.97086 -0.636635 -0.411373 -12.9763 -3.92178 2.84205 -2.83815 -0.927305 -2.77146 -8.78713 1.24387 -5.89517 0.634114 0.982417 6.62759 
-0.887562 1.30977 -7.2866 -5.06746 -9.34162 -1.83878 -3.27264 -2.91808 -13.5078 -3.02716 2.54165 -1.44626 1.09177 -4.61833 -8.88399 1.29258 -6.18044 0.609155 -2.98331 6.25955 
0.11615 -1.55168 -9.70275 -6.49603 -10.256 -1.46538 -8.1575 -2.22566 -14.7852 -3.01384 1.50843 -1.54338 1.21348 -3.44906 -11.4031 0.857917 -8.30475 -2.20082 0.0115516 4.32657 
-0.713925 -1.26151 -8.77297 -4.09257 -9.07848 -2.05014 -5.07411 -2.41061 -12.528 -3.93696 0.477721 1.85277 1.52725 -3.68804 -9.11343 0.919498 -7.11052 -2.24657 -1.2595 4.98046 
-1.70487 0.551386 -6.55985 -3.89745 -8.31083 -2.58602 -4.49563 -1.70431 -12.2996 -2.49586 -0.61977 2.19897 3.67294 -2.24426 -11.2449 2.94556 -3.70586 -2.27206 -0.0267317 10.2127 
