-0.35506 -2.22952 1.41633 0.310641 0.847375 1.00545 -0.577601 -1.58362 1.40994 -1.15769 -0.18258 0.311406 1.1628 0.692286 1.95035 -2.0091 -1.26691 -0.592503 0.913964 -0.42591 0.718706 -1.72396 -0.690633 0.36581 1.26306 -0.391769 0.00552348 2.13825 0.241803 -0.50269 -1.52131 1.85565 -1.43174 -0.497256 1.72141 1.71859 -0.0690078 0.599189 -0.0185101 -1.34501 -0.279349 0.574829 2.10366 1.16971 -0.560706 0.663041 1.06736 0.185403 0.328639 2.90904 
0.513755 -2.35371 1.87886 1.37905 -1.44104 -0.00593186 -0.480163 -0.455935 1.49219 -3.95896 0.343182 -3.43213 -0.705418 0.167598 0.930146 -1.76951 0.212005 1.62076 -2.06035 1.2464 0.789447 -0.304005 -1.78075 -0.577094 1.01537 -1.33725 -0.379362 0.849465 2.18962 0.618294 -1.77576 2.29982 -0.0286527 0.158603 1.78725 1.19532 -0.0124749 -1.35549 2.41259 -1.17619 0.0468925 1.9365 0.750272 -0.345386 -0.224403 -0.690073 -0.0199187 -1.18259 -1.73839 0.132903 
-1.36181 0.50712 1.99198 0.726371 -0.706289 -4.17115 0.95172 -0.262081 2.17906 -1.64498 1.12561 -3.9731 -0.562045 -2.38978 2.44247 1.03862 3.38817 0.723004 0.945834 -1.03932 0.702311 -2.81826 0.401004 0.913233 0.562635 -0.305407 0.143777 1.14927 1.41743 -0.645494 -1.48052 0.243089 -0.937194 -0.793981 0.0747161 1.5285 -0.598333 0.486824 2.92136 -1.18677 -0.729625 3.06626 2.90652 -0.0322834 2.45627 -0.321983 -0.833477 0.216176 0.915132 -1.1347 
-0.208779 -1.87347 0.903428 -1.01647 -0.378958 -2.08741 1.35674 -3.9593 -0.220538 -4.39793 2.4839 -3.75689 0.428102 -1.03784 0.870743 0.872839 1.48731 -0.747486 0.599437 -1.52891 -0.470721 -0.432809 0.304742 -0.619979 0.558496 0.354939 -1.6652 -2.44246 0.828249 1.34039 -1.80183 2.28414 -1.32069 2.45566 0.0670308 1.16099 -2.10596 0.21134 0.671458 -0.565663 -1.07095 3.03479 1.77933 -0.782043 1.40451 -0.744709 -1.88529 -2.23898 0.293818 -1.65563 
1.79193 -2.81389 2.05987 -1.42231 -1.48303 -0.889976 -1.51625 -1.9475 1.04499 -4.87195 -4.03904 -2.70627 1.52409 -4.56569 1.53745 -0.540122 0.237144 0.156697 2.3533 -1.16062 -1.20761 -0.825271 -0.863937 -2.96215 -0.886511 -2.12721 -3.51813 -0.428302 0.510517 -0.38625 -2.56004 1.77776 -1.7087 2.16116 0.0392096 2.36533 -2.0912 -2.50301 3.83929 -3.42404 -0.531477 -0.374854 1.37329 -1.35868 1.13239 -0.925928 -2.53388 -1.9972 -2.85535 -0.823956 
3.62929 -2.84323 2.0985 -1.63863 -0.771066 -1.03461 -1.24174 -1.01081 1.8781 -4.6949 -4.82619 -0.570407 -0.271829 -2.0192 0.932464 0.342488 1.57131 2.55148 3.18771 -2.35964 -1.69698 -2.20428 0.758562 -1.33254 0.461226 0.29442 -0.156265 -2.12373 1.82007 0.823833 -1.48533 0.130541 -0.923835 1.49492 0.495277 4.46279 -2.48246 -1.24564 2.03237 -3.46821 -1.48026 2.94471 2.85446 -0.739601 0.108129 0.047201 -2.4648 -2.56511 0.415549 -0.162409 
2.99668 -2.2821 4.59788 0.174518 -0.452051 -0.936873 1.04889 0.889182 0.561767 -3.30991 -0.736942 -2.36628 -0.464717 -2.58273 1.29857 0.0109977 4.00772 2.31007 2.17304 -1.18995 2.50163 -3.46818 -1.68198 -1.1256 2.47614 0.863528 0.0294662 1.00396 2.68683 0.854755 -0.670634 0.418387 -1.4017 2.87728 1.28469 7.08306 0.391652 1.99133 0.670464 -0.167857 2.23808 4.22903 4.11905 0.364539 0.432726 1.6481 -1.43433 -1.22951 -0.873005 -0.250087 
4.09279 -2.13569 6.85077 -3.03049 -1.04405 -1.06093 0.201792 0.711731 -2.79465 -4.80956 -2.17542 -3.279 0.238918 -1.73037 -0.501245 -0.867246 3.54728 2.5258 1.03406 -0.945321 -0.0459608 -3.62818 -2.55666 -4.14775 1.77987 0.175113 0.814413 -0.404537 0.917915 0.867873 -1.25895 1.68396 -1.16629 -0.287214 1.16031 3.90306 -3.10473 0.80342 0.876536 0.975267 0.517503 2.46493 1.93461 0.311963 -1.79014 0.598975 -0.642281 -2.04455 -1.29935 -0.975305 
2.29669 -3.08772 3.51591 -1.64116 1.9577 -3.52868 0.495919 2.53562 -5.07019 -3.72037 -4.59948 -1.66418 -0.229509 2.83514 -3.13907 2.05641 0.6114 2.17466 -1.16293 -0.705371 1.68387 -2.05056 -2.7541 -6.41917 1.40231 0.336391 0.726068 -0.763564 1.93329 -0.700729 -1.75779 2.93434 -2.12578 2.4368 2.50104 3.33133 -1.57787 1.89593 2.28826 -2.80329 0.405585 1.38173 4.37623 0.633191 -0.793653 0.172003 1.06699 -3.6088 -3.45916 -1.68054 
1.67598 -3.76534 3.85826 -2.1804 1.51292 -5.80253 -1.19515 1.15255 -2.33339 -3.56382 -3.76934 -1.25021 -0.113632 0.934547 -0.862293 -1.06672 2.17042 -0.393865 -0.560903 -4.73605 6.2894 -1.74301 -3.07419 -1.86028 2.37149 0.186607 2.41967 -4.17878 3.76344 -1.11876 -1.73427 0.633152 -0.0640411 0.747388 2.01123 3.5563 -2.466 0.661722 -1.78663 -3.42077 -0.297058 5.69834 4.96727 3.09878 0.156881 1.01883 -1.64883 -2.51636 -0.554338 -2.1008 
6.76929 -5.2406 4.33382 -3.61957 0.925521 -6.7033 1.01884 2.32691 -0.95871 -3.80638 -5.60227 1.28421 -0.817843 -0.473041 0.282741 1.17347 2.32685 1.76161 -1.81018 -1.43929 4.45113 -2.21924 -3.86118 -4.60653 2.49805 0.699454 -0.350657 1.3948 0.853937 1.81308 0.00203665 5.22212 1.65612 1.37133 0.560839 4.65767 -1.62628 3.82837 1.20252 -5.72029 -0.939704 5.54112 7.18428 0.0813881 -1.28718 0.313071 -3.25306 0.476063 -0.974006 -2.28365 
5.6878 -5.51436 3.48412 -2.5012 3.94529 -5.57554 -1.41742 3.29157 0.211506 -3.97414 -3.61615 -3.2589 0.592191 0.937988 3.77906 1.03173 1.85207 2.73598 -3.93433 -3.65085 5.20177 -3.38477 -4.22849 -4.23379 2.95459 -0.580344 -0.54084 -1.232 0.13622 -0.686004 0.338354 2.38684 1.55421 -1.21781 3.82682 0.811185 0.19927 2.98329 1.4069 -5.54467 0.350478 2.88723 5.19621 1.45135 -0.667366 -0.619196 -1.29721 -0.231378 -0.943235 -1.15306 
6.02589 -4.27281 5.41965 -1.8827 1.95759 -5.87461 3.22152 3.18674 1.13517 -2.52598 -4.50627 -1.40291 0.800395 0.600905 0.0524117 0.629168 1.91335 3.74821 -2.5036 -4.37252 4.69489 -4.75668 -4.30243 -5.18832 3.80592 1.21788 2.53299 0.0554246 3.84306 -2.13878 0.748478 3.22507 0.194325 0.713931 1.46888 5.04312 0.197184 3.669 -0.136645 -4.48985 -0.387275 4.82192 3.78404 0.285797 1.53673 0.847572 -1.11061 1.52231 -0.628689 -2.07217 
3.92561 -5.7721 3.9258 -1.04434 3.44798 -4.53126 2.00186 2.23414 -0.549155 -2.03448 -1.92774 -2.50287 0.796995 0.132626 0.304493 -0.0971517 3.49687 5.61295 -1.76859 -6.22895 4.76649 -3.73651 -3.96921 -5.78347 3.23092 -0.520088 1.9185 -0.377135 2.36328 -0.578336 -0.466901 3.88345 1.55823 1.3697 2.34783 5.25475 0.408925 2.0466 -0.440333 -3.58167 0.912087 6.90928 3.05299 0.159936 0.887904 -0.34669 -1.32804 1.50728 -2.31089 -4.76551 
4.69127 -2.76334 5.26672 -2.60722 7.02388 -2.4677 0.655495 3.69603 0.610979 1.43161 -4.01224 0.442739 1.41815 1.17377 1.84477 -0.193068 5.23309 5.37948 -1.66931 -4.47771 5.85065 -4.39527 -3.86485 -4.25454 5.69163 -0.182543 2.20259 -3.11515 3.22684 -1.168 1.95435 2.44498 0.454358 2.65701 1.98842 2.22235 -0.573661 3.44078 0.389484 -2.55808 0.591036 2.51377 5.76025 2.0849 -1.21099 -0.882718 0.627943 -0.124269 0.34488 -3.57123 
3.18863 -7.1123 2.38365 -3.46063 4.38626 -5.21187 1.38162 3.17531 -1.40008 -1.60058 -2.43516 -1.58578 0.70611 4.66211 0.386651 -0.975732 4.34626 4.69159 0.323956 -3.52351 5.74013 -7.78767 -1.74542 -7.17909 1.51654 0.219458 1.48457 -4.99557 1.13034 -1.5347 -1.71682 2.37893 0.79077 2.23037 2.11988 3.93491 -0.331183 -1.33238 1.55634 -3.56678 -1.93995 3.81533 7.50781 0.940253 -2.33431 -2.48008 1.44657 0.155853 -2.23767 0.070265 
1.66176 -7.067 2.80307 -2.16721 5.7918 -4.21972 2.44658 2.39744 -0.955957 -0.351036 -5.34855 -1.11953 0.437904 2.89902 0.224644 -2.69697 5.29852 7.07608 -3.12723 -5.78143 5.68953 -7.15235 -0.827119 -6.1619 2.39086 -0.862415 -0.0378955 -4.2156 1.3517 -3.99022 0.0307392 2.39254 2.94802 3.04554 -0.531146 1.87603 -2.43507 2.12125 -0.842886 -3.60586 -2.70464 3.04308 4.02861 2.06466 -5.1685 -3.45844 -1.15868 -0.926635 -2.53975 -3.17931 
2.63179 -6.48092 1.82778 -3.88358 6.80177 -5.97181 -0.467854 1.97953 -0.249736 -2.05036 -3.72773 -1.65882 0.0473792 1.81804 -2.31242 -1.85198 3.92543 3.09682 -6.05982 -6.18824 2.47605 -4.39009 -2.15706 -7.49814 -0.268093 0.755697 0.0880681 -5.22101 2.04235 -3.49562 -1.42254 2.80258 -0.338496 3.29586 0.899232 1.50587 -1.87335 3.39994 1.88335 -3.41895 -1.59643 2.62461 7.43252 0.227522 -4.83935 -4.76512 0.784532 -0.501668 -1.40663 -0.657146 
1.80089 -5.57732 1.373 -3.32326 6.92711 -3.80781 2.13057 2.73993 -1.76811 1.28035 -4.47024 2.04381 -0.250239 0.352719 0.00167945 -2.4785 4.99989 4.51779 -3.33354 -4.16417 3.81958 -5.57263 -0.492487 -7.3496 -0.26626 2.19803 -0.505325 -4.95784 2.0794 -5.9966 -2.50813 -2.27669 -0.604422 1.47968 0.226966 4.08689 -0.664033 4.93566 5.36692 -1.8802 -3.57308 3.7859 8.00551 2.02579 -6.59257 -6.25192 1.44611 1.33526 -1.6993 -1.89405 
1.68421 -6.31894 1.56029 -1.64541 5.6606 -5.42979 1.10379 0.960388 -2.14193 -4.42723 -4.61133 0.0702081 2.04756 -1.3731 0.773764 -1.66666 5.87621 3.15035 -4.54014 -3.93009 4.18825 -6.16852 1.54493 -6.56201 -0.205757 4.7288 0.0312672 -4.24066 3.34604 -4.9849 -2.27562 -0.21353 0.316271 1.85809 2.44482 6.62571 -1.21037 1.49237 3.11475 -3.03142 -3.77925 1.93618 9.51077 3.91518 -7.80869 -6.00557 0.605486 0.305239 -1.66126 -2.49385 
2.63548 -7.68644 2.49916 -3.75808 6.10475 -5.27682 4.52745 2.6069 -3.84849 -1.10951 -3.21287 2.43935 -0.554468 1.01414 -0.433112 -0.358863 3.3482 5.31395 -4.62716 -3.03601 5.44455 -2.76305 2.60127 -8.78797 1.10225 3.62657 -0.891962 -3.2717 4.66483 -6.25547 -0.0955138 -0.724146 -1.40261 0.834803 1.58609 7.22376 0.59808 1.39422 -0.0467635 -2.50473 -3.0061 0.0421017 11.9149 3.2168 -6.47357 -5.36789 -0.413921 1.37343 0.116474 -1.66346 
0.293716 -6.72533 5.33677 -3.01747 3.86103 -4.77042 1.51491 1.12945 -3.15202 -2.66269 -3.36352 2.96129 2.21978 4.56823 1.64805 -2.01408 3.48145 3.15778 -3.51588 -3.34109 3.8913 -0.960225 3.42824 -7.93535 0.646683 2.54976 0.153904 -1.64229 4.71889 -7.05213 -0.79656 -0.478914 0.344242 1.44584 1.41995 5.00053 0.230054 2.16886 -0.138019 -2.23801 -1.59517 1.40564 8.78337 6.36196 -8.64047 -4.70046 0.810446 0.862177 -3.15175 -3.07696 
2.92929 -7.09099 2.74851 -3.94239 3.68581 -6.89228 5.11336 2.58076 -0.287458 -3.0014 -3.01546 2.75314 -1.5272 1.28763 3.61236 -3.49665 4.086 4.00193 -1.12335 -3.55235 6.98517 -2.52898 3.52332 -9.0799 3.89892 2.9853 -1.75573 -3.78732 2.23299 -6.98866 -0.801633 -1.77874 0.700188 2.63246 1.28631 7.03902 1.51286 3.13673 0.468187 -6.81851 -1.35467 1.27576 8.06472 3.37761 -9.6876 -5.59403 -2.92091 2.05181 -3.82754 -1.71463 
2.97254 -7.09434 1.90397 -3.10845 5.8639 -5.22157 3.98461 3.05944 -4.1159 -5.7854 -1.61535 1.62723 -0.189902 2.79567 3.39795 -3.03729 6.16066 7.80432 -3.4678 -3.70856 7.58555 -2.39896 3.64123 -9.54301 5.12621 3.63388 2.39458 -1.79948 1.73557 -4.46181 0.531855 -0.79989 -2.49137 3.29569 2.89736 4.20802 0.0930711 2.20035 2.33599 -6.43429 0.754413 -0.362381 4.79735 4.33311 -7.55513 -5.56179 -0.399441 2.93941 -2.51272 -2.22138 
2.25614 -8.04629 1.68776 -4.47136 6.97717 -5.67038 4.97859 2.55961 -3.53564 -3.13836 -1.7167 2.14637 -1.62637 2.11826 4.03136 -1.01365 5.4129 8.72538 -5.0998 -3.18753 7.98809 -3.13833 6.93691 -10.3397 3.26957 5.01571 -0.590944 -3.77208 2.46873 -5.56693 -1.55066 -2.29492 -1.72326 3.82413 2.88978 3.84328 -0.432109 2.33213 0.992694 -4.333 -0.0596901 3.52315 6.92431 2.93014 -6.28025 -8.25662 -0.181563 -2.2222 -4.47523 -2.16942 
-0.413415 -8.73172 2.62598 -4.74069 7.13942 -4.56202 3.4702 2.83708 -6.94462 -5.14108 -5.3481 1.75387 1.54324 1.80868 2.90049 -0.506185 5.67529 7.98759 -4.21175 0.230467 6.81533 -2.87638 5.10422 -7.98041 5.16747 3.72887 -3.20983 -4.17248 -1.80423 -5.39809 -1.39656 -1.30497 -3.3819 4.87659 3.39209 2.32541 2.18892 0.331789 1.73404 -5.07391 -1.09616 1.30267 6.21998 3.20316 -6.54494 -9.72115 -0.851615 1.56315 -5.1008 -3.17869 
2.00074 -9.0226 2.67098 -5.922 8.37667 -0.663933 1.85105 6.18894 -5.50806 -1.76567 -3.21473 5.47277 2.34869 4.67004 3.09536 -0.852915 4.33694 10.0622 -5.60696 -1.31423 9.5806 -0.913782 8.10022 -7.40641 4.93415 5.26549 1.81914 -2.04902 1.66689 -4.23847 -1.3608 -0.326863 -3.74846 4.30364 3.41222 3.20479 1.03504 -0.488713 1.4853 -2.40062 -0.407628 2.01757 7.2121 3.20852 -8.76678 -6.93739 -1.95399 1.39708 -4.95181 -2.97065 
2.64857 -8.28848 6.29989 -1.26586 10.3215 -2.999 3.2156 5.45323 -5.52495 -2.54545 -2.01844 6.08828 2.56726 2.35842 4.68253 -0.489433 8.01959 11.4119 -5.29285 -0.286008 9.91187 -3.82707 8.34763 -5.14943 5.66241 5.31598 1.01482 -2.34316 1.38537 -0.0361763 -2.20382 0.880698 -0.390714 4.87078 2.80289 6.0362 1.38651 3.21762 3.93427 -0.666421 -0.61874 3.80436 7.47711 2.90624 -8.74036 -7.15589 -0.914748 1.53389 -4.94379 -2.52654 
1.16567 -6.24855 4.67821 -3.54685 8.95567 -2.001 0.916337 3.42314 -6.98234 -2.14885 -2.25087 5.99302 2.99043 2.99415 2.54563 -0.0703089 4.90538 12.6298 -5.36136 -1.20778 8.39483 -5.78128 9.20312 -7.069 2.32717 2.32768 -2.62968 -1.01646 0.637825 -0.646073 -2.13173 -1.10508 -4.93195 3.18269 2.0669 1.10245 1.09608 4.3263 4.24778 -1.43221 -0.556794 2.26829 5.29858 1.8067 -10.2702 -6.26141 -2.43965 2.9298 -0.488615 -3.80696 
-0.99278 -9.68149 4.51163 -3.88901 11.9609 -4.09386 3.55813 4.89598 -8.25048 -1.29237 -2.54218 5.86204 2.74191 5.70887 0.516509 -1.44174 5.46215 12.7604 -6.29935 -0.164403 8.78257 -6.60256 8.28941 -8.9752 2.929 6.81769 -1.46393 -2.09284 2.65465 -0.63097 -1.47592 -1.95569 -1.51946 5.00511 2.96253 4.1581 -0.503987 0.684446 6.5526 -1.10041 -0.94381 5.13676 4.16693 2.82423 -11.3005 -3.70939 -0.939635 -1.13653 -3.07008 -5.24187 
-0.217393 -7.40861 4.76263 -5.43844 11.8892 -3.98774 3.24696 5.42735 -7.87531 -1.02696 -4.35104 6.95411 1.79382 6.06838 1.60727 -0.0676893 5.4116 12.4604 -4.77045 0.460372 11.1239 -5.46913 10.4699 -7.89283 3.01247 5.61667 0.625015 -3.10966 3.90429 -1.61929 1.17735 -1.06323 -1.24384 4.498 1.77586 3.53984 1.67237 -0.59819 7.81716 -2.32387 1.04369 6.12281 4.40939 7.1816 -9.53268 -3.12224 0.456962 0.824518 -5.14083 -1.72108 
0.713468 -6.15487 7.39753 -2.57846 13.1521 -2.90278 5.59581 8.87427 -7.30316 1.48714 -5.20616 6.67265 4.55192 8.78619 0.557747 0.00661915 4.60665 15.2705 -5.38122 1.85122 11.1856 -6.63266 10.7601 -8.78545 1.84624 3.13368 0.988891 -1.36366 4.58072 -0.855985 0.398721 -0.0559076 0.671628 4.82092 2.34411 5.20422 1.20955 1.9583 6.9014 -1.05222 1.31657 5.19838 4.88214 4.76037 -7.1429 -3.8816 2.19069 0.734551 -2.55825 0.10448 
2.11184 -8.58797 4.73512 -2.46991 11.5438 -3.90663 4.93946 5.90148 -6.62306 1.32989 -1.43998 7.4614 2.25691 9.34097 3.73093 -0.880114 6.30122 16.4408 -5.22528 -0.774295 9.91302 -0.742228 10.1012 -9.41947 4.65661 7.67617 2.19783 -1.89246 5.26472 -2.10193 -0.636639 -1.40688 1.43003 7.14182 3.05788 2.91681 1.84379 0.536025 4.81688 -2.67092 2.82474 4.92804 6.92659 5.68148 -7.66228 -5.52341 0.199033 -1.06237 -1.0325 -2.36183 
-1.56001 -7.6625 4.0264 -1.22283 10.658 -3.27287 5.97095 6.50944 -6.99799 -0.252018 -3.01574 7.98369 1.86079 5.65859 3.3058 -2.73888 7.20904 15.4463 -3.64771 -2.28157 10.599 -0.415846 12.5341 -6.90946 3.4525 8.08023 3.96698 -4.0196 8.59707 -2.85036 -2.62507 -1.58869 0.517754 4.48775 3.89626 5.41326 1.56878 2.56008 6.94932 -0.412778 4.86047 5.78791 8.74702 6.28075 -6.86902 -3.38055 -1.78385 2.13513 -1.74712 0.377944 
2.87752 -8.44808 4.91692 -2.3849 11.9311 -1.18095 6.37381 4.39642 -6.56297 0.375973 0.998189 7.52683 1.47472 7.18011 6.10072 -2.95991 9.31926 16.6801 -1.87118 -0.905648 10.0001 0.139104 14.5259 -6.12956 4.35184 8.30937 2.57885 -3.98177 6.11222 -1.13306 -0.550781 -0.434268 0.749487 6.62794 2.37172 4.4999 3.00017 0.158817 4.83273 -2.21796 2.30927 4.82161 9.92798 6.32878 -8.60997 -3.54566 -1.37866 0.580012 -1.16506 -2.01444 
0.78342 -4.97463 4.32513 -0.215658 10.3108 -5.19294 7.30138 2.4159 -5.97954 1.24086 1.71775 9.7473 3.83224 8.09325 5.66003 -1.70038 7.3995 15.6693 -2.13896 -0.064276 10.4836 -1.4293 11.9872 -4.47235 6.33955 6.87619 0.958567 -3.14453 5.59175 -0.984715 -0.833589 -0.0697712 0.0381227 5.55856 3.00251 1.22644 2.58619 0.689507 2.30912 -3.2704 2.50902 5.98109 8.73026 6.57694 -7.85824 -1.78816 0.173022 0.809418 -1.12123 -2.86261 
-0.674985 -8.27224 2.78885 -3.27213 8.09258 -7.46323 7.18561 0.26826 -8.28283 1.81018 -0.296905 7.30961 3.9091 6.04737 1.00129 -3.38531 6.28977 11.8832 -4.66697 -2.20918 9.60582 -0.712392 13.9875 -5.08764 6.39589 6.35853 1.5711 -2.70176 3.50202 -1.83797 -5.03839 -2.14975 -1.32522 4.57665 0.465205 2.25807 2.10535 -1.40315 4.21746 -3.09522 1.81659 3.33484 7.25795 4.22057 -9.47285 -1.53492 -1.00134 2.07566 -0.732438 -5.3303 
0.658509 -11.1644 2.42976 -3.65615 9.66648 -9.91297 7.11355 -0.00245397 -8.94908 2.00903 0.627709 6.48822 4.79798 7.66013 2.9944 -1.90817 6.94955 14.9947 -5.078 -1.98488 12.119 -1.15734 13.2568 -3.76278 3.69133 4.33216 2.10368 -2.36535 5.75717 -3.133 -3.35915 -3.13566 -0.395673 6.88141 1.57057 3.5277 3.06842 -0.987053 2.98107 -1.80886 2.93305 5.61897 7.7344 5.03459 -9.39567 -1.30912 0.894739 -0.212177 -0.748128 -6.05645 
2.35278 -9.00676 0.163762 -4.49313 11.0292 -9.86145 4.30492 2.14101 -6.60652 3.39222 -1.76631 6.55801 2.56461 3.18389 4.26154 -1.30304 5.99014 13.2294 -4.61583 -2.92544 12.7439 -3.32038 13.6403 -3.58677 3.03635 0.991681 -0.904924 -2.86412 2.65063 -4.6915 -0.398602 -1.96538 -1.21824 7.47527 0.939638 1.68352 2.22711 -0.482248 3.62692 0.0596045 0.36638 5.16504 7.45184 3.91848 -8.71905 -5.44528 -1.69446 -2.30879 1.31748 -2.72462 
-1.31197 -8.04006 -1.47099 -2.94059 6.88991 -8.9372 6.10338 1.01728 -8.29482 1.64417 -1.09928 3.40791 1.16291 5.66833 4.56527 -0.69904 7.84491 12.3215 -3.69461 -6.15502 11.6026 -3.29447 8.67656 -5.51506 2.30266 2.4838 -0.297901 -4.20463 1.60983 -3.02727 -2.6711 -5.52186 -1.63854 2.10887 1.58743 3.6906 -0.213608 -2.40071 3.04519 -0.74204 -0.76062 3.88111 3.74002 2.09842 -8.31048 -3.89061 -4.56706 -2.69028 -2.88321 -5.49468 
-0.374108 -10.6636 -3.05511 -3.15742 8.48431 -7.90678 4.47473 0.334023 -5.73832 1.74052 -1.5888 7.62515 0.268146 7.16822 3.75769 -1.84983 5.69337 12.9989 -4.54591 -6.91773 12.1582 -3.97396 11.0051 -6.00439 5.86341 5.85827 -0.197173 -3.97094 3.00927 -1.01538 -3.3595 -4.01384 -1.65788 2.0478 3.65783 3.58024 3.68941 0.118735 6.46103 -0.530689 4.19378 4.71447 7.06026 2.50365 -9.50335 -4.84832 -4.94924 -1.88059 -1.61438 -4.05458 
-0.841604 -8.99127 -2.86379 -3.92979 5.91143 -9.97945 5.56674 -0.877585 -3.39536 1.31234 -2.16097 5.09648 0.123416 7.32839 3.06477 0.102603 7.44443 11.8721 -3.78127 -3.53817 14.1236 -3.48807 13.4232 -5.92538 4.155 3.35193 2.23903 -3.15245 2.85651 -2.87325 -3.15662 -3.48812 -2.59074 3.61045 1.04361 5.78801 1.76956 -1.55788 6.7465 -0.941422 3.16436 6.47627 4.64229 2.74458 -8.8665 -0.612647 -4.62161 -1.69937 0.216123 -1.83296 
-0.539777 -5.43475 -3.12045 -2.17685 11.2415 -5.27528 2.33643 -1.0913 -3.7048 3.11146 -0.915548 8.48464 -1.18116 5.67515 3.70689 0.620653 6.45547 10.3848 -4.70522 -2.75826 14.9693 -3.32668 13.0947 -5.83108 3.49482 7.72823 -0.775916 -5.34736 2.88402 -1.3092 0.730398 -3.03648 -2.36408 -0.250347 2.00322 4.23511 0.249396 0.566489 6.9782 -4.05392 0.658848 4.69612 4.69234 2.27311 -8.67365 -0.465175 -3.83311 -1.77842 5.12134 -1.01897 
0.239667 -8.93315 -2.78987 -2.1915 7.50441 -5.94366 3.84625 -0.831098 -3.86723 0.122858 -1.19493 9.60562 0.517178 6.68495 3.00454 0.74699 6.1565 12.0971 -4.15419 -3.29253 15.4819 0.0606236 12.5591 -6.78144 5.18304 5.782 -0.922971 -2.89002 2.84017 -1.5926 -2.89336 -5.38611 -2.84577 0.774234 5.12485 3.25612 0.877027 -0.700924 5.95559 -5.18744 -0.417362 8.00574 5.1426 0.232928 -8.62429 0.77735 -3.95206 -1.37701 1.70256 -1.10953 
-2.85013 -8.95299 -3.09698 -4.92018 6.57097 -5.52632 4.37855 -1.23561 -4.4798 -2.04243 -0.51587 5.59694 -1.04903 3.96807 3.57773 -1.56511 5.63274 11.5156 -5.69288 -3.75753 13.9657 0.162311 10.9564 -3.08943 3.0641 4.48903 0.444596 -8.07219 2.02757 1.78991 -4.48803 -6.90371 1.53841 1.92429 2.02247 2.31344 -0.980862 -3.8272 6.43868 -5.67119 -1.90743 4.53126 3.03742 2.10354 -12.9679 -2.14596 -4.87395 -3.08 2.81696 1.48723 
-3.82141 -5.9633 -1.83375 -4.61596 4.84227 -7.37071 4.6089 1.50555 -4.30768 -1.73431 -0.0835952 6.01065 -0.609489 4.74977 2.50524 -0.791144 5.92927 8.78291 -5.33087 -3.51289 13.1345 -1.03414 9.29518 -5.14053 -0.246425 4.93391 0.11912 -4.82953 0.25279 1.14341 -3.91325 -8.71444 -3.93816 0.140621 1.50135 -0.00514073 -1.17996 -3.82366 6.23197 -7.24499 -1.42518 4.14978 3.77206 5.95402 -11.004 -1.88995 -5.6538 -3.04554 1.63554 2.53267 
-5.68113 -8.02453 -1.9942 -6.18795 5.06917 -8.10075 5.30504 0.099654 -5.28934 -3.78898 -1.69295 7.1925 -0.197652 2.42427 3.2595 -1.84137 7.01889 8.26502 -6.07404 -4.72911 12.611 -3.34723 9.18745 -5.85491 -0.583165 4.18737 -1.37562 -4.87463 1.91315 -0.835205 -4.64538 -7.42442 -3.10914 0.406339 1.53393 -1.6147 -3.08156 -3.09887 6.77013 -6.68344 -0.852539 5.63915 3.45866 1.90247 -11.4939 -1.79061 -5.9519 -2.69625 1.44147 0.307255 
-6.20473 -7.19434 -4.57428 -6.69344 3.75068 -7.13616 5.43289 -2.39856 -3.74923 -2.21642 -5.53899 6.03291 -1.04341 4.6088 2.83529 -4.50102 6.35948 7.68519 -3.95491 -7.03095 11.2295 -3.69828 9.05153 -4.9205 -0.860653 3.90376 -1.86391 -1.53293 -0.153867 -0.0789755 -5.14099 -11.046 -3.08963 -0.614986 0.304934 -0.647893 -1.64674 -3.99035 4.24929 -7.06036 -3.87685 2.61586 2.37307 2.68288 -8.17398 -0.574774 -7.3087 -0.735841 3.29096 -0.584233 
-4.43312 -7.73141 -6.27961 -8.27629 6.26769 -6.11844 2.92603 -2.73047 -5.88358 -3.70076 -1.70849 4.27125 -3.94901 6.03075 0.134131 -0.746772 3.45441 10.1915 -5.56162 -8.28582 12.6341 -5.01427 8.53729 -7.26476 -0.245619 4.11774 -1.03937 1.07373 0.509036 3.93313 -7.94891 -10.2555 -1.66046 1.07267 -0.594974 -0.600498 -1.62412 -4.39331 4.36644 -6.57985 -6.62315 4.85756 -0.442712 0.936444 -10.6364 -0.535411 -8.07633 -1.8714 3.614 0.628227 
-2.84412 -6.18285 -8.1885 -4.92735 5.3836 -10.6013 2.11935 -1.94103 -4.80703 -3.06737 -1.40929 4.39256 -2.87994 5.58722 4.28186 -3.23428 3.13289 10.5972 -6.2711 -6.74777 12.2283 -5.3837 7.41374 -8.10411 2.32307 2.53385 0.88401 0.114336 1.37936 4.06962 -8.21203 -8.60209 -1.01479 -0.905766 1.74554 -1.79028 -2.15116 -5.55348 1.76763 -9.69246 -4.73218 3.07945 1.98477 1.00679 -8.13733 -0.755796 -7.11755 -2.10507 2.22017 2.78563 
