0 0 0 0 0 0 0 0 0 0 0 0 0 0 0 0 0 0 0 0 0 0 0 0 0 0 0 0 0 0 0 0 0 0 0 0 0 0 0 0 0 0 0 0 0 0 0 0 0 0 0 0 0 0 0 0 0 0 0 0 
-0.0392348 -0.114731 0.0207093 0.758113 0.437132 -1.43694 -1.07901 -0.401412 -0.416378 1.3604 0.844559 0.259018 -0.159587 -0.0528538 0.489151 0.149568 -0.468466 -0.00102048 -1.24648 0.0413153 -0.957333 0.992483 1.57729 -0.888514 0.988658 1.00422 -0.335825 0.276498 1.36154 -0.720516 1.26622 -0.980523 1.01361 0.38485 -0.42539 -0.968759 0.0758738 0.126348 2.90033 -0.166201 -0.806125 -0.648792 -1.11668 1.95906 0.171832 0.774667 0.385071 0.0788756 0.601357 0.49853 0.656523 0.00284658 0.0192086 -0.521518 1.307 -0.486205 -0.0122998 -0.425408 1.21236 -0.0568519 
0.359074 0.941185 -0.0127718 2.1354 0.581541 -2.32037 1.14487 -0.678973 -0.233189 3.21904 -0.00024337 1.76366 2.28228 -0.77193 0.417341 2.2161 -1.19111 1.22015 -1.41053 -0.4425 -1.23679 1.07103 2.06385 -0.567688 1.05779 1.61262 -0.368592 0.420635 0.095044 0.173156 2.25607 -0.115674 1.15427 -0.946057 0.627463 -0.927029 0.670974 -0.333508 1.93595 -0.776937 -1.82665 -1.05669 -1.63313 1.04477 -1.25361 0.79759 0.9655 -1.36532 -0.742568 0.331481 -0.0908419 1.23711 -1.72617 -0.82783 0.618294 -0.721082 2.1972 -0.717804 0.353213 -0.705279 
0.711418 1.54498 0.280573 1.82768 -0.237984 -2.70033 0.780978 -3.31064 -0.143902 1.14554 1.07441 0.690342 2.0705 -0.600761 1.53749 2.54949 -1.64392 0.755145 -0.383523 0.321958 -1.91672 1.24054 0.971989 -2.02931 0.734606 0.828361 0.279693 0.581132 0.382541 1.47573 3.84083 0.721628 1.21285 -0.653074 -0.107795 -0.16096 -0.885435 -0.292144 1.1064 -0.664433 -1.70628 -1.65855 -1.2789 1.28683 -1.50645 0.0468417 -0.164259 -1.91888 0.486317 -0.19032 -0.149181 1.56951 -2.1543 -1.28388 0.0933753 0.509308 0.437996 0.176824 1.41372 -0.515718 
0.686617 0.0157344 -1.68036 2.45298 1.18515 -2.65763 -0.500876 -2.69555 0.998652 1.88421 -0.178232 0.50966 4.08734 1.93303 1.69385 5.12072 -1.02572 1.23189 1.17264 1.38374 -2.17571 1.63501 1.25715 -0.896972 1.91238 0.765116 -0.553893 1.70251 -0.310141 1.37333 3.51047 1.72083 1.61335 -0.931024 -1.4804 -0.292535 -1.18621 -2.37134 1.59355 -2.10398 -0.0637273 -3.92952 -0.969488 1.39103 -1.99269 0.564217 -0.761878 -0.104069 -0.0255278 -0.0665594 -0.267816 1.07569 -2.20412 -0.351818 1.69198 -0.553092 1.45748 -0.422236 1.13017 -1.58042 
1.37646 0.814861 -4.26617 2.69495 2.17716 -3.368 -0.605934 -3.34256 -0.469945 -1.51941 1.13703 1.32529 4.98239 1.89024 1.35893 7.79683 -1.34364 1.97872 1.84726 -0.0792989 -2.09838 0.971158 1.0101 -1.6679 1.63117 0.290626 -1.35016 3.58541 -0.129277 2.63451 3.47481 2.18078 0.687019 -0.627919 -1.13615 0.418406 -2.36064 -2.15192 1.54296 -2.18112 0.383539 -2.93017 -0.420201 -0.303581 -4.65225 1.10757 0.325534 -1.63254 1.27169 -0.715761 -0.117038 2.09586 -3.46975 -2.25323 0.36118 -2.23872 0.15345 0.145229 1.70001 -2.55749 
-0.168964 2.63758 -5.45276 3.60673 2.49625 -3.14842 0.882913 -2.70765 -0.816298 -0.645339 0.961881 1.01361 5.70363 -0.0644154 0.212902 8.68113 -3.58167 2.55388 0.985516 1.23637 -3.83617 -0.349155 1.52052 -1.6447 0.634693 -2.06558 -1.26143 2.51678 -0.516407 2.01224 2.87426 0.403837 -0.282623 -1.35594 -0.938688 -0.148117 -2.6675 -2.00666 1.48179 -3.12045 -0.408303 -3.06815 -0.404732 -2.11854 -3.42981 0.708074 2.35049 -2.12303 0.244563 -1.63542 -0.449485 2.43502 -3.80243 -0.978143 0.159044 -2.82153 -0.0111006 -1.08771 1.61192 -2.59682 
-0.0418403 2.78668 -7.16103 3.36598 2.47523 -3.70275 1.63243 -2.39889 -0.262177 -1.65371 -0.219118 0.704861 5.79501 0.232035 -0.533942 8.28158 -3.38738 2.82936 0.36956 0.636113 -6.27491 0.324347 1.73723 -2.12177 -1.24028 -0.926965 -1.87265 1.43464 -0.544375 4.18895 2.86523 0.0973933 -1.59948 -2.69112 -0.576494 -0.550698 -4.02894 -1.11571 1.1263 -2.65276 -0.373226 -4.99732 -0.723886 -3.59358 -4.83972 2.14301 1.58651 -2.04547 -0.460347 -0.417756 -0.332723 3.84045 -4.15083 -0.885475 0.800015 -1.75981 -1.62603 1.17521 0.602517 -2.61798 
-0.684903 2.29541 -4.82017 3.64342 2.27461 -2.25249 0.847467 -2.1097 -0.335624 -1.39656 0.521544 2.11945 6.49423 1.41539 -0.863422 7.93844 -3.28395 3.48575 -0.118083 -0.959043 -6.33493 -0.361092 1.11503 -1.16847 -0.592731 -1.66526 -3.74297 0.920415 -2.12995 4.88151 3.52255 -0.456132 -1.0537 -2.74699 0.625177 -0.978338 -4.05521 -2.02715 0.934288 -2.93867 0.729042 -5.8858 -0.05711 -4.04418 -5.75327 1.36301 0.913023 -2.822 -1.10459 -0.999925 -0.613102 4.97018 -3.80897 -2.33947 1.96836 -2.20454 -1.18647 1.94294 0.356642 -2.40401 
-1.4522 1.68998 -5.04359 2.72909 2.90932 -3.71218 1.20411 -2.76912 -0.891586 -1.72644 1.39908 3.37064 8.41884 3.11261 0.350133 6.75447 -2.7882 3.88405 -1.3512 -0.0243743 -6.96572 0.0872636 0.903918 -1.28605 -0.810957 -0.385413 -2.26169 1.84433 -2.1362 4.64857 4.9038 -1.10496 -0.0598538 -1.13923 0.850075 -0.52044 -4.7224 -2.17104 2.99604 -2.14922 0.607545 -7.8624 0.893924 -5.0909 -7.38997 3.84498 2.6706 -2.73725 -1.03803 1.05392 -2.20837 6.03237 -2.85384 -2.43151 2.83943 -1.78213 -1.02294 4.4724 -0.593507 -1.83511 
-2.0282 1.96717 -4.38692 4.93078 2.60169 -3.41834 0.929982 -3.18745 -2.03328 -0.502767 1.43473 3.00505 8.00641 4.34534 1.84858 7.56865 -2.72862 2.65708 -3.31441 -0.503372 -7.27661 -0.0711812 1.16896 -2.10083 -2.096 -0.479831 -1.83 1.85103 -0.653953 4.19828 3.18106 -1.00933 0.60052 1.29212 1.10951 -0.121292 -5.18607 -1.40964 3.80052 -2.42754 1.458 -7.06157 2.20271 -5.21224 -5.5113 5.4777 3.81745 -2.72313 0.527905 0.508693 -2.39876 5.97603 -5.14886 -2.77106 1.41845 -1.58091 -0.141007 4.80287 -0.871743 -0.961942 
-1.02801 2.8032 -4.22207 5.53711 4.37165 -3.76236 1.12426 -2.91827 -1.25309 0.929632 0.573898 2.30147 8.26273 3.70291 2.19031 7.15612 -2.16343 2.79386 -1.98039 -0.413715 -7.05394 -0.327032 0.455826 -2.83092 -3.05912 0.354418 -2.78137 2.25028 -0.025296 4.81434 5.85634 -0.536227 0.989302 1.70615 0.279544 -0.373844 -4.9803 -2.04216 4.89187 -3.55521 0.931652 -6.29013 3.5516 -5.36937 -3.93604 6.8966 5.09269 -4.17947 -0.0149496 1.36623 -2.01921 7.57643 -5.69716 -2.6637 0.356624 -1.38129 1.21438 4.17879 -1.62667 -1.45236 
0.0952902 3.01132 -4.79466 4.4 3.20064 -4.91942 0.775087 -0.853904 -2.22483 1.16821 3.09816 2.31297 8.42397 2.95426 2.6952 8.29553 -1.7032 2.38404 -0.816083 0.827182 -6.57405 1.32474 -0.357814 -3.29673 -4.20017 -0.942662 -3.03191 2.70159 0.435942 3.45901 6.65027 -1.41358 1.26782 1.70961 0.157026 -1.17356 -5.67422 -2.83687 7.24439 -2.70931 0.472058 -9.06383 3.25471 -5.38851 -4.2534 6.23675 5.95042 -5.43867 0.59246 0.786674 -2.9634 8.42941 -5.61827 -2.40437 1.09885 -2.53535 1.93106 4.8901 -0.78076 -3.09161 
-1.58975 1.02926 -4.98226 1.80316 3.25198 -3.53063 0.59093 -1.50353 -1.93262 1.40683 2.67737 3.11739 7.4463 2.48111 1.26097 7.1998 -0.731257 2.80613 0.620677 2.25271 -7.51488 2.55599 1.28357 -1.4944 -4.21698 -1.12798 -3.57897 0.458496 -0.139605 3.61231 5.31095 0.076611 1.24738 -0.14176 1.3382 -2.12354 -5.89131 -0.858303 7.32277 -3.88962 0.456334 -9.2683 4.78674 -4.50088 -3.55129 5.20373 3.73142 -4.76229 0.955864 0.69669 -2.90554 7.85167 -7.14547 -2.15986 0.216225 -3.06679 1.80199 4.72898 -0.561887 -1.38177 
0.537621 0.208201 -4.61709 2.49816 3.40528 -5.27653 0.110644 -2.30474 -0.659718 1.87796 2.8077 3.16233 7.30831 4.16188 1.04816 9.11783 -0.332652 1.03096 -0.123131 3.63099 -7.7667 3.01464 0.427123 -1.93019 -2.44792 -0.00761133 -3.50571 0.323592 1.03426 2.49495 4.89454 -0.424596 1.46876 -2.27148 0.286162 -2.22752 -5.51337 -1.96395 8.81917 -2.67872 1.70976 -10.3497 4.66977 -5.24924 -4.02385 3.85017 2.73062 -4.75437 0.692571 1.17381 -2.26055 8.1539 -6.44225 -4.28043 -0.711745 -1.6558 1.25357 4.44701 0.2097 -1.587 
-0.712647 -0.319021 -4.0854 2.87522 3.15999 -5.86646 -0.171968 -2.92524 0.794671 1.58437 3.5957 4.98933 5.61331 5.20814 2.68231 8.55988 -0.250899 -0.45987 0.244174 3.08264 -7.50503 1.65463 1.36633 -3.55983 -2.06979 -0.00704614 -2.81307 0.108661 0.0404759 1.75006 6.88662 -1.46424 1.52262 -1.43866 0.77141 -4.51163 -4.5505 -0.83424 8.11236 -2.0033 1.3356 -10.1064 6.04915 -6.7807 -4.80024 3.36182 1.75841 -4.5522 0.735251 1.53951 -0.459888 10.2631 -5.70258 -3.49733 -1.08587 -1.84173 -0.540936 2.63532 -0.00546472 -3.17281 
0.639986 -0.997183 -2.88443 3.51176 2.88915 -7.32561 -0.711813 -4.27724 1.0478 3.24183 4.02025 4.9204 7.80272 5.43246 0.928428 10.6372 1.11609 -1.10956 0.649514 2.19041 -6.83586 1.28782 1.95504 -3.61891 -1.31333 -0.220454 -1.63469 0.558731 -0.888379 4.12423 5.01671 -1.26816 1.75669 -2.56413 2.37055 -5.99042 -5.23417 -0.721884 7.40773 -1.79402 1.80609 -9.5866 6.23638 -7.43363 -4.72405 3.85183 1.20626 -5.36374 2.68984 1.89118 -0.508348 11.1633 -5.4307 -3.65512 -1.96602 -3.13834 -1.82358 3.62594 -2.84741 -2.81316 
-0.996906 -1.31954 -2.06736 3.12189 4.08228 -7.11186 0.310367 -4.26061 1.12876 0.849363 3.91263 6.17917 7.58372 5.60604 0.573507 11.3401 2.85302 -1.47813 -0.681513 3.64751 -7.158 0.057916 1.16744 -1.04241 0.578508 0.755971 -2.10217 0.181715 -0.292162 5.09691 2.83511 -0.0997116 1.61633 -2.84661 2.27601 -6.25126 -5.44234 -1.29793 6.40315 -0.721206 0.227631 -8.97142 5.99776 -7.02738 -4.46446 4.39943 1.15923 -4.59532 0.660641 1.24839 -0.918033 13.3159 -4.24089 -5.33499 -2.0686 -2.19104 -2.05964 2.84881 -1.55202 -1.93779 
-0.0594918 -1.60245 -2.26829 4.24728 3.95492 -9.12558 1.23744 -4.37459 0.699707 0.546158 2.99047 6.77895 8.36997 5.84299 0.0990186 11.9276 0.628809 -0.955727 -1.1011 1.64264 -6.7015 0.452045 -0.130094 -2.29592 1.67985 0.433755 -1.49493 0.558732 -0.36923 6.02432 3.08342 -0.727905 1.2226 -2.20359 2.63648 -4.75369 -6.90197 -0.513996 5.69021 1.41403 -0.00364804 -10.4748 5.25703 -7.6148 -4.18329 4.99014 0.974489 -3.8501 0.660153 0.692203 0.0928991 12.4411 -5.35457 -5.89802 -1.34051 -3.28721 -3.15008 1.65163 -0.713788 -0.649341 
0.0182283 -2.58689 -2.69661 3.79105 4.17584 -9.81484 1.98167 -3.95084 1.19471 -0.667323 3.49326 5.5571 8.28073 6.68156 -0.795999 14.1131 0.716433 -2.13323 -1.24948 2.88915 -6.28504 -0.24232 -0.352823 -0.747744 -0.445667 -0.270296 -0.729227 -1.0976 -0.122333 4.62736 3.8193 -0.911397 2.60358 -3.79344 2.60032 -3.90764 -8.3707 -0.56835 4.84119 1.67657 1.49494 -9.64387 5.02462 -7.49288 -3.98 6.39744 1.69712 -3.74804 1.13801 -1.40768 0.139351 12.0834 -5.49492 -7.27984 -0.145159 -4.34575 -2.14753 0.968305 -1.19309 -0.0890746 
0.0450239 -1.13553 -2.60909 5.06272 4.41508 -9.53206 1.18205 -4.84924 3.03044 0.330951 3.56046 6.57775 10.0649 7.94278 -1.29669 12.11 1.32957 0.511118 -1.87859 1.66225 -6.76716 -0.693326 -0.499371 -1.0561 0.162396 -0.0176228 -0.785357 -0.393137 -0.650993 5.45723 4.37158 -2.23289 4.9064 -5.39852 1.76585 -4.10968 -8.51125 -0.636229 3.96542 2.06864 1.93218 -8.62644 5.86727 -5.7042 -3.58025 7.16042 2.66906 -3.58249 2.04364 -3.32324 0.689884 11.7824 -7.34415 -7.11772 -0.666507 -3.77595 -1.58637 2.78397 -1.41828 1.5604 
-0.482169 -1.39308 -3.64704 5.07684 5.997 -8.54565 1.77699 -6.62581 3.96959 1.84241 3.15629 5.57414 9.71442 7.63523 -2.98846 11.8662 1.54147 -0.515292 -4.22588 1.56753 -5.91231 -1.05073 -0.399011 0.0728625 0.52355 0.10796 -2.25506 -0.312329 -2.4617 4.40976 4.64031 -0.858173 4.55742 -6.15675 2.25628 -5.4111 -8.38283 -0.900612 5.0705 2.21253 2.32592 -8.77054 5.81674 -6.34074 -3.30388 7.13045 3.24575 -4.85666 -0.307888 -2.35188 -0.227405 14.0435 -7.1109 -7.12969 -1.22181 -3.3593 -1.52331 2.6148 -2.31409 1.36589 
-1.58311 -1.31888 -2.09997 6.10793 6.74544 -7.39483 1.97615 -5.22648 3.22348 0.646548 3.26278 4.54424 11.4385 7.77464 -2.06304 9.66173 3.55268 -0.943438 -6.13932 1.55159 -3.55186 -0.901704 -0.575591 0.127954 0.879353 0.627069 -1.67948 0.995623 -2.53713 4.88487 5.06216 -2.98589 3.91398 -6.9538 2.35975 -4.91501 -9.04398 -1.35944 5.39979 2.26341 2.66564 -8.85662 4.68877 -5.14538 -4.10533 8.53018 2.58313 -5.61605 -0.178219 -0.905418 2.64859 14.2464 -7.36811 -7.47884 -1.00792 -1.07606 -1.57855 3.34069 -2.53823 -0.876059 
-3.10451 -0.428561 -2.37874 6.28106 6.45199 -8.28744 1.82791 -5.09393 2.48416 0.677461 2.85504 2.82558 11.8663 9.04939 -2.05505 9.80108 5.08785 -1.18651 -6.53936 1.93906 -2.1593 0.18734 -1.1795 -0.315415 -0.867816 2.16703 -2.3287 1.41795 -2.37892 6.61315 5.93675 -2.91538 4.69449 -4.92669 0.860424 -6.04042 -9.73833 -0.858316 4.67068 3.39116 2.44464 -8.60585 5.23176 -5.61619 -4.57253 9.13492 3.35011 -6.97399 0.458691 -0.0180188 1.44057 15.0738 -7.17835 -8.90937 0.514047 0.644753 -2.78044 2.57201 -2.00445 -1.13942 
-2.13083 -0.999469 -1.40663 6.80912 6.51989 -9.92879 2.07649 -5.15462 1.19307 1.87099 4.3214 2.64484 13.437 10.0077 -3.00078 8.54267 4.77585 -0.0975578 -7.48706 0.460437 -0.847321 0.0345922 -1.84308 0.422475 -2.32159 2.38104 -2.52408 3.42195 -2.57629 4.59329 6.95658 -4.48366 3.72467 -3.76477 0.240502 -6.58157 -9.96572 -0.89004 6.79523 2.03722 0.875394 -8.36479 5.05566 -6.04836 -4.82412 8.97218 2.66874 -7.41241 -0.506696 1.63988 2.04332 14.9193 -6.45725 -7.97459 0.291556 -0.507377 -2.23805 3.26442 -2.11057 -0.982696 
-2.18698 -0.10396 -1.73522 5.58751 6.41375 -10.9495 -0.894779 -5.22435 -1.08237 1.4437 4.19748 1.90047 12.8716 10.6945 -2.24701 8.73424 5.64641 -0.761076 -9.25571 1.17773 0.30933 -0.930852 -0.220988 0.174987 -2.3083 4.44225 -1.38927 4.06618 -2.31613 5.40598 7.10902 -5.84626 3.03806 -5.17323 0.621236 -7.27743 -10.5867 0.203091 6.82915 2.02059 2.28463 -6.92758 6.27766 -5.41054 -3.5686 8.22798 2.42054 -7.4362 -1.23229 2.38789 3.20003 15.3191 -6.57454 -8.82508 0.111769 -2.47862 -4.04153 4.50609 -1.82354 -2.4783 
-2.82134 1.09585 -0.686609 5.77591 6.00727 -11.7645 -0.347204 -5.31983 -0.346146 2.98762 4.05373 2.85807 12.6346 9.67354 -1.78301 6.56398 6.79289 -0.429572 -10.5839 0.0252397 0.888778 -0.540292 0.313424 -1.7498 -1.168 3.46945 -1.49045 4.79771 -2.69004 4.56759 6.59762 -5.52249 1.29459 -6.28834 0.49612 -7.93952 -11.785 -0.877509 8.11135 2.56931 3.02373 -7.37728 6.99559 -5.59286 -3.808 7.54771 0.618721 -6.82694 -2.42156 1.03399 5.40568 13.4382 -6.56649 -8.63538 0.327756 -2.18801 -4.00199 4.52803 -4.44035 -1.70591 
-1.4369 0.787148 -0.79464 6.13019 4.26211 -11.373 0.250575 -4.80136 0.847652 3.72576 2.43662 3.34572 13.8062 10.1356 -2.59215 5.6478 6.45142 -0.537291 -11.0875 -0.187782 1.19949 -0.268317 1.48017 -1.18835 0.0380753 4.75691 -2.35059 4.7124 -2.76259 4.63726 6.05501 -5.91089 1.01214 -5.09987 1.71455 -7.81528 -9.66268 -0.462144 7.94802 3.64559 3.9799 -9.33048 7.65136 -4.68201 -4.58555 9.01419 -0.0442204 -8.05031 -3.21978 1.79012 5.13855 13.7838 -7.93241 -7.74184 1.58518 -2.81323 -5.01182 5.96449 -4.03559 -0.509572 
-2.50333 -1.44016 1.03321 6.33824 3.28968 -12.6248 0.125083 -6.55582 0.747281 2.73267 3.61061 1.34176 13.0189 10.2286 -1.80849 5.33195 6.99021 -2.81448 -10.4355 0.340309 1.43708 1.38131 -0.777307 -1.17216 -1.92704 4.68003 -2.01417 5.47506 -1.94245 4.18628 6.06888 -7.2103 0.901765 -4.36907 0.88118 -9.23018 -9.25654 -1.29628 8.85626 2.5797 4.71616 -8.41828 8.10283 -5.4111 -3.5685 9.53245 0.743395 -9.58819 -2.31496 1.65577 6.40969 12.6202 -7.17829 -8.83609 0.00153223 -0.948476 -3.21358 6.54891 -3.26784 0.182259 
-2.94918 -1.05425 0.621613 6.62752 2.87021 -12.7574 0.334796 -8.00886 1.26756 2.0627 3.87857 0.627124 13.8768 9.62227 -1.54557 5.86015 7.46411 -2.13739 -10.9095 0.835035 1.18865 0.625861 -3.68663 -1.96287 -1.98641 6.05928 -1.85844 5.68664 -1.92592 4.17653 4.86729 -6.73974 -0.0121368 -4.01433 -0.0829388 -9.47417 -10.1327 -0.407182 10.8885 2.8574 3.58188 -9.03602 8.32859 -7.08841 -3.68095 9.1701 0.607654 -9.15243 -2.15209 1.32191 7.07543 14.3418 -8.37847 -8.1211 1.20318 -2.78075 -2.48829 6.43925 -3.87785 -0.0239877 
-2.00632 -1.63884 -0.417852 6.66865 5.5698 -13.3432 1.84151 -8.38556 1.79686 2.33007 4.72158 1.16289 15.4448 9.82827 -2.19764 5.86839 7.52919 -3.21051 -9.95185 0.833841 1.27861 -0.0600265 -5.22537 -2.3292 -1.68613 5.29511 -2.39212 6.64305 -1.88769 3.16976 4.70118 -6.52252 0.134333 -4.62842 -0.980201 -9.81004 -9.60603 0.606298 11.501 3.42531 2.68564 -9.32825 6.90949 -7.75104 -4.29542 7.60302 -0.683443 -7.93627 -1.61516 2.70867 6.95443 16.2745 -7.5572 -7.97471 0.459961 -1.2885 -2.66228 6.76131 -5.09929 -1.58844 
-3.06859 -1.7978 -1.24513 7.88085 6.35083 -14.7735 2.44444 -10.9757 1.59287 1.06569 5.51095 2.17455 15.3435 10.4858 -2.38157 5.92861 6.88374 -3.63525 -11.38 2.99851 -0.457541 0.263468 -4.41578 -2.53519 -1.89529 5.83489 -2.66667 5.82511 -1.53482 4.69838 4.12565 -6.90217 1.14041 -4.62374 -3.11395 -10.7819 -8.52589 0.458364 12.4788 3.88093 1.2209 -8.32391 7.99879 -8.74861 -4.28181 7.77174 0.269957 -9.33162 -4.16718 1.34864 7.06818 17.32 -8.8026 -7.57165 0.686776 -0.659835 -2.39563 6.90541 -4.74254 -1.47861 
-5.19478 -3.4526 -1.67813 8.84176 5.96937 -12.9301 2.50823 -10.4443 0.740808 2.43887 4.84193 1.03925 13.4725 10.1396 -3.66665 5.83334 8.67463 -3.37212 -11.1658 2.45835 -0.13314 -0.773039 -4.44472 -2.77504 -1.7767 5.40315 -2.99179 5.422 -2.2303 5.74 6.84295 -4.43169 1.25681 -5.67736 -4.08438 -10.1499 -10.4821 -0.780775 11.5535 4.45903 0.739667 -7.63086 6.87887 -9.55232 -4.47406 7.56551 0.88793 -9.33651 -5.34341 4.22046 6.59757 16.0356 -9.90572 -5.58843 1.5344 -0.464587 -1.38884 7.02031 -4.25072 -0.443674 
-4.08576 -2.88507 -1.68596 9.42305 3.98562 -14.0505 1.20172 -9.40487 0.415894 1.37826 4.40749 0.121794 13.5687 9.78959 -4.73198 4.77358 8.88256 -4.25318 -12.3596 1.3341 0.879775 0.498478 -4.50185 -2.99348 -0.883085 6.21606 -2.72615 7.78863 -2.63744 5.67526 7.83783 -2.93929 2.21057 -6.17578 -4.57682 -11.6969 -9.89904 0.788011 10.7098 3.30391 1.39272 -7.74126 4.9617 -8.54595 -4.28812 8.95775 1.00956 -7.78432 -6.23456 4.69328 7.14319 15.4588 -10.1683 -6.75008 0.872819 -1.48511 -2.29253 7.21455 -3.63288 -1.17314 
-3.37619 -2.19216 -2.59098 7.19612 3.52014 -14.5168 -0.197378 -11.0976 0.264304 1.72169 2.52259 0.732581 14.047 8.84633 -4.96705 5.05624 7.49621 -5.48038 -12.7371 1.43567 0.678246 0.250421 -3.95146 -2.75695 -0.606212 8.56476 -3.72254 6.92614 -4.08535 4.99906 8.40773 -3.15631 0.422371 -6.30568 -5.64893 -12.3773 -10.6798 1.37531 9.38179 4.10311 1.51761 -8.04795 4.96872 -7.69524 -4.67045 10.036 1.50661 -6.92135 -5.39468 4.93314 7.12705 16.1855 -10.5286 -5.87458 0.807233 -2.24756 -1.81703 5.83971 -3.48162 -0.781207 
-5.47749 -3.32444 -1.71285 7.3531 4.82821 -14.7919 -0.896758 -11.102 2.01566 1.12171 4.66253 1.89692 15.3585 9.56515 -3.9565 5.29736 6.8193 -4.70634 -13.5409 1.55981 0.340735 1.38507 -2.56984 -2.64687 0.280233 9.11152 -3.47557 5.44356 -4.05737 5.46967 7.66163 -5.0652 -0.740795 -8.83273 -5.28525 -12.0873 -11.8248 0.117512 8.01035 3.45351 0.566593 -8.41356 4.38192 -7.41451 -4.76706 11.4444 2.51243 -6.50583 -6.3083 4.79055 6.20201 16.1186 -12.5607 -4.80132 0.0666995 -0.738498 -0.947257 5.61976 -5.86053 -0.88695 
-6.63117 -2.54111 -1.85274 7.9523 4.38745 -17.0181 -0.111943 -9.17863 2.11684 0.719263 3.85574 2.83657 16.4069 10.7759 -5.44586 4.37333 6.82973 -5.76005 -13.6536 -0.733646 0.591402 1.5825 -1.85839 -1.96636 0.966717 6.41791 -4.68797 4.31333 -5.65331 8.1242 8.21518 -6.37436 -0.560802 -9.42657 -6.57706 -13.3687 -12.0148 1.74643 7.54303 5.85039 -0.615232 -8.79952 3.80499 -7.95302 -5.09285 12.589 3.13339 -7.25295 -7.46777 2.88847 6.81276 15.0966 -12.1272 -5.00059 -0.69519 -0.708531 0.785579 4.55792 -5.57598 -1.04316 
-7.15813 -1.69237 -0.461131 7.52337 5.69593 -17.3044 0.254828 -10.5137 1.14879 1.1298 3.47249 3.72369 15.2677 10.3876 -4.63274 3.66404 6.33496 -5.33419 -13.5014 0.160668 -0.422886 1.42396 -1.7439 -1.50522 0.551707 5.62941 -5.11811 5.23242 -5.9151 8.7565 8.21338 -6.37223 -0.270727 -10.4358 -6.7349 -12.5511 -11.2867 2.40843 6.59323 5.71264 -1.18059 -9.14454 3.37502 -8.0895 -3.89224 12.8218 3.71917 -6.65064 -5.46731 3.35468 8.18291 12.7819 -12.6512 -5.24539 -0.096609 -0.795238 0.3457 3.11973 -3.9765 -2.60754 
-8.19963 0.569328 -2.24488 7.63949 5.1206 -17.426 0.243802 -11.5515 1.39967 0.0321553 3.62266 3.82588 15.398 8.17742 -4.56143 3.5859 5.72516 -5.02687 -14.4608 1.00225 -1.60963 1.43681 -2.14146 -1.28628 -0.335759 4.10369 -6.49263 5.85284 -6.21783 9.23739 5.86085 -7.56217 -0.965088 -9.50824 -7.90978 -12.8538 -10.0936 2.62355 7.02021 5.82357 -0.135674 -8.86763 5.64728 -7.61246 -5.7337 14.6151 2.47843 -6.83038 -6.82174 4.81496 9.39614 12.159 -13.1117 -7.1063 -0.587241 0.733074 0.795005 2.41581 -3.02925 -1.75355 
-7.51719 0.618337 -2.80919 8.76212 5.82418 -18.3215 0.763646 -12.3713 1.46243 -0.314516 3.59406 3.67183 17.5742 8.27503 -4.21083 4.68488 6.19313 -4.81382 -13.4686 0.96442 -2.65683 2.74622 -1.9466 1.08443 -1.98967 5.16093 -7.03936 6.56896 -5.62162 10.4192 6.58811 -8.30538 -2.13104 -8.78221 -8.24406 -13.992 -7.92566 3.30362 7.49562 6.14344 0.192804 -9.61992 5.43025 -9.18106 -5.81715 16.2008 2.28293 -7.74144 -7.22212 5.96803 10.9528 12.3942 -12.8396 -6.97354 -0.868136 1.74231 -1.29468 1.90464 -3.20179 -2.01088 
-6.84013 1.29274 -2.59509 8.53693 5.64018 -16.6991 -0.528316 -14.7724 -0.651389 -0.740526 4.40364 3.43498 16.988 5.43609 -3.14377 4.6965 4.7701 -5.98524 -12.0868 1.37254 -1.75905 2.92794 -2.27026 1.92895 -2.9152 5.68245 -7.31323 7.68068 -7.64346 9.39797 5.44985 -9.60312 -2.43916 -8.51641 -10.4847 -14.5811 -9.04382 2.38139 7.87724 5.13016 0.987636 -11.6092 6.10692 -8.57783 -7.78819 16.5065 2.47109 -6.90965 -7.43272 6.35836 9.39797 12.4447 -12.1326 -6.80369 -0.584722 2.38472 0.800296 0.312038 -3.17099 -4.43398 
-5.36444 1.84766 -2.03677 8.74239 5.21307 -16.6433 0.0243056 -15.9879 -1.97607 0.300684 5.48219 3.26652 16.0585 6.89762 -3.71735 3.27997 3.43632 -6.76744 -11.1958 2.96725 -2.43097 4.12298 -3.06153 2.20312 -2.17696 5.31379 -6.94862 8.22969 -7.34829 10.7269 6.62479 -9.94384 -2.06135 -9.90505 -10.4605 -13.6815 -9.50241 3.2973 6.13948 6.74097 0.436015 -10.5906 6.67256 -6.5472 -7.93362 16.327 4.73401 -6.40217 -7.421 7.74137 9.11789 11.4966 -11.7031 -6.28754 0.310055 3.66801 0.316539 0.355525 -3.61788 -5.04832 
-5.52211 2.37667 -2.95395 7.90145 4.59013 -17.0129 1.49105 -14.4529 -0.495507 0.246972 5.50921 3.28105 16.6173 6.28259 -3.32557 4.11919 3.49619 -6.53213 -10.8449 3.31292 -1.2693 2.94414 -4.49398 1.72086 -2.25681 4.96952 -6.72069 7.91932 -6.37661 9.65446 6.85803 -8.60895 -1.19588 -9.16275 -9.84395 -14.3725 -11.8509 4.79437 5.84375 6.84385 1.31665 -11.0467 6.11389 -7.7497 -8.57851 18.1947 3.91018 -6.66158 -6.91409 8.32215 8.18156 12.9671 -9.30182 -5.79268 0.917753 6.18253 -1.44887 -0.471268 -2.27045 -4.52776 
-3.76943 0.441289 -2.15124 5.33333 5.32371 -16.6778 1.81379 -13.1495 0.397394 0.338626 4.33136 2.77333 17.8848 5.97276 -3.78621 4.3671 2.52521 -6.15428 -10.1919 4.22477 -2.02268 3.4557 -4.58011 2.28587 -1.73438 5.05953 -6.13996 6.17669 -6.85896 8.63027 4.90148 -8.26798 0.136906 -8.97255 -8.50239 -15.7796 -11.3861 4.83438 4.55274 6.41246 1.03608 -11.3015 5.12759 -7.76945 -7.64633 18.7536 3.89423 -6.04576 -7.14712 6.2381 7.97651 11.4803 -8.02452 -7.13772 1.15583 7.23216 -2.10177 -0.468931 -3.29433 -5.35227 
-5.5304 -0.0576972 -1.316 4.71689 4.19691 -19.6452 2.39587 -13.9965 -0.0731562 0.878136 5.48477 3.23211 17.9317 5.44458 -2.47642 7.40009 2.78588 -7.25491 -11.0852 4.49888 -2.55388 1.73396 -3.91584 1.80236 -1.99226 5.90418 -6.18145 5.92469 -6.06204 8.63603 7.1376 -8.44107 0.188612 -8.67598 -8.07496 -16.2797 -9.70685 3.51804 6.34311 5.06178 1.22527 -12.3579 7.33765 -6.76989 -6.72614 18.4191 4.93685 -4.94139 -6.90141 7.40451 8.13158 12.2458 -6.97209 -7.54888 2.09104 9.11347 -2.3714 1.23177 -4.20316 -4.50062 
-4.38928 0.612438 -1.75742 3.29493 3.1574 -20.4233 3.89023 -14.9611 0.116565 1.75859 5.48719 2.59409 17.5102 5.50519 -1.74836 8.61196 3.3583 -7.42004 -12.0267 4.13038 -3.74597 2.13587 -5.41551 2.15665 -2.20401 5.96914 -8.11044 4.61646 -5.24343 9.0636 7.42521 -9.0789 0.427029 -10.0928 -7.55415 -18.5216 -10.5964 2.33822 4.78774 5.2267 2.61521 -12.6839 9.16017 -6.35757 -6.60759 17.0464 6.07027 -6.09025 -6.04251 6.72814 8.07638 10.4668 -7.4279 -6.81105 1.02566 10.0986 -2.65611 1.13286 -4.92438 -5.24831 
-4.15689 2.62187 0.158255 4.06226 2.71091 -20.227 3.66169 -16.3972 -0.050259 2.70512 4.72208 1.52477 17.9062 4.73437 -1.228 9.4163 3.78547 -8.2499 -10.8328 2.96132 -4.09609 1.86553 -5.58096 2.21112 -3.31347 7.07119 -7.64377 3.00561 -6.03962 8.31966 5.78768 -9.5012 0.106436 -9.53616 -8.98935 -17.1798 -11.4876 3.26414 3.83025 4.17181 2.51942 -13.3938 8.94514 -5.8244 -6.46521 16.6887 4.39515 -7.93864 -5.02359 7.32444 8.23093 11.3357 -8.02431 -6.5707 0.314098 9.91669 -2.16263 1.72081 -5.43427 -5.23775 
-4.17343 1.77514 2.43547 2.8017 2.21083 -20.7737 5.19281 -16.2297 -0.597006 3.97643 5.3407 2.1449 20.0562 5.13295 -1.93132 9.66262 3.59885 -8.11594 -9.14036 3.24721 -4.70773 1.44031 -4.79922 2.86657 -5.05825 6.3383 -6.85981 1.36733 -6.57385 8.04229 6.282 -7.17453 -0.675573 -11.7151 -8.10836 -18.194 -12.6791 3.68799 2.34282 5.1198 0.475152 -12.9763 9.25489 -7.19361 -7.04587 15.6808 5.32084 -7.86922 -4.18213 6.45174 7.6435 11.0142 -7.32846 -8.68189 -0.457618 10.0529 -1.39804 2.33328 -6.75004 -6.14455 
-5.05859 1.50552 2.29856 2.01297 2.84905 -19.2722 5.99316 -16.5517 -0.569869 4.2346 5.27276 1.86545 21.1445 5.27078 -2.28816 9.93974 4.02893 -7.11924 -9.30876 2.75097 -4.76701 0.643513 -5.28096 3.81542 -5.96777 7.15584 -6.43988 0.489818 -7.24337 8.9475 5.26015 -8.64952 -1.99202 -12.4943 -7.86516 -17.0534 -10.5812 3.98889 1.70969 4.26456 -1.05694 -12.6561 8.67605 -6.92063 -8.6736 16.2828 5.83794 -8.82597 -4.95799 6.82405 7.95535 10.264 -8.29359 -9.17864 -0.56518 10.423 -0.493413 3.65087 -6.09849 -5.26247 
-3.6263 2.04729 1.18301 1.56053 3.85853 -20.4767 7.49418 -16.7064 -0.571278 4.65423 5.94984 4.53782 18.4239 6.42513 -2.81422 10.2797 4.18228 -8.30304 -8.23605 3.06641 -5.74813 0.957737 -6.51967 2.87413 -5.56305 6.84239 -4.68048 1.00784 -9.86258 8.89923 5.22911 -10.5254 -2.44745 -11.9066 -7.3938 -17.363 -9.47176 3.74189 1.87928 5.53171 -0.89822 -14.4347 9.0441 -6.4888 -10.6857 15.3303 5.17182 -7.90867 -6.09504 8.64877 7.12011 9.36226 -8.04602 -9.93456 -1.31272 10.9541 -1.1029 2.76963 -5.89197 -4.12099 
-2.60284 1.90183 0.559808 2.21015 3.90274 -22.4301 7.61314 -18.5244 -2.62122 5.62443 5.20435 4.71383 17.3276 5.00955 -3.80109 10.529 4.04953 -6.6258 -11.0405 2.61953 -4.36747 1.62838 -7.29244 2.84822 -5.99157 5.22379 -3.61442 1.40306 -9.34395 10.4612 3.57236 -11.298 -2.25707 -11.7308 -7.39984 -16.4745 -7.56553 5.32669 1.8641 6.85729 0.0640865 -15.6821 9.2181 -7.50516 -10.2845 15.5032 6.11856 -9.47568 -5.94775 9.19652 6.41765 11.0349 -9.48253 -11.6205 -0.331439 9.981 -1.03693 1.28268 -6.13055 -4.12274 
