0 0 0 0 0 0 0 0 0 0 0 0 0 0 0 0 0 0 0 0 
0.119007 -0.350421 -0.236873 -0.0746829 -0.390663 0.421437 0.496837 0.681871 -0.22067 -0.0872083 -1.11238 -1.62542 0.0529539 0.495832 -1.02463 1.16087 1.72623 0.697146 0.202033 -0.684987 
-0.854467 0.182463 -0.957319 -0.422116 -1.37598 -1.3653 0.0838238 0.485685 -1.07029 -0.558133 -3.05553 -1.39216 -0.426088 0.00572989 -1.537 0.834394 -0.245476 0.928124 -1.19849 -1.87171 
-2.78576 0.251306 -1.35425 0.260031 -2.24102 -2.96356 -1.10542 -0.466937 -2.72123 -0.513457 -4.03408 -1.67913 -0.274175 -2.08797 -3.49272 -1.69416 -1.8669 1.16539 -1.90466 -0.854498 
-1.87268 0.423413 -1.66235 -0.65328 -0.527419 -2.51041 -0.205043 -0.082021 -2.6006 1.28621 -2.68537 -1.40101 -1.38039 -2.19719 -3.89296 -0.559783 -1.37687 2.11399 -3.19198 -1.16976 
-1.26181 1.03982 -1.78047 -1.88963 -0.578956 -2.43437 0.721707 -0.245737 -3.79588 2.07928 -2.46783 -2.79399 -1.97185 -2.09014 -4.78865 -1.53121 -1.00101 2.27283 -3.46246 -1.46958 
-1.32229 0.799635 -1.8464 -3.10596 -2.41395 -1.74776 0.740667 -0.743605 -2.08783 0.987951 -2.07871 -2.60745 -2.97113 -2.31466 -5.76679 -2.03433 -0.975956 2.82374 -2.19034 -0.660351 
-1.35566 -1.22796 -1.52972 -4.01138 -2.60197 -2.57556 1.18453 -1.09924 -0.885345 1.45001 -2.48511 -4.29244 -3.36804 -1.14163 -5.24654 -1.39371 -0.0659979 3.3351 -1.66773 -0.44082 
-2.15474 -3.10084 -2.01549 -4.07546 -3.67071 -2.2637 1.5327 -1.19393 -1.27628 1.3159 -1.80322 -3.70557 -6.18951 -0.880984 -6.38447 -0.797502 -0.0381297 3.42405 -2.41467 0.746907 
-3.08343 -3.33961 -1.79134 -2.66152 -3.0779 -2.76374 0.950449 -0.711949 -3.06642 0.236487 -2.79803 -2.90737 -4.02524 -1.92818 -8.40207 -2.18752 -1.35987 2.94194 -3.78857 0.872163 
-3.48379 -4.44231 -1.30572 -3.2037 -4.76805 -2.73707 0.621549 -0.764508 -3.76914 -0.118212 -2.48113 -3.53609 -3.92797 -1.78853 -7.34308 -1.75122 -1.06356 2.95015 -4.76654 -0.332799 
-2.30849 -4.02413 -1.35632 -3.23528 -5.10326 -1.28653 2.07533 -0.350868 -4.13154 -0.0393297 -1.93966 -2.63415 -3.92759 -2.97633 -5.91774 -1.72976 -2.23653 3.09136 -4.53297 -0.465208 
-2.58155 -5.41245 -3.47941 -2.4978 -4.41307 0.0354237 0.253369 -0.748485 -5.23995 -0.150486 -1.29906 -1.55521 -4.01104 -2.59072 -6.16525 -2.5337 -1.88871 4.02452 -4.95078 -1.59968 
-2.6876 -5.12237 -2.93261 -1.07366 -5.43681 -0.478518 0.288995 0.0845969 -6.00687 -0.245455 -1.07483 0.162539 -5.15459 -2.00169 -7.02645 -0.959893 -1.17797 4.60683 -3.6848 0.503203 
-3.53358 -4.02685 -1.8677 -0.590941 -5.74518 -0.687414 0.259906 0.257825 -5.89121 -1.24962 -1.00282 -1.52426 -5.08607 -1.67819 -7.48143 -1.96764 -2.38519 5.35714 -3.07704 0.965901 
-3.42865 -4.76814 -3.65682 -0.413738 -6.06736 -3.12663 0.474274 -0.244229 -6.46989 -1.7226 -1.13758 -0.802535 -5.87612 -2.76491 -8.42667 -2.41106 -3.12318 4.89306 -3.04015 0.769235 
-3.90515 -4.025 -2.46427 1.31003 -4.80555 -2.40078 3.15838 0.180847 -6.02092 -1.33352 0.536215 -0.785526 -5.23538 -1.37756 -7.13518 -1.59205 -2.91748 4.55724 -2.88657 2.19591 
-4.16886 -3.92113 -2.88012 0.656153 -4.20665 -2.66502 3.35488 -1.04142 -5.5537 -0.20755 0.834215 -0.378795 -3.73667 -1.78668 -6.45848 0.186293 -5.77008 5.11742 -2.46169 0.991107 
-3.72981 -4.25254 -3.72167 0.530858 -2.74088 -3.17512 3.14106 0.260466 -6.98794 -0.939015 -0.800207 -1.74777 -3.20241 -1.25104 -5.95944 -0.385512 -4.85924 4.77077 -1.68133 2.54892 
-3.86968 -2.47889 -4.57436 0.848615 -2.63503 -5.64528 4.82379 -1.0091 -7.54897 -1.22701 -0.260074 -2.10439 -1.30144 0.12469 -7.50468 1.6401 -4.94495 5.20191 -1.24397 3.1233 
-3.09303 -2.99066 -3.97035 0.45999 -2.50137 -6.35891 2.89373 -0.834872 -6.31696 -0.603347 0.680261 -2.90874 -2.21259 -0.338379 -7.26785 -0.101534 -5.18665 5.85351 -1.19561 4.1979 
-1.25969 -3.29028 -4.10138 -0.317456 -3.72433 -6.64299 2.78697 -0.593424 -8.0733 1.15933 1.336 -2.37717 -3.11024 -1.3983 -6.14826 -1.07403 -5.11332 4.61636 -0.606496 3.12035 
-1.94925 -3.04109 -3.92359 -0.914831 -3.89404 -6.61046 1.90115 0.258901 -9.86057 0.0843382 0.12114 -3.62728 -1.27952 -3.09604 -7.89162 -2.33939 -5.50082 4.6802 -1.02142 2.20929 
-1.90205 -2.90709 -2.80932 -2.29035 -4.6476 -6.39689 0.570514 -0.468909 -8.80256 0.778764 -0.160745 -3.34353 -2.172 -1.84746 -7.84683 -2.28646 -7.45799 3.53735 0.0189295 2.58515 
-0.0673005 -1.34223 -2.76727 -0.974648 -4.84846 -6.45219 0.42697 -0.720785 -9.52144 0.824648 -0.199257 -2.29212 -1.94087 -1.82823 -7.93248 -3.61823 -7.1828 3.12782 -0.722731 1.3428 
-0.780522 -1.05512 -3.25155 0.753872 -5.67899 -5.79498 -0.0014481 -1.45822 -9.09025 -1.24473 0.391888 -2.73583 -0.70389 -1.00652 -8.25078 -5.17837 -6.60815 2.74327 -0.229091 1.45337 
0.0692029 -0.654059 -4.36919 -0.348358 -5.43974 -4.74388 0.901237 -1.44419 -9.81378 -1.93357 1.18154 -3.20096 -0.484788 -1.58928 -7.9306 -5.97414 -6.40773 2.66218 -2.19569 2.02255 
0.499956 -0.551428 -5.44127 -0.748119 -4.90173 -4.23506 0.920546 -2.62912 -11.6427 -0.621461 0.405496 -4.32448 -0.728176 -2.61671 -7.37878 -5.16152 -7.80027 2.61635 -3.48122 2.57387 
-0.357845 -1.0617 -5.2944 -0.428048 -7.15315 -4.69794 0.143617 -3.69194 -12.0471 -1.27315 0.529851 -5.32872 -1.50242 -2.4671 -6.69204 -5.30192 -7.08239 2.77992 -4.0011 2.46864 
-0.820495 -1.95435 -6.85125 0.00861967 -6.52266 -5.16238 0.148787 -3.31983 -12.3554 -0.616771 0.436036 -5.37943 -0.807119 -4.02952 -7.1353 -5.76709 -8.26187 2.28897 -4.88132 2.40732 
0.0383262 -0.601381 -7.57542 -0.589159 -6.85156 -4.66406 1.17697 -1.76849 -12.4178 -1.23765 0.901181 -5.83005 -1.65271 -2.94218 -6.84064 -6.00924 -7.29993 2.5177 -3.6954 3.03878 
0.170307 -2.29467 -7.58602 -1.18653 -6.8256 -4.80034 0.78917 -1.54528 -12.5707 -2.3957 0.648028 -5.77606 -1.17897 -2.25002 -5.65564 -3.26697 -5.94297 1.79043 -3.75312 2.45628 
-1.01121 -2.94088 -9.24699 -1.17858 -8.03915 -6.52582 0.53763 -3.68933 -13.7195 -2.25204 1.31682 -7.3694 -1.94395 -3.33138 -5.48719 -3.48965 -7.7642 1.03872 -5.40849 1.51606 
-0.436121 -2.85923 -7.75204 -0.699455 -9.41254 -5.97319 0.698829 -3.31385 -14.2815 -2.27091 1.35587 -5.61771 -2.74293 -2.82502 -5.99236 -3.29431 -6.42753 0.892024 -3.47249 1.75875 
0.798247 -3.84883 -7.61432 -0.500075 -7.88743 -5.78519 1.62009 -3.85438 -13.6389 -2.40666 1.74208 -3.83725 -1.58751 -2.70918 -4.93201 -2.54772 -7.01513 2.49606 -1.88435 3.42557 
-0.100244 -2.22277 -7.92855 1.72973 -6.98102 -5.93692 0.643097 -3.11444 -12.4313 -1.68147 1.5166 -3.60322 -1.55317 -1.68295 -5.31985 -2.48441 -8.89397 1.43764 -2.22374 4.46021 
-0.967797 -2.32528 -7.37854 1.17713 -7.1168 -4.7905 1.45301 -3.19667 -13.0901 -1.97759 2.28728 -4.92756 0.412713 -1.38169 -4.56068 -1.11893 -8.74883 1.02317 -0.425624 4.76423 
-0.729848 -2.18373 -8.30767 0.804707 -6.53981 -4.92964 1.51906 -2.79762 -12.2025 -1.63288 4.45455 -4.24295 -0.880957 -1.69052 -4.96871 -1.27756 -6.50314 -0.0373585 -0.150111 4.2401 
0.290728 -2.39421 -8.65886 0.315431 -7.12125 -2.83217 2.31566 -2.7735 -11.7315 -0.902856 5.34957 -3.23187 0.759023 -1.8558 -4.22368 0.0690669 -4.26017 0.0601299 -0.62284 3.88698 
0.835205 -3.37389 -9.11149 -0.176243 -7.04935 -2.05464 1.60554 -1.91732 -11.7165 -1.8862 4.83475 -2.23676 1.13007 -0.652312 -3.63314 -0.627205 -4.14233 -0.42001 1.14186 4.1526 
-0.369124 -2.95292 -8.61613 -2.00446 -8.28062 -3.31645 0.670657 0.121758 -12.0907 -1.41759 4.36752 -2.61928 -0.400947 -0.721025 -7.35703 -0.361556 -4.45843 -1.17202 2.2794 4.549 
0.313968 -2.36418 -9.35741 -3.09785 -8.46986 -3.9816 0.936542 0.383721 -11.4981 -1.41808 3.93539 -3.1085 -0.982854 -1.42586 -8.05215 -1.39094 -3.97837 -0.476598 1.21539 4.48849 
1.75755 -1.85152 -8.35497 -1.85369 -6.97224 -2.71732 1.97636 0.412144 -10.8642 0.261257 3.12372 -2.20786 0.9587 0.734072 -8.13652 -0.28913 -2.80118 1.19333 0.615903 6.10497 
2.36805 -0.911185 -7.09517 0.717279 -6.76265 -0.94885 1.46876 2.26613 -12.0224 0.849484 2.49957 -1.36468 2.65729 1.46561 -7.08493 1.12571 -3.14606 2.99437 2.27053 8.71671 
2.19178 -0.546586 -6.41331 -1.56788 -7.98429 -1.48387 -0.766344 0.406481 -11.9932 0.774804 2.90327 -2.10861 2.31938 0.832946 -9.10117 0.384422 -4.5524 3.346 0.0984371 7.80303 
0.494177 -0.883215 -7.68621 -2.68978 -8.91313 -1.97092 -1.43357 -0.53713 -13.2804 -0.850215 2.66808 -1.67198 1.90252 0.697676 -9.58271 0.0561709 -6.00715 2.38034 0.748074 6.19517 
0.191051 -0.560333 -7.8874 -2.75248 -9.38152 -2.20439 -2.50565 -1.38698 -13.2589 -2.95657 2.78197 -2.02705 0.107775 -0.236652 -9.80645 1.45696 -6.5863 0.946217 0.414236 6.27728 
-0.679438 -0.533546 -8.06206 -4.15962 -9.55411 -2.62222 -3.77962 -1.50103 -14.6662 -3.473 1.49087 -0.239934 1.12872 -0.946501 -10.548 1.32043 -7.54728 0.33209 0.393497 6.49515 
-0.605884 -1.1744 -9.70371 -4.58905 -10.0591 -2.25233 -5.99815 -1.13763 -13.9984 -3.33685 1.16915 -0.154559 1.66651 -2.33106 -11.0959 1.1605 -8.33363 -0.533863 0.130389 6.63863 
0.716464 -1.1713 -8.69934 -3.76835 -9.65707 -1.9406 -4.78017 -2.37429 -12.76 -4.32829 1.30501 0.907185 1.49483 -3.04024 -11.2413 1.39116 -7.11169 -0.340433 -1.32741 6.89167 
-0.13008 -0.617382 -8.17922 -4.44439 -8.76288 -1.36025 -4.22646 -1.96158 -12.2822 -2.69548 0.473793 1.90159 3.11273 -2.72266 -11.9308 1.9789 -5.253 -1.50538 -0.387964 9.72491 
