0 0 0 0 0 0 0 0 0 0 0 0 0 0 0 0 0 0 0 0 
0.157635 -0.34027 -0.219834 -0.0478048 -0.382952 0.47841 0.558384 0.754642 -0.202648 -0.06109 -1.14844 -1.69261 0.0875744 0.557317 -1.05538 1.2627 1.86235 0.770843 0.245697 -0.69513 
-0.599706 0.500125 -0.708796 -0.141128 -1.15286 -1.14153 0.395502 0.82174 -0.828623 -0.285396 -2.93429 -1.17001 -0.14534 0.312671 -1.32364 1.1916 0.0462266 1.29102 -0.964596 -1.67865 
-2.39647 0.82483 -0.878116 0.834084 -1.81868 -2.58505 -0.614198 0.063018 -2.32802 0.0136754 -3.72051 -1.2227 0.267473 -1.65635 -3.14631 -1.23864 -1.42186 1.79436 -1.46192 -0.348053 
-1.46078 0.974593 -1.23769 -0.167413 -0.033917 -2.1372 0.308015 0.438499 -2.23285 1.88973 -2.32277 -0.960495 -0.938627 -1.80497 -3.60361 -0.0682444 -0.934897 2.76772 -2.86011 -0.715226 
-0.653755 1.7875 -1.20387 -1.31965 0.0705234 -1.89744 1.45009 0.423956 -3.34153 2.89 -1.93293 -2.27888 -1.40687 -1.53233 -4.39453 -0.93949 -0.377136 3.0953 -2.9879 -0.874126 
-0.730775 1.51987 -1.28667 -2.62264 -1.88865 -1.18205 1.45732 -0.116983 -1.54275 1.71961 -1.53307 -2.09389 -2.47963 -1.78334 -5.44487 -1.486 -0.363429 3.66675 -1.65147 -0.0286791 
-0.762151 -0.626706 -0.946767 -3.57897 -2.08406 -2.05605 1.93213 -0.490178 -0.263306 2.21372 -1.96011 -3.87707 -2.8966 -0.535135 -4.88905 -0.802506 0.605742 4.21316 -1.09315 0.208183 
-1.5494 -2.55289 -1.4017 -3.58663 -3.15732 -1.66497 2.36172 -0.530302 -0.61765 2.13178 -1.17656 -3.1943 -5.82892 -0.198373 -6.0357 -0.109827 0.695609 4.3678 -1.82509 1.52827 
-2.37405 -2.64577 -1.00358 -1.92655 -2.36817 -2.03496 1.90453 0.14129 -2.356 1.14726 -2.07134 -2.18731 -3.37299 -1.14872 -8.01532 -1.42379 -0.545929 4.01682 -3.12196 1.82149 
-2.71131 -3.72798 -0.401119 -2.41423 -4.07348 -1.91929 1.64306 0.172921 -3.01397 0.858422 -1.64783 -2.76678 -3.18244 -0.913213 -6.8047 -0.873648 -0.144273 4.11291 -4.07188 0.630818 
-1.50958 -3.32929 -0.499653 -2.49258 -4.47388 -0.425627 3.14016 0.566794 -3.44321 0.89723 -1.11838 -1.85499 -3.22689 -2.21793 -5.33776 -0.895743 -1.43326 4.21783 -3.86899 0.445517 
-1.74914 -4.75177 -2.70147 -1.66032 -3.69177 1.02657 1.25774 0.195112 -4.5688 0.829386 -0.388864 -0.660549 -3.26535 -1.75887 -5.55023 -1.69839 -1.01428 5.25765 -4.26209 -0.707715 
-2.01403 -4.5965 -2.27391 -0.302196 -4.93002 0.329049 1.14312 0.926322 -5.53466 0.57625 -0.30344 1.00899 -4.63067 -1.28652 -6.61608 -0.181527 -0.412835 5.72288 -3.07172 1.37032 
-2.94129 -3.46449 -1.17436 0.179849 -5.28704 0.0775247 1.08231 1.0801 -5.44194 -0.518785 -0.25701 -0.810085 -4.58795 -0.973354 -7.12862 -1.28036 -1.72324 6.48874 -2.45705 1.83113 
-2.71093 -4.13167 -2.95294 0.48687 -5.5097 -2.39059 1.42875 0.666662 -5.93665 -0.901385 -0.280883 0.0744884 -5.30686 -2.00693 -8.01213 -1.63161 -2.38692 6.11558 -2.29886 1.7416 
-3.40908 -3.53621 -1.88081 2.12245 -4.36411 -1.81347 4.08292 0.924767 -5.6532 -0.681461 1.30169 -0.100227 -4.82 -0.728173 -6.83506 -0.955674 -2.36151 5.56664 -2.32873 3.06206 
-3.72363 -3.46087 -2.35672 1.39407 -3.76371 -2.12857 4.25651 -0.406482 -5.19248 0.477976 1.58293 0.296343 -3.26522 -1.19695 -6.15214 0.89571 -5.42197 6.12596 -1.9129 1.74934 
-3.30827 -3.86271 -3.29964 1.21085 -2.25936 -2.71993 3.97938 0.924053 -6.76405 -0.34819 -0.200961 -1.20601 -2.74889 -0.679145 -5.67316 0.23889 -4.50622 5.70796 -1.13553 3.35132 
-3.58341 -2.10825 -4.33083 1.4211 -2.27386 -5.46672 5.63742 -0.549303 -7.48588 -0.780429 0.245162 -1.71103 -0.859378 0.653266 -7.43891 2.2606 -4.7239 6.03847 -0.798415 3.83377 
-2.78455 -2.67596 -3.71508 0.984 -2.15699 -6.24853 3.56537 -0.389408 -6.20404 -0.143839 1.21763 -2.58908 -1.8507 0.137202 -7.21261 0.388415 -5.00517 6.70469 -0.772027 4.94866 
-0.854831 -3.0086 -3.8689 0.144558 -3.46898 -6.56469 3.4373 -0.148149 -8.08176 1.71093 1.89831 -2.0401 -2.81764 -1.00185 -6.03994 -0.657911 -4.94223 5.37766 -0.162014 3.7909 
-1.35291 -2.51099 -3.44702 -0.255749 -3.41568 -6.29688 2.73105 0.989181 -9.74414 0.804029 0.843063 -3.13273 -0.642563 -2.56928 -7.65575 -1.76673 -5.11992 5.67867 -0.3688 3.05788 
-1.27741 -2.34342 -2.23972 -1.68927 -4.18951 -6.04491 1.34514 0.242662 -8.59651 1.56602 0.569519 -2.80634 -1.56374 -1.21951 -7.58281 -1.68514 -7.17038 4.49195 0.760093 3.48198 
0.724583 -0.627687 -2.13917 -0.237805 -4.3466 -6.04761 1.24884 0.031458 -9.30304 1.67064 0.584622 -1.63519 -1.26264 -1.14316 -7.6177 -3.04174 -6.82254 4.11351 0.0293936 2.22022 
-0.0712938 -0.362549 -2.69221 1.55618 -5.26691 -5.38993 0.755039 -0.7901 -8.88509 -0.563659 1.17224 -2.14521 0.00998729 -0.310996 -7.9947 -4.73591 -6.25242 3.66625 0.513587 2.2981 
0.791699 0.0245637 -3.91592 0.348809 -5.05142 -4.31335 1.6742 -0.813493 -9.69079 -1.33256 1.97151 -2.67683 0.204102 -0.967383 -7.69337 -5.61824 -6.07813 3.54196 -1.61059 2.86354 
1.28489 0.16973 -5.01673 -0.038892 -4.44447 -3.73735 1.73099 -2.03399 -11.5944 0.0954486 1.1847 -3.83219 -0.0177395 -2.02084 -7.07177 -4.72001 -7.51882 3.52966 -2.93778 3.48461 
0.504539 -0.242007 -4.73147 0.430078 -6.70297 -4.09883 1.03642 -3.0318 -11.8938 -0.466291 1.44608 -4.76787 -0.709469 -1.73266 -6.21389 -4.73945 -6.62791 3.83264 -3.35972 3.50248 
0.0938882 -1.10874 -6.3027 0.973297 -5.95417 -4.51138 1.12197 -2.55705 -12.1407 0.30997 1.42664 -4.7416 0.108075 -3.30979 -6.60397 -5.15277 -7.79888 3.39197 -4.21327 3.51751 
0.893326 0.214814 -7.18227 0.227777 -6.4145 -4.09431 2.10104 -1.02309 -12.3184 -0.46005 1.80852 -5.33102 -0.900289 -2.26798 -6.40292 -5.52108 -6.89007 3.5231 -3.06689 4.07579 
1.04212 -1.57238 -7.1847 -0.397026 -6.37816 -4.23005 1.69852 -0.777536 -12.4718 -1.67954 1.54882 -5.26496 -0.389008 -1.52503 -5.13723 -2.60367 -5.44199 2.76052 -3.1193 3.46676 
0.0292451 -2.01748 -8.70612 -0.148272 -7.425 -5.81988 1.67204 -2.81132 -13.45 -1.28685 2.4985 -6.71463 -0.960073 -2.43166 -4.71825 -2.59953 -7.13337 2.20353 -4.63477 2.70983 
0.519033 -2.05107 -7.24067 0.239725 -9.0019 -5.35391 1.72283 -2.53326 -14.1662 -1.42706 2.41972 -4.97687 -1.92771 -2.01478 -5.37425 -2.51253 -5.83582 1.92774 -2.70152 2.84705 
1.67971 -3.24926 -7.24316 0.302635 -7.53284 -5.30308 2.55141 -3.25514 -13.6332 -1.71961 2.6808 -3.23697 -0.850763 -2.04047 -4.39814 -1.86922 -6.60763 3.48052 -1.16561 4.46641 
0.683635 -1.56764 -7.61953 2.62461 -6.61453 -5.50709 1.47207 -2.5134 -12.3954 -0.993508 2.39855 -3.03184 -0.85743 -0.995079 -4.8526 -1.84516 -8.64352 2.31481 -1.56867 5.52073 
-0.408388 -1.84821 -7.20801 1.86665 -6.93039 -4.46298 2.15926 -2.77246 -13.2661 -1.47944 3.04414 -4.60835 1.05586 -0.847389 -4.21921 -0.568684 -8.66141 1.70335 0.166673 5.67134 
-0.334881 -1.87695 -8.37237 1.29276 -6.49727 -4.78943 2.05045 -2.52809 -12.5034 -1.29269 5.164 -4.06109 -0.495157 -1.35383 -4.83087 -0.91582 -6.45838 0.399615 0.280023 4.93655 
0.506496 -2.34131 -8.98597 0.532698 -7.3551 -2.80584 2.65426 -2.74361 -12.245 -0.759491 5.87221 -3.22978 1.0032 -1.77024 -4.28175 0.271389 -4.32046 0.26191 -0.462489 4.3209 
1.0717 -3.39272 -9.47836 -0.0011011 -7.29113 -1.99345 1.88876 -1.84779 -12.2414 -1.81479 5.31386 -2.18661 1.38445 -0.506049 -3.6677 -0.479419 -4.20777 -0.259655 1.39696 4.59033 
-0.0647493 -2.80528 -8.81202 -1.79929 -8.45616 -3.19086 1.0381 0.45591 -12.4973 -1.17682 4.95922 -2.4514 -0.0985027 -0.437998 -7.47654 -0.0567227 -4.40211 -0.916347 2.74443 5.15171 
0.797898 -2.04271 -9.46015 -2.82088 -8.51876 -3.75824 1.45824 0.871882 -11.7307 -1.03922 4.639 -2.83218 -0.57759 -1.04747 -8.07571 -1.01043 -3.75481 -0.0406248 1.754 5.22565 
2.06828 -1.75972 -8.65767 -1.76202 -7.19107 -2.67805 2.30035 0.641253 -11.3191 0.481214 3.51732 -2.13768 1.22096 0.982709 -8.42598 -0.102561 -2.767 1.46982 0.857372 6.6794 
2.303 -1.17515 -7.73426 0.552097 -7.38156 -1.2151 1.34916 2.1949 -12.9603 0.692322 2.4425 -1.65616 2.60979 1.34582 -7.7234 0.985301 -3.54559 2.96732 2.19957 9.03678 
2.34076 -0.563709 -6.78632 -1.64695 -8.45259 -1.55784 -0.796798 0.447171 -12.7046 0.837837 3.09542 -2.22049 2.4761 0.899505 -9.63722 0.423774 -4.81252 3.565 0.120441 8.2924 
0.653612 -0.807333 -8.023 -2.72348 -9.32434 -1.96101 -1.39107 -0.440255 -13.9566 -0.772331 2.95938 -1.64395 2.14739 0.869454 -10.0345 0.189036 -6.24209 2.65418 0.92291 6.70043 
0.443531 -0.353432 -8.12496 -2.67856 -9.70971 -2.09722 -2.41675 -1.23023 -13.8223 -2.89503 3.19161 -1.90912 0.355203 -0.0101172 -10.1604 1.78623 -6.74493 1.2445 0.680254 6.89895 
-0.39537 -0.240628 -8.22582 -4.08666 -9.80839 -2.456 -3.68361 -1.2668 -15.2306 -3.35839 1.90659 0.0707944 1.52247 -0.678633 -10.8626 1.72581 -7.67982 0.677518 0.742649 7.21443 
-0.125359 -0.728365 -9.77506 -4.35015 -10.152 -1.87168 -5.84472 -0.689364 -14.3303 -3.02198 1.75735 0.353344 2.28488 -1.95518 -11.2517 1.74817 -8.32187 -0.048969 0.655577 7.55861 
1.20181 -0.800462 -8.78515 -3.55505 -9.80098 -1.61643 -4.62824 -2.07643 -13.0922 -4.14895 1.82605 1.4041 2.02739 -2.78278 -11.4813 1.91743 -7.1012 0.0808038 -0.966039 7.75161 
0.0124187 -0.504443 -8.52499 -4.5636 -9.14405 -1.29237 -4.33245 -1.93018 -12.8769 -2.7086 0.652923 2.16733 3.45194 -2.73743 -12.5042 2.24933 -5.42126 -1.44631 -0.261109 10.4652 
