0 0 0 0 0 0 0 0 0 0 0 0 0 0 0 0 0 0 0 0 
0.0856183 -0.353492 -0.247278 -0.0955624 -0.391135 0.368515 0.439046 0.612129 -0.232121 -0.107279 -1.06624 -1.54614 0.0238308 0.438105 -0.98416 1.06019 1.58904 0.626417 0.163282 -0.666449 
-1.05018 -0.0802225 -1.14639 -0.645754 -1.53802 -1.52803 -0.172491 0.203415 -1.25207 -0.772987 -3.10909 -1.55315 -0.64947 -0.245541 -1.68863 0.529603 -0.480523 0.617279 -1.37199 -2.00172 
-3.06271 -0.221793 -1.72365 -0.213631 -2.55315 -3.22902 -1.4909 -0.893647 -3.00235 -0.937163 -4.2304 -2.02755 -0.713335 -2.40999 -3.72401 -2.04161 -2.20319 0.633254 -2.23851 -1.25618 
-2.18177 -0.0339729 -1.98503 -1.04113 -0.923395 -2.77832 -0.621839 -0.506763 -2.86267 0.773098 -2.94198 -1.74056 -1.72127 -2.48532 -4.07157 -0.953669 -1.71798 1.54742 -3.41587 -1.52425 
-1.74056 0.412421 -2.22572 -2.32783 -1.10181 -2.83739 0.114853 -0.790108 -4.11096 1.38474 -2.86868 -3.17378 -2.40474 -2.51539 -5.03961 -1.99255 -1.4966 1.56579 -3.79908 -1.93491 
-1.7866 0.19828 -2.27686 -3.45507 -2.80775 -2.18459 0.14312 -1.24529 -2.50269 0.374434 -2.49416 -2.98876 -3.32895 -2.71488 -5.94405 -2.45265 -1.46263 2.09165 -2.59858 -1.16741 
-1.8211 -1.70165 -1.98392 -4.3053 -2.98691 -2.96221 0.555033 -1.58124 -1.38116 0.803368 -2.8776 -4.5682 -3.70351 -1.62089 -5.46068 -1.85669 -0.614731 2.56671 -2.11301 -0.965344 
-2.61792 -3.50292 -2.48766 -4.4146 -4.03598 -2.71985 0.831358 -1.71917 -1.7962 0.628568 -2.28911 -4.0686 -6.39211 -1.42643 -6.57447 -1.34834 -0.638015 2.60056 -2.86106 0.0963199 
-3.61788 -3.85751 -2.40924 -3.22322 -3.6127 -3.31883 0.155473 -1.39956 -3.60196 -0.512377 -3.35091 -3.45319 -4.49886 -2.53724 -8.59301 -2.77983 -2.00563 2.01834 -4.27748 0.082243 
-4.06388 -4.9605 -2.02648 -3.80188 -5.2652 -3.36539 -0.223691 -1.52023 -4.3308 -0.915674 -3.12598 -4.11281 -4.47938 -2.47811 -7.67392 -2.44322 -1.79997 1.95451 -5.26379 -1.1164 
-2.92778 -4.53262 -2.03711 -3.79471 -5.54205 -1.97183 1.17291 -1.09659 -4.63309 -0.805176 -2.58278 -3.23241 -4.44231 -3.55249 -6.30392 -2.38643 -2.86047 2.12331 -5.00859 -1.20355 
-3.22416 -5.87224 -4.06404 -3.14583 -4.9374 -0.776213 -0.572344 -1.50949 -5.71087 -0.950115 -2.02451 -2.26412 -4.56133 -3.23274 -6.57641 -3.17941 -2.57607 2.95525 -5.44038 -2.30571 
-3.19864 -5.47617 -3.42783 -1.68895 -5.7703 -1.13224 -0.414297 -0.605494 -6.30354 -0.914229 -1.69004 -0.532585 -5.5063 -2.55703 -7.25727 -1.58252 -1.78652 3.62467 -4.13144 -0.213924 
-3.96547 -4.42689 -2.40719 -1.21289 -6.03423 -1.30313 -0.416992 -0.418939 -6.17084 -1.82902 -1.59816 -2.08593 -5.41769 -2.22992 -7.65835 -2.50067 -2.89126 4.35104 -3.53842 0.243406 
-3.96476 -5.21774 -4.17819 -1.14457 -6.43305 -3.68225 -0.313909 -0.986007 -6.80958 -2.36889 -1.82166 -1.50825 -6.25416 -3.34389 -8.63998 -3.01289 -3.67901 3.81949 -3.60135 -0.0379984 
-4.25274 -4.36485 -2.90493 0.62561 -5.09499 -2.84554 2.35459 -0.430643 -6.23187 -1.8472 -0.0982266 -1.3346 -5.49706 -1.8884 -7.27416 -2.08904 -3.32887 3.6631 -3.29995 1.45428 
-4.47092 -4.23918 -3.26541 0.0424718 -4.50626 -3.0642 2.5669 -1.54547 -5.76632 -0.765449 0.209033 -0.925633 -4.06664 -2.24259 -6.61266 -0.397042 -5.96872 4.21561 -2.87401 0.355793 
-4.01903 -4.508 -4.01142 -0.0335438 -3.09398 -3.50017 2.40808 -0.286472 -7.06674 -1.40848 -1.27864 -2.16501 -3.5257 -1.70036 -6.10467 -0.890729 -5.07552 3.93253 -2.10285 1.85418 
-4.04613 -2.74516 -4.7053 0.367436 -2.89122 -5.70705 4.08588 -1.3703 -7.48778 -1.57413 -0.669647 -2.39484 -1.64376 -0.309733 -7.44636 1.1078 -5.05195 4.43957 -1.59 2.49521 
-3.29926 -3.20349 -4.11991 0.0242914 -2.7458 -6.3542 2.30085 -1.18694 -6.31496 -0.970369 0.230336 -3.12687 -2.47568 -0.722515 -7.20444 -0.500966 -5.25766 5.06946 -1.52438 3.52079 
-1.57218 -3.47163 -4.23034 -0.690802 -3.87764 -6.6078 2.21313 -0.948946 -7.94573 0.690604 0.855864 -2.61749 -3.30321 -1.70184 -6.14502 -1.39851 -5.17692 3.92436 -0.961174 2.52497 
-2.40812 -3.42946 -4.25496 -1.44052 -4.22732 -6.76829 1.19359 -0.342593 -9.8085 -0.505881 -0.471457 -3.97778 -1.78166 -3.48086 -7.96671 -2.77308 -5.73032 3.79315 -1.54022 1.48183 
-2.38479 -3.32492 -3.23347 -2.74802 -4.95302 -6.58933 -0.071924 -1.04422 -8.83963 0.122876 -0.755954 -3.73318 -2.63731 -2.33373 -7.94563 -2.74438 -7.58191 2.7033 -0.587885 1.8126 
-0.714333 -1.90692 -3.23993 -1.56308 -5.18669 -6.68685 -0.251985 -1.32561 -9.55787 0.120009 -0.837767 -2.79546 -2.4669 -2.36153 -8.07154 -4.03592 -7.37027 2.27442 -1.32743 0.604698 
-1.34926 -1.60612 -3.66069 0.0860387 -5.93135 -6.03986 -0.620498 -1.98318 -9.12229 -1.78348 -0.252566 -3.17828 -1.27757 -1.56065 -8.33704 -5.46306 -6.8005 1.94695 -0.833439 0.740357 
-0.523086 -1.19964 -4.67482 -0.913678 -5.67623 -5.02532 0.255211 -1.93873 -9.76777 -2.39651 0.517407 -3.58204 -1.0413 -2.07445 -8.00621 -6.17612 -6.5817 1.90242 -2.6417 1.30411 
-0.149868 -1.13335 -5.70737 -1.31733 -5.20269 -4.57907 0.243558 -3.07685 -11.5083 -1.19886 -0.238227 -4.66271 -1.29868 -3.06524 -7.51975 -5.4457 -7.91401 1.82983 -3.87392 1.7901 
-1.05823 -1.71662 -5.67595 -1.1239 -7.41466 -5.11802 -0.589155 -4.17699 -11.9925 -1.91442 -0.227866 -5.70806 -2.12888 -3.03126 -6.98332 -5.68299 -7.34846 1.87688 -4.46618 1.5857 
-1.55652 -2.61714 -7.19778 -0.780953 -6.89041 -5.61798 -0.649838 -3.89443 -12.3464 -1.36595 -0.381142 -5.82102 -1.54401 -4.55828 -7.46348 -6.18363 -8.51729 1.35212 -5.35507 1.46283 
-0.661936 -1.26033 -7.78394 -1.24889 -7.10683 -5.06061 0.403169 -2.35206 -12.3135 -1.8555 0.145191 -6.1513 -2.24376 -3.44995 -7.09662 -6.31891 -7.52625 1.6573 -4.15452 2.14474 
-0.545686 -2.85146 -7.80106 -1.81489 -7.08976 -5.1953 0.0332068 -2.15047 -12.4638 -2.94597 -0.0988191 -6.10801 -1.80782 -2.8097 -5.99536 -3.76097 -6.26414 0.969799 -4.21571 1.59265 
-1.84756 -3.6526 -9.55143 -2.00412 -8.42159 -7.006 -0.398751 -4.35271 -13.7351 -3.00825 0.330117 -7.7951 -2.72006 -4.01788 -6.03446 -4.16593 -8.1644 0.0699803 -5.96083 0.516489 
-1.21125 -3.47787 -8.05467 -1.45758 -9.60793 -6.3907 -0.149605 -3.90312 -14.1624 -2.92754 0.464997 -6.05818 -3.36908 -3.44586 -6.40864 -3.88484 -6.8157 0.0311116 -4.05152 0.84186 
0.064969 -4.28198 -7.80427 -1.1495 -8.05974 -6.09327 0.833735 -4.28716 -13.4398 -2.93295 0.94784 -4.27114 -2.1667 -3.21592 -5.2952 -3.0649 -7.24378 1.65313 -2.44437 2.52261 
-0.740234 -2.72567 -8.06294 0.97155 -7.17661 -6.19994 -0.0449017 -3.55976 -12.2749 -2.21933 0.772182 -4.01697 -2.09933 -2.22072 -5.62273 -2.97042 -8.96601 0.698328 -2.72658 3.52568 
-1.41113 -2.68093 -7.40783 0.595269 -7.16299 -4.98694 0.85333 -3.49604 -12.7505 -2.3557 1.63372 -5.11515 -0.119777 -1.79829 -4.77196 -1.55249 -8.68961 0.451254 -0.90397 3.95069 
-1.04216 -2.40214 -8.13057 0.393282 -6.47688 -4.97071 1.0615 -2.97639 -11.7738 -1.88687 3.8074 -4.32837 -1.18351 -1.94079 -5.00726 -1.5545 -6.44258 -0.394398 -0.499869 3.6068 
0.109809 -2.40172 -8.26176 0.132917 -6.82346 -2.8114 2.00396 -2.75651 -11.136 -1.00669 4.84193 -3.18528 0.547859 -1.89808 -4.11303 -0.0975359 -4.14716 -0.105896 -0.744756 3.4738 
0.629187 -3.30806 -8.67509 -0.316936 -6.74614 -2.07402 1.34977 -1.94557 -11.1118 -1.91646 4.37042 -2.24437 0.905006 -0.762258 -3.55057 -0.738772 -4.02687 -0.544959 0.91604 3.73233 
-0.612692 -3.02961 -8.32706 -2.14241 -8.01322 -3.36966 0.359934 -0.153514 -11.5772 -1.59345 3.81803 -2.71752 -0.64246 -0.941866 -7.14928 -0.605613 -4.43789 -1.36373 1.86477 3.98779 
-0.0867475 -2.59192 -9.1335 -3.27821 -8.30327 -4.10488 0.495617 -0.0214998 -11.136 -1.70693 3.30079 -3.28817 -1.29981 -1.71421 -7.91254 -1.68154 -4.10186 -0.826255 0.756457 3.81816 
1.47701 -1.89897 -7.98239 -1.901 -6.68897 -2.70886 1.68168 0.218493 -10.3296 0.0773517 2.75494 -2.2323 0.729749 0.519629 -7.77805 -0.437489 -2.7873 0.949223 0.409092 5.54364 
2.38589 -0.681552 -6.46614 0.841736 -6.15509 -0.716785 1.54468 2.29055 -11.0751 0.965403 2.50892 -1.10576 2.65645 1.54173 -6.45657 1.22379 -2.77209 2.97176 2.29467 8.32452 
2.0371 -0.524405 -6.01223 -1.47973 -7.48174 -1.40115 -0.729969 0.367108 -11.2317 0.711642 2.70264 -1.98554 2.15646 0.766029 -8.52649 0.346474 -4.2715 3.11677 0.0789591 7.28595 
0.356319 -0.932114 -7.29573 -2.622 -8.44341 -1.94956 -1.44692 -0.608381 -12.5286 -0.901245 2.38981 -1.66994 1.67371 0.546674 -9.06975 -0.0533985 -5.72512 2.12066 0.593817 5.68911 
-0.0184208 -0.721276 -7.57512 -2.77184 -8.97274 -2.25915 -2.54095 -1.49454 -12.5997 -2.96275 2.40516 -2.09326 -0.0963182 -0.418501 -9.37022 1.16573 -6.35805 0.687972 0.190349 5.67472 
-0.901752 -0.765282 -7.80756 -4.15716 -9.20325 -2.71906 -3.80171 -1.67028 -13.9852 -3.51489 1.12838 -0.490633 0.789621 -1.15157 -10.1329 0.968955 -7.32603 0.0444462 0.101887 5.80946 
-0.990067 -1.52187 -9.50031 -4.71598 -9.83276 -2.53018 -6.03407 -1.48747 -13.5176 -3.54465 0.670323 -0.567891 1.13556 -2.60382 -10.8025 0.662232 -8.21871 -0.922697 -0.301346 5.78655 
0.308572 -1.45727 -8.4991 -3.88658 -9.39498 -2.17689 -4.83305 -2.58257 -12.2975 -4.41036 0.859102 0.486975 1.03667 -3.20551 -10.8769 0.93969 -7.014 -0.680065 -1.60329 6.08495 
-0.244751 -0.70058 -7.77404 -4.28042 -8.32 -1.39547 -4.07657 -1.95796 -11.612 -2.64446 0.320121 1.6557 2.78862 -2.66989 -11.2833 1.72802 -5.03681 -1.53123 -0.485979 8.97374 
