0 0 0 0 0 0 0 0 0 0 0 0 0 0 0 0 0 0 0 0 
0.232376 -0.292461 -0.165511 0.0158239 -0.337453 0.570503 0.654803 0.861677 -0.147395 0.00182002 -1.14435 -1.71795 0.158526 0.653679 -1.04625 1.39721 2.0293 0.878755 0.325202 -0.666516 
0.0142112 1.17353 -0.10078 0.497595 -0.568863 -0.556921 1.06325 1.51255 -0.227089 0.345523 -2.44666 -0.586946 0.493154 0.975941 -0.748881 1.90241 0.695084 2.00721 -0.370417 -1.1231 
-1.34914 2.0464 0.25134 2.05616 -0.740103 -1.54793 0.529535 1.24338 -1.277 1.19137 -2.7448 -0.111887 1.4589 -0.56899 -2.13955 -0.128689 -0.32182 3.06838 -0.364038 0.810076 
-0.431959 2.13515 -0.196803 0.931373 1.07209 -1.14496 1.43252 1.57006 -1.24579 3.09979 -1.34058 0.095391 0.118441 -0.794765 -2.6907 1.03591 0.122374 4.02527 -1.90698 0.353928 
0.754144 3.32745 0.174268 0.0522245 1.5176 -0.556818 2.97179 1.89015 -2.07902 4.48959 -0.594222 -0.958885 -0.0397041 -0.171955 -3.18898 0.452953 1.04573 4.70599 -1.70626 0.521853 
0.645825 3.01821 0.059859 -1.34838 -0.574683 0.170144 2.95228 1.29282 -0.210068 3.22876 -0.199873 -0.791028 -1.19763 -0.463675 -4.32327 -0.150253 1.03304 5.28123 -0.324675 1.3859 
0.621215 0.763987 0.426612 -2.34797 -0.772197 -0.742677 3.46124 0.907899 1.14704 3.75805 -0.641544 -2.6622 -1.62869 0.860511 -3.72892 0.578677 2.0631 5.86565 0.27231 1.64404 
-0.0814761 -1.13925 0.0742153 -2.22891 -1.77638 -0.203296 4.0412 0.992745 0.900672 3.79882 0.311534 -1.81536 -4.59249 1.34263 -4.81046 1.43596 2.28497 6.1558 -0.37208 3.16267 
-0.612635 -0.899053 0.831966 -0.140926 -0.606443 -0.255204 3.89738 2.03876 -0.593609 3.09915 -0.293549 -0.415792 -1.66561 0.678976 -6.55906 0.389026 1.31437 6.12394 -1.401 3.80986 
-0.78393 -1.85559 1.65123 -0.470777 -2.21978 0.0509288 3.80598 2.25632 -1.10296 2.9789 0.337072 -0.842404 -1.28054 1.11143 -5.09875 1.15314 1.92196 6.40943 -2.21809 2.73898 
0.388235 -1.52991 1.45279 -0.647944 -2.73642 1.53082 5.28949 2.57692 -1.64999 2.92523 0.800596 0.0241387 -1.42197 -0.35843 -3.64702 1.03527 0.468684 6.42545 -2.09881 2.44909 
0.241238 -2.92381 -0.762607 0.33487 -1.80647 3.1671 3.41077 2.29066 -2.73094 2.95925 1.6751 1.38872 -1.35698 0.230987 -3.76546 0.294731 1.01586 7.62705 -2.40764 1.339 
-0.359281 -3.08144 -0.633214 1.44515 -3.433 2.11054 2.96865 2.74012 -4.07034 2.37112 1.44384 2.82727 -3.11746 0.407589 -5.21027 1.57235 1.32853 7.79614 -1.47418 3.20814 
-1.39985 -1.95135 0.462657 1.89012 -3.87249 1.78226 2.84139 2.83907 -4.03577 1.15369 1.42963 0.846636 -3.13559 0.674535 -5.81368 0.350919 -0.115915 8.54028 -0.889422 3.63072 
-0.906009 -2.4036 -1.16111 2.46476 -3.85618 -0.568344 3.45759 2.65428 -4.30622 1.00142 1.65548 2.03008 -3.64236 -0.163929 -6.49397 0.231687 -0.564479 8.39795 -0.471653 3.78737 
-2.04829 -2.18229 -0.43735 3.78245 -3.05498 -0.366368 5.84897 2.51998 -4.41381 0.826871 2.9173 1.43955 -3.53554 0.777632 -5.65959 0.537826 -0.944056 7.41294 -0.909498 4.77289 
-2.45329 -2.17632 -1.01244 2.94124 -2.49554 -0.771951 5.95851 1.04329 -4.00159 1.97559 3.14032 1.78413 -1.97009 0.210061 -5.01317 2.41592 -4.24351 7.92909 -0.54462 3.31573 
-2.12157 -2.706 -2.11247 2.642 -1.01592 -1.50141 5.56029 2.33969 -5.76428 0.99863 1.15382 0.0944107 -1.53193 0.649773 -4.61438 1.61747 -3.38432 7.38237 0.168701 4.89826 
-2.67885 -1.1239 -3.46671 2.59636 -1.29847 -4.66403 7.04075 0.519374 -6.79242 0.275745 1.35681 -0.705193 0.192525 1.78699 -6.74291 3.48127 -3.88104 7.46349 0.256786 5.13954 
-1.88928 -1.77483 -2.87015 2.08311 -1.22778 -5.54065 4.80412 0.635414 -5.49374 0.894267 2.32938 -1.68324 -0.904925 1.19051 -6.55688 1.45531 -4.23002 8.11325 0.232099 6.26223 
0.113539 -2.15673 -3.06357 1.16699 -2.64202 -5.90518 4.63785 0.858447 -7.50431 2.81808 3.01561 -1.13584 -1.95544 -0.0414315 -5.35205 0.321111 -4.19495 6.68316 0.843832 5.01057 
0.0803621 -1.14036 -2.12702 1.23687 -2.09399 -5.13104 4.38524 2.54914 -8.76477 2.35398 2.39512 -1.79574 0.829135 -1.2018 -6.56342 -0.355839 -3.89042 7.4923 1.11771 4.72974 
0.213578 -0.910089 -0.800787 -0.220561 -2.85604 -4.81181 2.97799 1.81588 -7.50143 3.21082 2.16041 -1.39805 -0.0882332 0.274613 -6.43289 -0.216207 -5.99816 6.29502 2.3613 5.23042 
2.44182 1.0164 -0.576841 1.42738 -2.90367 -4.6967 2.99443 1.7112 -8.12822 3.43905 2.29429 -0.0455999 0.347104 0.473045 -6.35172 -1.52824 -5.51354 6.01407 1.70903 4.01836 
1.51985 1.21284 -1.24284 3.23536 -3.9568 -4.08649 2.39088 0.762162 -7.7707 1.00085 2.83065 -0.666252 1.60553 1.26718 -6.83215 -3.39709 -4.99563 5.45957 2.13637 4.01742 
2.34883 1.5402 -2.61344 1.88198 -3.81035 -3.03237 3.27907 0.656808 -8.70068 0.109659 3.59246 -1.30732 1.72945 0.494593 -6.59522 -4.40784 -4.8926 5.24786 -0.183402 4.53274 
2.94525 1.76976 -3.69724 1.54986 -3.09403 -2.34866 3.41548 -0.553162 -10.6307 1.69146 2.83964 -2.44863 1.57215 -0.539294 -5.86345 -3.38448 -6.33468 5.31144 -1.50584 5.26396 
2.39566 1.60873 -3.12358 2.31717 -5.20173 -2.45672 2.95631 -1.33197 -10.6733 1.37231 3.38813 -3.16195 1.11598 0.0374409 -4.68618 -3.13199 -5.12261 5.90378 -1.67762 5.55576 
2.13158 0.863898 -4.61101 3.05856 -4.24364 -2.7228 3.21527 -0.662756 -10.7648 2.35935 3.53643 -2.96547 2.14654 -1.45621 -4.92858 -3.39888 -6.18813 5.60806 -2.40856 5.74039 
2.73924 2.02403 -5.77319 2.03769 -4.96388 -2.51818 4.01229 0.719159 -11.1871 1.31266 3.70395 -3.8218 0.848608 -0.593065 -4.95167 -4.02214 -5.46518 5.51127 -1.43519 6.09386 
2.91465 0.158727 -5.75718 1.39766 -4.90701 -2.6427 3.60656 0.996568 -11.3302 0.0457682 3.44876 -3.73359 1.40611 0.208641 -3.59895 -0.928341 -3.9202 4.72601 -1.47187 5.47045 
2.35362 0.196191 -6.85426 2.1665 -5.50384 -3.81189 4.08528 -0.640596 -11.8547 0.966342 4.95645 -4.75504 1.31079 -0.240399 -2.65067 -0.417352 -5.19644 4.64553 -2.56268 5.17921 
2.61652 -0.0925992 -5.56292 2.32211 -7.41942 -3.5741 3.88544 -0.600872 -12.863 0.565164 4.62003 -3.17667 0.0374315 -0.0543482 -3.59554 -0.579028 -4.08208 4.10143 -0.778243 5.07046 
3.52679 -1.66881 -5.87875 2.07522 -6.1841 -3.83372 4.44564 -1.67501 -12.6145 -0.0564113 4.58202 -1.65586 0.859429 -0.394633 -2.87984 -0.214123 -5.20884 5.425 0.527555 6.46423 
2.386 0.0129442 -6.36631 4.43197 -5.30694 -4.1396 3.21708 -0.983978 -11.4005 0.618132 4.19368 -1.53045 0.761571 0.616476 -3.44971 -0.279586 -7.44569 4.10541 0.011857 7.48474 
0.872623 -0.645084 -6.29481 3.27072 -6.00217 -3.40129 3.57917 -1.61933 -12.6806 -0.256364 4.51191 -3.55453 2.41608 0.409876 -3.14434 0.703656 -7.82683 3.09859 1.47879 7.28122 
0.573003 -1.05248 -7.89926 2.28869 -5.92273 -4.1225 3.08736 -1.73884 -12.2538 -0.436611 6.36934 -3.35477 0.404058 -0.501062 -4.16619 -0.0393598 -5.88173 1.34723 1.22117 6.12958 
0.951595 -2.05026 -9.05434 0.979214 -7.33525 -2.53992 3.21554 -2.47431 -12.4897 -0.382872 6.60756 -2.98679 1.47516 -1.44829 -4.09566 0.703771 -4.13646 0.693779 -0.0698052 4.97233 
1.52144 -3.18447 -9.5993 0.390608 -7.29376 -1.70951 2.3827 -1.55598 -12.5118 -1.52118 5.99307 -1.91312 1.85111 -0.141653 -3.47432 -0.113583 -4.04361 0.118069 1.8643 5.2304 
0.62063 -2.26814 -8.59981 -1.20774 -8.22469 -2.67458 1.78314 1.16945 -12.4844 -0.551595 5.91636 -1.89512 0.585051 0.227192 -7.19208 0.629091 -3.95135 -0.277033 3.58177 6.11926 
1.82112 -1.17314 -8.99181 -1.99341 -7.9995 -2.98147 2.51718 1.89911 -11.3852 -0.115371 5.87 -2.00531 0.371228 -0.124069 -7.53249 -0.0850213 -2.97786 0.937239 2.82894 6.48838 
2.61045 -1.42461 -8.69569 -1.42704 -7.14976 -2.39261 2.85508 1.10624 -11.5011 0.937542 4.13788 -1.82301 1.71731 1.46616 -8.45146 0.32219 -2.48637 1.97963 1.33405 7.47101 
1.98761 -1.67868 -8.59259 0.142 -8.22081 -1.72079 0.982176 1.87367 -14.1014 0.289809 2.13466 -2.1857 2.311 0.978658 -8.58114 0.598636 -4.17734 2.68787 1.87859 9.08564 
2.50118 -0.560402 -7.1196 -1.70224 -8.87601 -1.60831 -0.806099 0.505159 -13.3581 0.916957 3.29666 -2.3068 2.64384 0.981962 -10.1247 0.480497 -5.03904 3.79164 0.160756 8.77476 
0.961888 -0.578084 -8.18406 -2.59788 -9.5558 -1.79417 -1.1934 -0.191149 -14.4386 -0.541188 3.39238 -1.45995 2.53647 1.18941 -10.3044 0.472182 -6.30682 3.07068 1.24575 7.33579 
0.975364 0.135291 -8.05662 -2.31561 -9.72709 -1.70282 -2.03964 -0.788932 -14.0622 -2.54378 3.8721 -1.50454 0.882259 0.497177 -10.2022 2.39069 -6.60194 1.81966 1.22489 7.77997 
0.269001 0.432113 -7.98502 -3.62196 -9.65319 -1.9031 -3.19711 -0.649572 -15.3687 -2.8543 2.69548 0.760381 2.29058 -0.0295854 -10.7644 2.50492 -7.40948 1.39992 1.46858 8.29043 
0.958377 0.322754 -9.2133 -3.49494 -9.61067 -0.882404 -5.07036 0.363864 -14.0149 -2.09493 2.94292 1.46297 3.49899 -0.970426 -10.7698 2.93325 -7.68151 1.0389 1.78156 9.05799 
2.1984 0.0878202 -8.32878 -2.81577 -9.39956 -0.772289 -3.94702 -1.25717 -12.8688 -3.4418 2.85641 2.41164 3.06864 -2.00172 -11.1708 2.95273 -6.55374 1.01676 -0.0867135 9.10249 
0.33014 -0.21468 -8.66908 -4.49341 -9.32163 -1.04523 -4.24976 -1.71754 -13.2564 -2.53806 1.00529 2.60161 3.95571 -2.56845 -12.8635 2.68805 -5.39746 -1.20749 0.0418169 11.3483 
