0 0 0 0 0 0 0 0 0 0 0 0 0 0 0 0 0 0 0 0 0 0 0 0 0 0 0 0 0 0 0 0 0 0 0 0 0 0 0 0 0 0 0 0 0 0 0 0 0 0 
-0.525735 -1.41542 1.14639 0.988596 -0.501731 -0.634997 -0.166655 -1.4194 1.00679 -0.623532 1.03663 -0.474294 0.047566 1.37884 0.560842 -1.1505 -1.12105 1.59003 0.710021 0.621745 0.405319 -0.985232 -0.706323 0.207676 0.393765 1.07164 -0.0112478 1.24499 0.00926039 0.953035 -0.853545 0.685559 -0.678319 0.285186 -0.28781 0.212252 -0.381861 0.571014 0.141652 -0.157382 -0.219467 0.645921 1.53789 0.700805 -0.827933 0.304672 -0.678333 -0.560024 0.160879 0.300206 
0.604856 -2.13558 -0.923581 -0.33632 -1.12713 -1.36999 -0.724073 -2.02572 0.827465 -2.57079 0.350295 -2.75021 -0.624198 -0.587688 -0.457761 -2.14318 1.16549 1.12171 -0.60913 -0.869204 -0.638536 0.10984 -1.41825 -0.780545 -0.139686 -0.864222 -1.26796 1.56928 1.22197 0.416559 -1.38591 0.929224 -1.33373 -0.187533 -0.292816 1.06815 -1.04302 -0.143971 1.44051 -2.02752 -1.43691 1.30136 1.02107 -0.676234 -1.05832 -0.0963319 -1.17491 -0.571359 -0.745739 -1.19996 
0.0920706 -0.0369656 0.783639 -0.568136 -0.98832 -2.63374 -0.579345 -0.333375 1.81552 -2.23896 1.33822 -2.87316 0.485469 -1.5309 0.181145 -0.177993 2.33825 1.29358 1.05037 -1.53178 0.557028 -1.58417 0.766111 -0.120286 0.748251 -0.680425 -0.00707436 0.658197 1.80618 -0.641537 -0.743863 1.33496 -1.22061 0.857157 0.157034 2.7128 -1.77215 0.465649 1.35321 -1.61272 -0.739056 2.39479 2.54176 0.0884851 1.34617 0.863081 -0.346053 -0.967826 1.03588 -0.317894 
-0.727712 -1.28216 0.725286 -1.35469 -1.38541 -3.02819 0.0669316 -2.33347 0.398956 -4.34824 -0.185237 -4.08926 -0.351948 -2.51763 -0.115945 -0.570302 1.23261 -0.443648 1.29646 -1.73763 -0.602903 -1.50445 -0.56476 -1.97409 -0.824507 -0.940897 -1.81643 -1.09373 1.14659 -0.69411 -2.34555 1.37793 -1.67829 1.60991 -0.736067 0.90923 -2.09914 -1.28638 1.07175 -1.63977 -1.6601 0.865694 0.894749 -0.605293 1.23539 -0.455321 -1.36039 -2.7359 0.265096 -0.969007 
1.26868 -2.91081 1.23072 -2.58844 -1.41938 -2.08637 -0.654521 -1.66865 -0.492074 -5.84975 -3.95747 -3.66026 -0.48397 -3.82938 0.68391 -0.838053 0.760503 0.33968 0.80285 -2.16794 -2.36617 -2.86455 -1.38946 -3.05663 -0.727414 -1.80446 -2.23659 -1.18232 0.309623 -1.03157 -3.54523 0.645545 -2.0178 2.76766 0.777969 1.4737 -1.54424 -2.31623 1.17135 -3.66467 -1.73958 0.996088 1.00577 -2.4187 0.45202 -0.418858 -3.71766 -1.82994 -0.82048 -2.22042 
2.43034 -3.18465 2.24738 -1.64869 -0.766707 -2.23616 -1.3143 -0.976122 -0.805094 -5.14589 -3.28885 -3.11474 -0.948984 -1.88882 0.529044 -1.04374 0.768386 2.1393 1.50432 -2.5836 -2.11763 -2.35291 0.109534 -1.58229 0.68058 -1.31543 -1.24157 -1.03887 0.806491 -0.381539 -1.84557 -0.437775 -1.65664 1.59589 0.747098 2.9752 -2.29519 -1.20274 1.8961 -2.68985 -0.765692 2.94163 1.84904 -1.10676 -0.299385 -0.487483 -2.91869 -2.31553 -0.804211 -2.32837 
2.85367 -1.46799 3.58633 -1.24421 -0.090047 -0.149311 0.133814 1.21076 0.928507 -4.41161 -1.38535 -1.66932 -0.0533457 -1.09741 1.46888 0.164952 2.05779 2.23184 1.97859 -0.744405 0.669776 -3.54045 -0.553061 -1.98876 2.62053 0.0118524 0.0203455 0.637082 1.71723 0.476934 -1.29775 0.936471 -0.0737061 1.66375 2.08903 5.12586 -1.14916 1.06946 0.714685 -1.88475 1.09688 3.00066 3.49062 -0.25104 0.187746 -0.127416 -1.70105 -0.500867 -1.01864 -0.611942 
2.15469 -2.27093 3.39757 -3.14644 -0.49873 -2.51677 -1.32652 0.203899 -1.63019 -4.32591 -2.02231 -2.14246 -1.26022 -1.45554 -0.862916 -1.03414 2.29542 1.09342 0.215112 -2.62709 -0.611865 -3.34307 -3.03476 -4.22016 1.10973 -0.355334 -0.208784 -0.789085 1.75786 -1.08979 -1.76098 0.582183 -0.479133 0.40366 0.659179 3.1501 -2.78925 0.559384 -0.0632317 -2.01059 0.651633 1.72787 1.33192 -0.0260167 -1.64653 0.0262738 -2.43125 -1.67388 -1.76178 -1.72958 
2.64814 -3.54336 3.474 -3.51745 1.55825 -3.53331 -0.994843 1.26601 -2.78906 -4.48999 -3.06366 -1.06407 -0.342731 -0.759592 -1.61628 -0.415916 1.28013 0.185857 -0.905155 -1.90918 1.59497 -2.10501 -3.06315 -4.71415 1.34856 -0.336282 0.268992 -0.876337 2.19166 -0.746012 -1.50599 1.28038 -0.511836 1.09496 2.63633 2.7446 -2.22797 1.04283 1.39076 -3.0481 -0.541855 2.25299 3.49842 0.431734 -0.723992 -0.479458 -1.06399 -1.73405 -2.5662 -2.00874 
1.92444 -3.40807 3.36162 -2.56201 1.42835 -5.46319 -0.903831 1.53425 -1.51563 -3.94007 -3.66941 -1.59452 -0.647496 0.316885 -1.88949 -0.820209 1.9899 -0.163924 -1.57271 -3.82187 3.15792 -2.20904 -3.15489 -3.86461 2.12549 0.730089 0.216283 -2.00833 2.6748 -0.689316 -1.28206 1.71183 -1.02174 0.828335 1.71398 3.71595 -2.3067 1.58836 1.83872 -3.5559 -1.05955 3.53948 4.51375 1.18889 -0.959546 0.680611 -1.33408 -1.59447 -0.799602 -1.71529 
4.84159 -4.42523 4.21992 -3.6668 1.49789 -5.86258 0.433063 1.72898 -1.43816 -4.47912 -3.77496 -0.515382 0.261689 0.342136 0.290202 1.67753 1.94214 1.77695 -1.73355 -3.41737 4.20774 -2.56159 -3.93905 -4.36784 2.31634 1.55098 0.751964 -0.74475 2.49956 -0.52621 -0.558302 2.95182 1.00249 0.915066 1.44985 3.84403 -1.06409 2.92147 1.30232 -3.31372 -0.230429 4.37798 4.90309 -0.178589 -0.819154 0.46652 -0.722116 -0.259263 -0.294596 -2.13632 
4.63907 -4.74656 4.1646 -3.18844 2.63248 -5.56209 0.178297 1.37735 0.375037 -3.74089 -3.4695 -2.30823 -0.0412277 0.313131 2.32094 1.07068 1.572 1.94251 -2.6109 -4.10625 2.94045 -3.0949 -4.10938 -4.34597 2.01669 0.952514 0.858921 -0.85495 1.33079 -1.19996 0.247607 2.02365 0.899158 -0.747538 2.49079 2.72629 -0.171853 2.96199 1.61906 -4.03629 0.406738 4.42055 3.52372 0.545387 0.931464 -0.0594338 -0.931178 -0.352483 -0.677534 -1.67895 
4.76944 -4.56269 4.96514 -2.55217 1.68083 -5.16834 1.70915 2.35665 1.1178 -2.48639 -3.39967 -2.28209 1.14549 0.500881 1.31762 0.177856 2.23602 3.83232 -1.78892 -4.2082 4.10006 -3.46096 -3.74197 -4.1978 2.89919 0.744134 1.54977 0.564623 3.77522 -1.72402 0.606752 2.65732 0.678766 0.128609 1.39595 3.84527 -0.182931 3.00918 1.80904 -3.96635 -0.630486 5.26717 3.28897 1.33307 0.882813 -0.358512 -0.650762 0.796012 -0.318644 -2.34704 
4.32256 -3.39283 4.07011 -1.18256 3.68906 -4.27944 1.01021 2.71242 0.17982 -1.66937 -2.24061 -1.95677 1.65273 1.3517 0.862615 -0.171483 2.99577 4.26941 -1.08364 -5.0754 4.97657 -4.01715 -3.74528 -5.04934 3.4406 -0.409266 2.58346 -0.19153 2.73172 -1.65277 1.17186 3.20102 1.18294 1.53533 1.75495 5.24659 0.334247 3.14278 0.963188 -3.49563 -0.426737 5.83765 4.11422 0.136275 0.374042 0.997567 -0.0688198 1.23077 -2.03491 -2.81981 
4.57025 -3.35215 3.50764 -0.241562 5.76443 -2.81612 0.721205 2.96253 0.554199 0.104276 -1.84577 -0.934795 1.65324 1.66094 1.11718 0.551621 3.63043 6.48702 -0.818417 -4.07136 6.2683 -3.60783 -2.43266 -4.36347 4.05464 0.638318 3.57229 -1.59974 3.45849 -0.944759 1.84839 2.25503 1.45034 2.5086 2.13453 4.69604 -0.254938 3.11008 0.611233 -2.67986 -0.232974 5.59955 5.27015 0.846588 -0.689148 0.0215221 0.430297 1.23163 -0.113154 -1.72037 
3.44036 -5.06366 1.95622 -3.22216 4.70893 -4.1576 1.05664 2.21006 -1.00976 -1.65132 -3.8355 -0.901369 0.444802 1.91915 0.418129 -0.765038 3.30871 3.54659 -1.97908 -4.82972 4.92083 -5.78058 -2.12562 -5.27205 1.47591 0.312761 2.46593 -4.26142 1.02315 -2.24261 -0.0112515 1.40584 0.927035 2.19159 0.874899 4.29659 -1.15494 1.57217 0.487793 -3.4741 -2.15673 4.30007 6.09646 -0.131828 -3.02632 -2.4628 -0.351217 -0.301573 -0.668343 -1.29789 
1.6673 -6.73074 3.05969 -3.97727 5.49861 -4.85259 0.196712 1.46218 -0.55398 -2.23852 -4.631 -0.988085 -0.225821 1.83094 -0.314534 -1.19224 2.86933 4.85234 -3.46764 -5.3413 4.76155 -6.65238 -2.32633 -6.10987 0.488827 -0.318339 0.919678 -4.79099 1.77775 -4.00138 -0.697122 1.35655 0.503474 2.56547 -0.420046 2.44516 -2.53388 2.30521 1.03718 -2.40456 -1.95721 3.40311 5.78626 0.293496 -3.97968 -3.48027 0.166336 -1.03094 -1.43056 -2.48999 
1.65029 -6.10517 1.2062 -3.93566 4.46486 -5.82266 -0.64733 2.43015 -0.701996 -2.31034 -4.63989 -0.649529 0.0870831 1.56647 -1.59197 -1.30139 2.3662 2.94905 -4.59068 -5.29578 3.95015 -6.40097 -1.03025 -6.28431 -0.632182 0.160684 -0.737704 -6.05896 0.605927 -4.47553 -2.39077 1.08672 -0.54543 2.38682 0.339891 1.98598 -2.29428 3.04612 1.35732 -2.62608 -2.42086 2.16502 6.05144 0.911514 -4.95892 -5.82102 -0.0066088 0.077293 -2.44984 -2.31301 
1.72252 -5.5068 0.631751 -3.15866 5.92187 -4.77528 1.67297 2.33033 -1.7345 -1.58808 -4.69477 0.416924 -0.539449 0.954187 -0.251311 -1.52665 3.78975 3.15021 -4.03346 -4.40647 3.44319 -6.22446 -0.0680061 -6.82491 -0.695899 1.36519 -0.549802 -4.20168 1.98973 -4.15227 -2.29445 -0.646187 0.27142 1.05306 0.927393 3.77305 -1.09268 3.1234 3.05572 -1.26779 -1.63471 2.97378 7.60485 2.86469 -6.40729 -5.6753 -0.155067 0.104867 -1.76711 -2.67309 
1.20413 -5.7025 1.25259 -2.90363 5.46405 -4.94011 0.829689 2.5266 -2.92068 -2.7699 -4.10968 1.10406 1.04776 -0.574051 0.154266 -1.77287 4.17478 3.67678 -4.3449 -4.33767 3.5132 -5.14464 0.936053 -6.65731 -0.424505 2.77304 -1.45831 -3.931 1.63747 -5.35105 -1.30489 -0.410318 -0.221465 1.03015 1.90689 4.6678 -0.742974 2.04662 2.85976 -3.12257 -3.06785 1.14995 7.64963 2.3608 -6.34967 -5.32585 -0.755641 -0.154303 -1.17435 -3.63251 
1.46921 -5.96902 1.77894 -3.36116 4.85639 -4.48358 1.86383 1.11578 -3.77483 -1.6389 -2.86226 1.47203 0.9807 1.64008 -0.0923522 -1.2107 3.55838 4.93472 -4.21212 -4.19778 3.65319 -3.7689 2.16003 -7.68035 1.05272 2.77716 -1.26163 -4.54602 2.75445 -6.58177 -1.18274 -0.293789 0.0790451 1.58448 0.847138 5.29319 -0.209191 2.08749 0.519097 -2.42759 -2.87973 0.890956 9.38893 3.45663 -7.06261 -5.53985 -1.01852 1.32755 -1.18248 -2.97959 
0.983712 -5.62244 3.53079 -3.46963 4.16489 -3.69468 1.32703 1.48369 -3.6435 -1.8776 -3.14267 2.20948 0.489128 2.34655 1.02814 -3.29718 4.51184 4.13627 -3.56139 -4.46838 4.54999 -2.38112 2.83539 -8.166 1.32998 3.07554 -0.648961 -3.2906 2.39481 -6.08329 -1.32081 -0.0238477 0.118708 2.78715 0.763755 5.04148 0.871907 1.71466 0.499313 -3.45205 -1.59296 1.00683 7.75361 4.21929 -6.78656 -3.89793 -1.81042 0.318978 -2.51079 -3.20932 
0.923792 -6.1561 2.07881 -3.72009 4.64174 -5.63452 1.63422 1.8085 -2.8113 -3.20636 -2.9086 0.929712 -0.950743 2.13171 3.65706 -3.34069 4.73567 4.97653 -3.15081 -3.83042 7.06539 -2.74686 3.61599 -8.77732 2.71681 2.30632 -0.174504 -3.54689 1.46539 -6.24245 -1.51599 -0.733395 0.0668756 1.82072 2.17436 4.84433 0.713622 2.57775 0.687898 -4.60416 -1.94851 0.642063 6.54576 3.40348 -8.29376 -4.09558 -2.01191 0.332441 -2.9189 -3.3673 
2.58492 -6.67786 2.58179 -3.02935 5.14122 -5.13402 2.95308 2.86683 -3.02033 -4.08202 -1.96084 1.50382 -0.421731 2.69678 3.68394 -1.17276 5.06066 7.08406 -3.71679 -2.31008 7.43946 -1.93928 3.79216 -7.7426 4.57934 4.14446 1.02683 -3.51935 1.75192 -5.61921 -0.928409 -0.152336 -1.34163 2.33354 2.15102 4.79109 0.6596 3.15405 1.31034 -4.66732 -0.726226 1.31838 6.11703 3.28141 -7.44862 -5.37003 -0.318889 2.42274 -1.7327 -2.5387 
0.657007 -7.85787 2.61557 -4.43325 5.49801 -4.84464 3.22126 2.18824 -4.98155 -4.38366 -3.78167 1.47212 0.171302 2.2784 3.21174 -1.48997 5.54257 6.98429 -4.19133 -2.69493 6.47962 -2.544 5.17932 -8.55053 3.79683 4.11599 -0.842967 -3.72791 0.881968 -5.82614 -2.64719 -0.760731 -2.04417 2.42742 2.63888 3.01569 0.969001 2.27911 1.66592 -4.52749 -1.47212 1.96014 5.75769 3.22703 -7.30906 -6.97755 0.204833 -0.0828562 -3.72504 -2.9001 
-0.1697 -8.95278 2.38712 -3.64645 6.25708 -4.08717 2.35895 2.62757 -5.37228 -3.42045 -3.34639 2.52392 0.474288 2.32462 3.35503 -1.38272 4.16011 7.97529 -4.76576 -1.11047 5.78701 -2.98927 5.69067 -7.39658 3.79001 4.06665 -1.47236 -2.92864 -0.755268 -5.50543 -0.779755 -1.29437 -2.81326 2.42485 3.05438 2.24233 0.46398 1.70642 1.41496 -3.93527 -0.95069 1.10068 5.09146 3.12497 -7.20988 -7.71734 -0.415089 0.313916 -3.95988 -3.17924 
1.05526 -7.73887 3.38911 -3.35625 8.09036 -2.257 2.55411 5.13577 -4.17897 -2.46827 -2.98297 4.70008 2.22669 3.49419 3.1155 -0.713135 4.41742 8.6047 -5.25263 -0.911455 8.08267 -2.44638 6.61852 -6.60666 3.4362 4.0154 0.680785 -1.75963 1.23255 -4.84651 -1.41938 -0.685185 -1.74325 3.00577 3.18759 3.3704 1.95329 1.76428 2.33372 -3.12475 -0.172041 2.75118 6.18547 3.36718 -7.4354 -5.73641 -0.544744 0.624395 -4.31924 -3.22061 
2.32211 -7.297 5.01949 -1.71064 9.57362 -1.36416 3.82548 5.67849 -5.19416 -2.63837 -1.71782 6.20291 4.1563 3.57054 3.26909 0.347692 6.68928 10.5777 -4.18802 0.360082 8.81815 -3.07246 8.69071 -5.67753 5.35959 5.70095 0.797826 -0.889081 1.86514 -1.74998 -0.45579 -0.112778 -1.35808 3.07773 2.73363 3.82377 2.03435 4.02696 5.09639 -1.59649 -0.553446 2.83265 7.18954 4.64804 -7.70635 -4.65777 0.257262 1.75075 -3.21321 -2.79456 
0.0507328 -7.24039 4.60725 -2.99566 10.3646 -2.33969 2.32877 4.23669 -5.73305 -2.03932 -3.31794 4.95942 2.53444 2.86483 1.94904 -0.766733 4.73854 11.3519 -5.02707 -0.830792 8.50023 -4.36401 6.96929 -6.67271 2.71361 3.85786 -0.685357 -1.71874 0.983411 -2.29132 -1.00055 -0.937772 -2.04522 2.7677 2.39983 2.55771 0.596707 2.72371 4.24038 -3.01641 -1.17812 2.38079 4.70626 1.57571 -9.09776 -4.64532 -0.826877 0.876924 -2.6052 -3.64785 
-0.170142 -8.9401 5.31462 -3.88586 10.5076 -4.99292 3.1695 3.18454 -7.97694 -1.33554 -4.05536 5.25239 1.99364 4.30512 0.685276 -0.147889 4.91836 10.7745 -5.03116 -0.882982 8.19046 -5.50881 8.4509 -6.85032 2.81574 5.14059 -0.842151 -2.14523 1.95242 -2.09349 -1.11262 -1.65404 -1.38392 2.94595 2.84684 3.02441 -0.557832 0.987788 5.86693 -1.91155 -1.08792 3.52171 4.75146 1.84337 -9.54209 -5.23237 -1.60424 -0.646919 -3.12936 -4.34607 
0.552727 -8.11635 4.21859 -2.29873 11.0488 -2.99622 3.02643 4.07307 -6.6691 -0.30831 -3.93546 6.11938 2.88501 6.26851 1.48237 -0.844457 5.26071 12.1148 -5.62721 -0.336985 9.04089 -3.82396 8.60561 -7.52381 3.2126 5.91628 -0.591649 -3.31834 4.25525 -0.942826 -0.63719 -0.90703 -1.64467 3.75988 1.22843 3.08428 0.682611 1.38624 6.62454 -2.38238 -0.183725 4.8716 4.7657 3.30843 -8.1288 -4.2849 -0.857029 0.240212 -4.42393 -2.86981 
2.21727 -6.59542 5.20158 -1.9073 11.57 -2.82179 5.48382 5.52598 -5.50036 0.456837 -3.441 6.29858 3.57708 8.09599 2.45021 -0.258506 5.79517 13.4873 -4.71432 0.631406 8.91744 -3.85663 8.88134 -7.89453 3.57952 5.00705 0.721992 -2.07407 5.53645 -0.353492 -0.329246 0.573235 0.0674214 4.9851 1.92567 4.49616 1.74836 2.03349 6.91026 -1.12731 2.68703 5.34061 5.75436 3.9788 -6.85566 -3.58058 1.32203 -0.0855745 -1.95243 -1.02319 
0.579235 -7.3205 4.23665 -2.86006 11.6785 -3.91851 5.10909 4.96739 -6.41412 0.439101 -2.41179 6.7589 2.34268 7.99814 2.52288 -0.873731 6.72917 14.1074 -3.72721 -1.23582 9.7275 -3.21056 9.755 -8.16512 3.44404 5.83375 1.96733 -2.3808 5.94985 -0.940831 -1.16751 0.154227 0.0763827 6.40433 2.96157 3.78626 2.68496 0.853898 5.87343 -1.93594 3.81504 4.57057 6.42124 5.19944 -7.5426 -4.37722 0.79404 -0.443795 -2.11604 -1.11796 
0.778969 -7.89342 4.29621 -2.36535 10.881 -4.10856 6.19519 4.7893 -5.74621 0.484105 -1.44195 8.73881 2.13664 7.21859 3.30323 -2.83773 7.19615 14.6975 -2.87397 -1.19814 9.71235 -2.12988 10.7276 -6.44721 3.56185 7.24903 2.21429 -1.95218 6.67099 -1.35647 -1.00871 0.525769 0.359977 5.63255 3.14993 3.67139 2.17596 1.16083 5.0163 -1.36834 4.16847 5.79158 7.64451 6.35297 -7.53156 -3.20163 -0.690641 0.249706 -1.52039 -1.03704 
1.27154 -6.66159 3.83242 -2.24103 10.9152 -3.62869 6.52286 4.26003 -5.53532 1.05016 0.650077 9.21942 1.87107 6.94885 6.00131 -2.41206 7.34814 14.2051 -1.41001 -1.06875 10.3983 -1.01608 12.7064 -5.0346 3.84439 6.98722 1.52433 -1.87785 6.38536 -0.265441 -0.467746 0.717263 -0.258145 6.57678 1.80557 3.19659 2.42378 0.632853 3.75257 -1.22195 3.36234 5.84152 8.10686 6.43486 -8.07968 -3.07724 0.1984 2.1324 -0.255692 -1.83252 
-0.0382594 -6.08702 3.38313 -2.20848 9.19399 -5.04864 7.58983 2.4336 -5.9282 2.2783 1.05807 7.5366 2.58257 6.65856 4.40864 -1.49685 6.00546 14.8331 -2.55661 -1.07629 10.4054 -1.08726 11.7066 -4.53165 5.03602 7.21013 0.990518 -2.42551 5.31934 -1.63534 -1.98977 0.372383 -1.2897 4.95684 2.00893 1.69767 2.89601 -0.433844 2.41737 -2.33542 3.05773 4.96545 7.14799 5.26626 -8.24932 -2.47183 -0.544787 1.46838 -0.98379 -3.14887 
-0.146035 -8.04893 1.32024 -2.69485 7.89571 -6.4606 7.81022 0.649373 -7.84617 2.01296 -0.764671 6.3299 3.51058 5.36389 2.61846 -2.24661 6.06813 12.867 -3.88741 -2.68123 8.54787 -0.799651 11.8935 -5.44233 3.83168 5.40511 1.48671 -3.5448 4.27498 -2.74544 -4.04165 -1.99068 -1.33535 4.32861 0.563209 0.679612 2.84476 -0.527177 2.77767 -2.4901 2.019 4.60029 6.5976 3.9115 -8.79136 -3.66661 -0.7962 0.633994 -1.63184 -5.16558 
0.627221 -9.28229 0.512483 -3.34715 7.74038 -8.12737 5.74985 0.792045 -7.47802 2.38661 -0.288865 5.51695 3.06745 5.68082 4.32205 -2.65862 7.25331 12.6795 -3.97036 -2.61348 10.0728 -0.506638 10.5606 -3.0097 4.15062 3.97357 2.02749 -3.16648 4.63666 -3.32552 -2.45552 -1.94767 -0.558133 4.87578 1.04007 2.45178 2.04337 0.306166 3.13564 -1.50941 1.71304 4.70331 7.40505 4.06367 -8.53653 -3.11021 -1.42854 -0.0824265 -1.0756 -3.58652 
0.861645 -8.2742 -0.621766 -3.99791 8.23755 -8.85913 5.06966 1.3429 -6.91452 2.88679 -1.61488 5.51618 1.97394 5.47919 4.10348 -1.91274 5.72211 12.6294 -4.13826 -3.32867 10.9505 -2.18515 10.4721 -3.55757 4.2224 2.65633 -0.832289 -3.69462 3.17163 -3.2268 -2.11778 -1.01765 -1.22552 5.26735 1.63268 2.68758 2.41489 -1.10157 3.52841 -0.630315 1.671 4.91111 6.92462 3.99633 -8.10913 -4.13791 -2.81478 -1.15145 -0.171007 -3.75715 
-1.18096 -8.77071 -1.55884 -3.45998 6.90383 -8.27444 4.54914 0.0889207 -7.18505 1.24742 -2.25441 4.84016 1.92545 5.21841 2.86974 -2.17055 4.81047 11.079 -3.56163 -5.0233 10.3722 -3.35035 9.12923 -4.87216 3.89634 2.12747 -0.848872 -4.05088 2.7148 -3.6976 -3.55171 -4.08265 -2.06002 3.43586 1.57854 4.02424 -0.00755497 -2.24844 4.27168 -0.680151 0.289623 4.43225 5.51255 2.42356 -9.33734 -4.64978 -3.65423 -3.60808 -2.5393 -4.52476 
-1.42078 -9.10631 -2.48329 -3.50356 7.31745 -8.03807 5.00936 -0.682639 -5.99095 2.01319 -1.52085 6.09696 0.585209 4.92776 1.31266 -1.26369 4.79009 11.3902 -4.14674 -5.28313 10.9921 -3.5177 10.788 -5.71697 4.04771 2.87975 -0.777824 -4.05891 1.95573 -2.6505 -3.36407 -4.32532 -1.73127 2.10065 1.5948 4.19341 1.02375 -1.40363 5.65451 -1.43709 1.64776 5.42669 5.49694 2.16411 -9.83175 -3.94387 -4.43632 -2.84123 -1.43715 -3.80078 
-1.20985 -8.46848 -2.25102 -3.26061 8.09023 -9.37709 5.23396 -0.400694 -4.32561 2.45625 -1.28681 6.15908 -0.102966 6.1419 1.9975 -0.528139 5.51049 11.9415 -4.61775 -2.99412 13.2105 -2.21663 11.5974 -5.87636 4.28952 3.44965 0.677828 -3.4157 3.12447 -1.72778 -1.24759 -4.07856 -1.68815 3.0069 1.17675 5.01051 1.31374 -1.12127 5.54938 -1.70906 1.51056 6.11996 5.20757 2.70455 -8.51896 -1.5767 -3.98912 -1.6286 1.53356 -1.63585 
-1.29004 -6.5717 -2.60737 -2.91451 9.53521 -7.85603 4.53206 -0.136366 -4.50536 1.91652 -0.47564 6.5301 -0.282066 5.96434 2.76759 -0.488 6.6392 11.5551 -4.88583 -2.13009 14.3103 -1.87658 11.5508 -5.6366 4.68148 4.5836 0.0672224 -4.81518 4.4893 -0.581373 -1.32095 -4.61987 -2.63367 2.18931 1.27878 3.93033 0.553302 0.491558 5.84587 -2.65535 0.408396 4.4721 4.46789 3.18318 -8.02294 -1.29346 -3.1906 -1.46655 2.28053 -1.66495 
-1.52391 -7.16589 -2.57204 -3.08189 7.35708 -6.68554 4.43013 0.472487 -3.99982 0.766984 -0.421931 7.22806 -0.704278 6.08489 3.32717 -0.586193 7.02183 10.5791 -3.50946 -2.63158 13.8241 -0.576417 10.9026 -5.17558 4.78897 4.85983 -1.0499 -4.08642 3.13764 -0.909503 -2.27057 -6.17872 -0.768137 1.38172 2.66768 3.03064 0.221572 -0.698481 5.24696 -3.93923 0.234738 5.71266 4.22285 2.86755 -9.36143 -1.09236 -3.89505 -2.01603 1.41537 -0.866691 
-3.04865 -8.22646 -2.68089 -5.17593 6.74989 -6.68805 3.42711 0.245146 -5.03605 0.382407 -1.78693 5.6639 -0.891393 4.23882 2.52102 -1.81145 7.00296 9.61796 -4.90424 -3.53703 12.0535 -1.45773 8.70776 -5.04603 2.75892 3.52837 -1.61528 -5.31357 0.63557 0.450361 -3.03165 -8.25717 -2.24878 0.94581 2.13453 2.02238 0.16463 -3.1091 6.04073 -4.66725 -1.2625 4.31515 3.14323 3.1804 -10.4198 -1.89822 -5.27321 -2.49965 1.98896 1.05229 
-4.01445 -7.98883 -3.25979 -4.89615 5.72724 -7.04488 2.63475 -0.0900058 -4.84569 -2.22795 -3.27694 4.98482 -0.734362 2.83073 2.01093 -2.14078 6.16464 9.01357 -5.23633 -4.14823 11.8274 -2.33313 7.93172 -4.86078 1.02963 4.35812 0.00847445 -5.6435 1.2516 0.507514 -3.58534 -8.80647 -3.1105 -0.231411 1.34211 0.204932 -1.28117 -3.14521 5.99889 -6.81135 -1.71527 3.05636 2.59667 3.05842 -10.9742 -3.18447 -5.71951 -2.42501 0.579908 0.889686 
-4.50215 -8.59324 -3.38665 -7.23742 4.60735 -7.61617 2.66193 -1.50304 -6.26569 -3.13969 -3.97033 4.34893 -0.750265 2.3204 1.19107 -3.6789 5.80282 7.89116 -5.50116 -5.00089 10.7113 -3.15225 7.35447 -5.91516 0.0465294 3.46788 -2.06697 -4.0571 1.01815 -1.03786 -4.89495 -9.37434 -3.74716 -1.00559 0.438142 -0.811182 -2.01941 -4.68511 5.13349 -6.63418 -2.03864 2.34931 1.26843 2.09221 -11.0553 -2.61237 -7.04317 -2.72839 0.183587 0.537774 
-5.1247 -7.6094 -3.91843 -6.92581 3.35627 -8.62074 1.93673 -2.44807 -5.77208 -4.32219 -3.9689 3.63085 -1.33745 2.41727 0.775727 -3.44943 4.84137 6.98778 -5.6855 -6.70385 10.5238 -4.67817 7.70264 -6.04181 -0.196856 4.09914 -2.52267 -2.82644 0.803136 0.334939 -6.00101 -10.2482 -3.17097 -1.80158 0.0403257 -0.538592 -2.10376 -5.30134 3.8084 -6.01723 -3.16399 2.4141 1.00518 0.831213 -10.1453 -2.16008 -6.3703 -2.2565 1.73383 -0.0867786 
-3.81077 -7.75984 -5.78672 -6.79142 3.44932 -8.76128 2.14646 -3.12139 -5.87079 -4.04221 -4.46087 2.44851 -2.91008 3.34939 0.344994 -2.37278 4.24831 8.10285 -6.0643 -7.05901 10.3615 -5.27633 6.98992 -7.31937 0.277248 3.99107 -2.19089 -2.06113 0.897006 1.39645 -7.38152 -10.7312 -3.25101 -0.0203963 0.852718 -0.461385 -1.96659 -4.00802 3.11522 -7.1452 -5.1418 2.69424 0.723396 1.04456 -9.56545 -1.77599 -6.61763 -2.26592 1.81023 -1.21825 
-3.79703 -6.63738 -6.48825 -5.85506 4.03315 -9.77242 2.97331 -2.6235 -6.30935 -4.1947 -4.97716 2.76836 -4.25307 4.13594 3.08046 -2.8678 3.28062 8.89283 -6.41983 -7.76409 9.89805 -5.61128 7.00829 -7.96868 0.551836 2.50656 -0.937699 -1.11235 1.44181 1.94739 -8.35772 -10.1558 -2.9062 -1.44901 0.797636 -1.02296 -2.59491 -6.2917 1.98534 -8.02671 -6.96949 1.74391 0.628861 0.667668 -9.56864 -1.42409 -7.8368 -3.17429 1.77448 0.248933 
