0 0 0 0 0 0 0 0 0 0 0 0 0 0 0 0 0 0 0 0 0 0 0 0 0 0 0 0 0 0 0 0 0 0 0 0 0 0 0 0 0 0 0 0 0 0 0 0 0 0 
-0.515023 -1.26694 0.898182 0.76482 -0.494736 -0.607366 -0.211545 -1.2703 0.780193 -0.597676 0.805415 -0.471548 -0.0304952 1.09464 0.403302 -1.04304 -1.01815 1.27313 0.529381 0.454775 0.271861 -0.903369 -0.667648 0.104822 0.262097 0.835008 -0.080202 0.981516 -0.0628694 0.734766 -0.792073 0.508707 -0.64398 0.170331 -0.313939 0.10869 -0.393428 0.411899 0.049022 -0.203708 -0.25618 0.475207 1.22906 0.521593 -0.770427 0.186799 -0.643992 -0.544003 0.0652719 0.183025 
0.112683 -2.20341 -1.17908 -0.682755 -1.35111 -1.55636 -1.01047 -2.11056 0.300823 -2.57123 -0.10246 -2.72287 -0.926056 -0.8952 -0.785392 -2.20983 0.586509 0.549503 -0.913322 -1.13312 -0.938175 -0.305682 -1.59716 -1.05819 -0.51657 -1.12891 -1.47013 0.927767 0.634236 -0.0464566 -1.56982 0.386825 -1.52572 -0.557007 -0.645988 0.504235 -1.28003 -0.520191 0.81894 -2.11208 -1.61292 0.701338 0.464451 -0.970035 -1.29296 -0.479928 -1.39149 -0.881399 -1.02878 -1.41267 
-0.210624 -0.319679 0.373859 -0.768601 -1.12372 -2.51436 -0.778073 -0.570191 1.24595 -2.1807 0.842563 -2.7167 0.121859 -1.58229 -0.135343 -0.438869 1.68774 0.804837 0.599287 -1.58303 0.182337 -1.6273 0.359044 -0.390097 0.34395 -0.863501 -0.294417 0.267841 1.23806 -0.830635 -0.917117 0.839805 -1.32004 0.435992 -0.15572 2.0043 -1.78618 0.105107 0.855232 -1.65144 -0.913054 1.73553 1.85974 -0.213654 0.849281 0.440999 -0.580906 -1.1064 0.587042 -0.557107 
-1.3719 -1.84049 -0.143889 -1.90179 -1.92775 -3.31615 -0.7003 -2.72901 -0.419688 -4.4318 -0.913421 -4.21292 -1.05432 -2.88465 -0.854859 -1.23886 0.28488 -1.13182 0.33884 -2.22543 -1.26641 -2.02836 -1.23418 -2.42528 -1.4537 -1.55207 -2.29203 -1.68124 0.212179 -1.3435 -2.73922 0.407697 -2.17528 0.603754 -1.37896 0.0115719 -2.53096 -1.84406 0.148928 -2.14273 -2.15991 -0.0252228 -0.000666626 -1.26843 0.287231 -1.14168 -1.90661 -3.06913 -0.532821 -1.57583 
0.132723 -3.39959 0.100639 -3.12714 -2.13911 -2.70282 -1.49268 -2.34977 -1.35539 -5.88345 -4.28418 -4.033 -1.34854 -4.17592 -0.3615 -1.64779 -0.296767 -0.652428 -0.260977 -2.77175 -2.93929 -3.3605 -2.11382 -3.52284 -1.55429 -2.46456 -2.82977 -1.93875 -0.67783 -1.81134 -3.93578 -0.393924 -2.64486 1.39959 -0.282005 0.305993 -2.24463 -2.89708 0.0504617 -4.03672 -2.40972 -0.097661 -0.0894745 -2.98368 -0.557482 -1.29351 -4.0815 -2.48609 -1.63294 -2.81611 
1.3094 -3.43612 1.15478 -2.13801 -1.39259 -2.63451 -1.85539 -1.56958 -1.42504 -5.09368 -3.52419 -3.37704 -1.54665 -2.34095 -0.297484 -1.62673 -0.0952025 1.06343 0.526777 -2.92815 -2.53433 -2.73318 -0.652034 -2.08189 -0.169412 -1.85635 -1.79393 -1.62261 -0.0629978 -1.06707 -2.3044 -1.11459 -2.14473 0.604166 -0.113194 1.7699 -2.68439 -1.76111 0.857891 -3.01795 -1.39173 1.74153 0.818119 -1.67999 -0.997634 -1.15661 -3.21135 -2.70159 -1.42429 -2.71244 
2.15621 -1.49626 2.77542 -1.30713 -0.331682 -0.38177 -0.142485 0.767696 0.529153 -3.98407 -1.42642 -1.66641 -0.300664 -1.18306 0.985848 -0.116169 1.48357 1.63067 1.41663 -0.884716 0.310485 -3.2478 -0.723001 -1.93639 1.95918 -0.245562 -0.238384 0.282854 1.19574 0.147504 -1.35238 0.535883 -0.317872 1.15054 1.50997 4.07657 -1.2268 0.648281 0.34844 -1.84849 0.671453 2.28044 2.69453 -0.467746 -0.0969047 -0.363265 -1.69323 -0.678888 -1.11649 -0.772764 
1.2087 -2.53163 2.25912 -3.27158 -1.03385 -2.73941 -1.73346 -0.440022 -1.99011 -4.26841 -2.32152 -2.42306 -1.67743 -1.84251 -1.34165 -1.48636 1.32763 0.31176 -0.430546 -2.83265 -1.12947 -3.43776 -3.17719 -4.17903 0.325544 -0.91266 -0.788803 -1.27925 0.873314 -1.53339 -2.10065 -0.120314 -1.01729 -0.271193 -0.0552406 2.04997 -2.96969 -0.139583 -0.665789 -2.3116 -0.0616181 0.847967 0.513331 -0.634337 -2.00392 -0.590143 -2.66713 -2.02704 -2.10132 -2.07411 
1.68555 -3.54722 2.38353 -3.52532 0.76443 -3.53873 -1.39333 0.517438 -2.90972 -4.34727 -3.1418 -1.45184 -0.842193 -1.1945 -1.91854 -0.904046 0.529378 -0.395455 -1.31753 -2.16609 0.795462 -2.33159 -3.14137 -4.53672 0.58721 -0.836743 -0.325193 -1.29317 1.29976 -1.18303 -1.82533 0.529582 -0.985113 0.372876 1.67557 1.76708 -2.43551 0.328823 0.622878 -3.12864 -1.01048 1.35159 2.40417 -0.187651 -1.16442 -0.957749 -1.45177 -2.01808 -2.72136 -2.25023 
1.14524 -3.36156 2.35988 -2.64651 0.725965 -5.09845 -1.24509 0.815467 -1.76216 -3.81118 -3.58243 -1.82883 -1.02845 -0.213396 -2.07812 -1.17442 1.20056 -0.619753 -1.8104 -3.71128 2.18772 -2.3482 -3.14758 -3.7474 1.31515 0.135826 -0.298419 -2.17856 1.77941 -1.06379 -1.56475 0.965552 -1.34474 0.218859 0.967366 2.65934 -2.43073 0.861195 1.07279 -3.4865 -1.37669 2.51019 3.3336 0.52358 -1.29218 0.0940094 -1.60872 -1.82879 -1.157 -1.9309 
3.94923 -3.88266 3.42383 -3.24167 1.12329 -5.09744 0.223349 1.3186 -1.35812 -3.9282 -3.33308 -0.578233 0.0785119 0.146502 0.102609 1.27512 1.49875 1.35914 -1.60777 -3.03086 3.41353 -2.30759 -3.47176 -3.83415 1.81501 1.16817 0.49287 -0.772085 1.96985 -0.587385 -0.614507 2.35209 0.704599 0.630716 1.08269 3.10614 -1.04198 2.32643 0.958009 -2.94326 -0.337404 3.55741 4.00121 -0.293591 -0.834968 0.251625 -0.752955 -0.361773 -0.391635 -1.94818 
3.7428 -4.1895 3.3418 -2.87265 2.04693 -4.87875 -0.0272397 0.986145 0.139036 -3.33956 -3.11019 -2.12874 -0.212772 0.0867162 1.78363 0.726959 1.15065 1.4638 -2.38454 -3.64834 2.30721 -2.79359 -3.65099 -3.85094 1.52649 0.627093 0.547993 -0.900493 0.946796 -1.19208 0.031338 1.53237 0.581999 -0.809713 1.92718 2.12621 -0.32317 2.32541 1.19043 -3.58921 0.165828 3.55812 2.80016 0.283008 0.609303 -0.228159 -0.964917 -0.475831 -0.750549 -1.5969 
4.053 -3.83408 4.2184 -2.13488 1.44265 -4.34595 1.46659 2.01383 0.966807 -2.07929 -2.85115 -1.90662 0.990216 0.445417 1.13569 0.172412 1.91188 3.261 -1.48982 -3.53449 3.48728 -2.90295 -3.14044 -3.52569 2.47236 0.651004 1.33189 0.499289 3.21274 -1.43497 0.534896 2.26794 0.595758 0.13079 1.20189 3.27195 -0.132509 2.56532 1.55101 -3.33008 -0.510762 4.47367 2.80179 1.14874 0.768209 -0.280902 -0.527898 0.694849 -0.247207 -1.96152 
3.71956 -2.80113 3.5062 -0.933106 3.18416 -3.55045 0.920123 2.35875 0.218311 -1.34454 -1.82733 -1.58744 1.46315 1.20873 0.795378 -0.0785943 2.59822 3.67465 -0.849506 -4.22316 4.2723 -3.32877 -3.09901 -4.20114 2.97417 -0.279557 2.24976 -0.0955368 2.37506 -1.33051 1.05674 2.77169 1.0661 1.36392 1.54954 4.50051 0.348825 2.72247 0.880378 -2.88801 -0.294323 5.00005 3.54348 0.181509 0.382458 0.909434 0.00817214 1.10653 -1.65347 -2.31684 
4.10345 -2.5922 3.20538 0.0367233 5.11272 -2.13917 0.85041 2.74467 0.709264 0.329009 -1.31908 -0.549166 1.63812 1.64463 1.18507 0.707085 3.30915 5.72341 -0.450808 -3.20005 5.53856 -2.8083 -1.81509 -3.44693 3.66768 0.780357 3.26002 -1.11114 3.16384 -0.557587 1.80306 2.14673 1.46664 2.36103 2.04488 4.20976 0.0254187 2.86938 0.757467 -2.02401 0.0439813 4.97337 4.69497 0.956378 -0.341556 0.25907 0.604547 1.2818 0.145248 -1.2131 
2.57991 -4.6073 1.32558 -3.05094 3.65205 -3.84154 0.565299 1.54012 -1.18113 -1.72334 -3.56931 -1.08952 0.048205 1.29426 0.0256627 -0.974296 2.46865 2.66969 -2.00035 -4.40958 3.83114 -5.2132 -2.1242 -4.78341 0.919649 -0.0633901 1.75637 -3.92928 0.536996 -2.22307 -0.33723 0.860429 0.455767 1.52451 0.411704 3.30356 -1.30382 1.001 0.0845394 -3.26387 -2.15049 3.30651 4.82473 -0.439136 -2.88542 -2.40916 -0.624554 -0.582597 -0.892574 -1.42463 
0.858893 -6.23874 2.03567 -3.91164 4.09694 -4.65142 -0.383981 0.685533 -1.01843 -2.44213 -4.46415 -1.38532 -0.741086 0.997191 -0.816062 -1.55786 1.87479 3.55075 -3.48092 -5.06446 3.47401 -6.17252 -2.51634 -5.71402 -0.137099 -0.819278 0.227036 -4.59936 0.95224 -3.93201 -1.13941 0.596258 -0.12472 1.61798 -0.905237 1.51631 -2.69175 1.39802 0.326347 -2.58246 -2.20437 2.32592 4.34005 -0.302184 -3.91368 -3.4916 -0.409653 -1.42154 -1.75928 -2.65466 
0.702926 -5.85164 0.327599 -4.01806 3.08167 -5.61288 -1.23892 1.36203 -1.28512 -2.64442 -4.61325 -1.24078 -0.618229 0.632083 -2.03729 -1.7917 1.30798 1.80057 -4.57166 -5.16758 2.64666 -6.10163 -1.56255 -6.00304 -1.22612 -0.556024 -1.3153 -5.81258 -0.179726 -4.47434 -2.7124 0.226616 -1.1528 1.3254 -0.404567 0.986634 -2.63084 1.88261 0.455319 -2.91127 -2.73783 1.13795 4.42257 0.0785429 -4.88288 -5.61148 -0.697413 -0.626503 -2.76232 -2.64668 
0.922108 -5.18778 0.00023931 -3.20324 4.47121 -4.56953 0.880228 1.4358 -1.99961 -1.87586 -4.5015 -0.181323 -0.989606 0.272747 -0.746085 -1.82394 2.66923 2.12873 -3.94258 -4.25783 2.37634 -5.79431 -0.591164 -6.30179 -1.12183 0.620108 -0.998356 -4.08476 1.14794 -4.043 -2.47285 -1.07982 -0.304296 0.356311 0.250102 2.65512 -1.45717 2.10607 2.04887 -1.60517 -1.91527 1.97961 5.89358 1.88742 -5.94884 -5.33019 -0.664744 -0.445059 -2.02717 -2.79286 
0.451608 -5.38556 0.492563 -3.02008 4.0519 -4.74122 0.135146 1.5693 -3.03449 -2.90707 -4.03938 0.367029 0.319449 -1.05123 -0.43569 -2.06442 2.96226 2.54138 -4.23818 -4.23207 2.40313 -4.91409 0.22504 -6.19252 -0.924842 1.77757 -1.79856 -3.88837 0.817846 -5.08853 -1.6689 -0.912851 -0.753241 0.304571 1.04555 3.37894 -1.194 1.16364 1.85087 -3.20512 -3.15888 0.405818 5.89905 1.42917 -5.93252 -5.06723 -1.2047 -0.696479 -1.55857 -3.6361 
0.797669 -5.48879 1.05944 -3.28474 3.66036 -4.23336 1.13118 0.498966 -3.63435 -1.82917 -2.8631 0.800049 0.384802 0.94208 -0.522093 -1.46727 2.56334 3.72656 -4.00393 -3.99181 2.64347 -3.62934 1.38152 -6.93512 0.445668 1.90308 -1.51032 -4.28613 1.8839 -6.00666 -1.44363 -0.692338 -0.377236 0.895091 0.271921 4.02952 -0.620839 1.32021 -0.00532401 -2.49573 -2.87786 0.308954 7.49105 2.47734 -6.41304 -5.12607 -1.30485 0.677945 -1.44342 -2.96226 
0.438164 -5.14505 2.59084 -3.3256 3.12675 -3.5158 0.728324 0.860722 -3.47255 -1.98008 -3.04927 1.47412 0.0201643 1.58997 0.475715 -3.17985 3.41997 3.10257 -3.40315 -4.16969 3.45222 -2.40564 2.00312 -7.29475 0.730817 2.20608 -0.941696 -3.17429 1.63076 -5.53454 -1.50951 -0.413379 -0.292897 1.96235 0.252267 3.86761 0.343672 1.05593 0.0287724 -3.31074 -1.73952 0.4577 6.15977 3.17273 -6.12892 -3.68757 -1.92331 -0.123639 -2.51523 -3.10559 
0.310378 -5.67323 1.28655 -3.61442 3.45262 -5.2324 0.910795 1.0581 -2.84635 -3.18024 -2.92859 0.315382 -1.27389 1.33126 2.62041 -3.29377 3.53201 3.73557 -3.13329 -3.70766 5.50097 -2.79189 2.5857 -7.88856 1.82575 1.47883 -0.617851 -3.46804 0.768112 -5.7462 -1.75161 -1.0902 -0.413848 1.06842 1.3673 3.62384 0.132752 1.70823 0.111012 -4.3616 -2.11716 0.0722741 5.06181 2.4061 -7.47988 -3.93177 -2.17075 -0.189405 -2.93729 -3.31625 
1.99517 -5.8333 1.99254 -2.74975 4.15565 -4.52852 2.30633 2.23343 -2.74213 -3.63942 -1.84669 1.08148 -0.545906 2.08972 2.92402 -1.18064 4.08756 5.79764 -3.33074 -2.14185 6.09801 -1.82847 3.01548 -6.73317 3.68077 3.31323 0.678348 -3.16387 1.29116 -4.93858 -0.974128 -0.318226 -1.32337 1.78272 1.62847 3.85973 0.367985 2.47618 0.917958 -4.13408 -0.803251 0.924758 4.98036 2.58382 -6.48471 -4.72799 -0.458989 1.85811 -1.65388 -2.33507 
0.140753 -7.05563 1.79604 -4.1613 4.23215 -4.50899 2.30794 1.43488 -4.6247 -4.11939 -3.61061 0.829651 -0.269742 1.51108 2.2999 -1.67377 4.26981 5.48829 -3.95684 -2.69215 5.06176 -2.56459 3.96281 -7.64103 2.79439 3.06413 -1.12696 -3.56517 0.330881 -5.33851 -2.6518 -1.05745 -2.14216 1.63703 1.81574 2.13421 0.404437 1.51168 0.993443 -4.24095 -1.65869 1.2421 4.45162 2.31282 -6.5918 -6.31162 -0.241403 -0.484545 -3.56276 -2.86555 
-0.553793 -7.97685 1.60711 -3.49219 4.87783 -3.86466 1.58331 1.81033 -4.95077 -3.30118 -3.23859 1.72273 -0.00952432 1.55429 2.42515 -1.57898 3.10557 6.32998 -4.43818 -1.34889 4.48055 -2.93676 4.39912 -6.66162 2.79277 3.02657 -1.65474 -2.88552 -1.04869 -5.06331 -1.06938 -1.50431 -2.78801 1.639 2.17105 1.48474 -0.0182359 1.03182 0.785486 -3.73628 -1.21385 0.519878 3.8927 2.23071 -6.50383 -6.93272 -0.761185 -0.145063 -3.75708 -3.09732 
0.829638 -6.60276 2.8021 -2.89877 6.77538 -1.96973 2.0964 4.2783 -3.59409 -2.14829 -2.58328 3.91007 1.81968 2.89091 2.57086 -0.664927 3.67118 7.21008 -4.5015 -0.832537 6.76889 -2.12979 5.53145 -5.64586 2.8419 3.33142 0.513151 -1.54937 0.979477 -4.15826 -1.26181 -0.641305 -1.53554 2.47812 2.63179 2.78629 1.58862 1.42887 1.91014 -2.70312 -0.207619 2.26295 5.16546 2.78357 -6.34627 -4.91037 -0.522611 0.465493 -3.71264 -2.78413 
2.25148 -5.87816 4.53118 -1.15682 8.38012 -0.863987 3.52205 5.08813 -4.10093 -1.94089 -1.16289 5.53135 3.80165 3.30659 3.05182 0.582789 5.94241 9.22868 -3.25059 0.59326 7.74163 -2.30777 7.63393 -4.50946 4.81862 5.10712 0.963221 -0.462476 1.86526 -1.19007 -0.096278 0.193621 -0.858851 2.89009 2.59927 3.52061 2.00827 3.69234 4.59617 -1.06035 -0.178812 2.68296 6.36521 4.21725 -6.22412 -3.6476 0.506361 1.76859 -2.42672 -2.0729 
-0.149585 -6.31171 3.70137 -2.72426 8.56722 -2.16986 1.77571 3.38819 -5.03777 -1.91601 -2.99664 3.99901 1.94953 2.22876 1.45477 -0.840469 3.81233 9.40168 -4.44111 -0.894609 6.99155 -3.88072 5.69766 -5.83193 2.10096 3.06802 -0.771694 -1.64506 0.638672 -2.12898 -1.03808 -0.985024 -1.92099 2.14667 1.83576 1.9692 0.311848 2.10949 3.39131 -2.74179 -1.18816 1.81968 3.78505 1.13926 -7.88147 -4.11847 -0.8913 0.548674 -2.39426 -3.27546 
-0.469595 -7.88157 4.16587 -3.60995 8.55475 -4.54559 2.35292 2.36563 -7.06755 -1.45454 -3.7532 4.11328 1.35913 3.3127 0.253366 -0.450787 3.83097 8.78032 -4.57791 -1.07205 6.59641 -4.98159 6.81652 -6.11537 2.05394 4.01879 -1.03755 -2.13885 1.3243 -2.09512 -1.26613 -1.72372 -1.49543 2.16398 2.08022 2.23029 -0.797252 0.509035 4.63267 -1.94135 -1.24526 2.65059 3.68992 1.23213 -8.39033 -4.74796 -1.68163 -0.872545 -2.97059 -3.9989 
0.368612 -6.9581 3.46683 -2.04131 9.23941 -2.6308 2.45927 3.34385 -5.73495 -0.359097 -3.4246 5.07329 2.33975 5.19933 1.1543 -0.812224 4.34758 10.1404 -4.85439 -0.383332 7.54242 -3.33036 7.17454 -6.45731 2.61661 4.90165 -0.598563 -2.90304 3.49781 -0.895362 -0.637052 -0.865108 -1.48853 3.07915 0.939684 2.50817 0.478384 1.07305 5.50023 -2.11201 -0.253804 4.01873 3.92923 2.6976 -6.96862 -3.71993 -0.82285 0.104488 -3.83744 -2.52396 
2.07379 -5.3743 4.59599 -1.41211 9.9783 -2.185 4.83453 4.87016 -4.4488 0.585946 -2.70832 5.52312 3.22303 7.04221 2.27065 -0.0186289 5.09766 11.5987 -3.78448 0.733484 7.73646 -3.0596 7.70595 -6.47225 3.2251 4.43158 0.810044 -1.55306 4.879 -0.0989065 -0.078415 0.684321 0.25683 4.41303 1.82734 3.9998 1.67748 1.91846 6.04009 -0.752904 2.4708 4.71349 5.06317 3.56255 -5.59424 -2.82629 1.31717 0.127525 -1.45026 -0.664903 
0.542758 -6.13374 3.63384 -2.36398 9.92333 -3.25853 4.37119 4.25143 -5.36771 0.424323 -1.98512 5.76553 2.03314 6.81288 2.18543 -0.685222 5.7404 11.9761 -3.09685 -0.991241 8.27446 -2.6602 8.29769 -6.84757 2.96396 4.98363 1.71592 -1.95893 5.08175 -0.741932 -0.933514 0.183561 0.117771 5.46586 2.5562 3.25319 2.32242 0.774891 5.01717 -1.58295 3.27751 3.91605 5.48016 4.44754 -6.32145 -3.64621 0.724302 -0.32186 -1.73517 -0.89163 
0.761392 -6.56811 3.734 -1.89604 9.29918 -3.36932 5.33894 4.15074 -4.75339 0.512187 -1.11563 7.48869 1.90883 6.20386 2.89478 -2.29527 6.1849 12.5247 -2.3259 -0.909573 8.31148 -1.69703 9.16951 -5.34584 3.11336 6.22959 1.97446 -1.54685 5.74105 -1.04338 -0.749475 0.547399 0.407279 4.86342 2.76522 3.20593 1.94206 1.08413 4.34259 -1.05341 3.62604 4.99783 6.56383 5.47228 -6.26229 -2.60282 -0.480655 0.314084 -1.18192 -0.773412 
1.29767 -5.40704 3.46202 -1.67099 9.44805 -2.84377 5.73586 3.82341 -4.45517 1.11058 0.772446 8.01486 1.80437 6.09588 5.29507 -1.81553 6.43334 12.2285 -0.968648 -0.680227 9.0112 -0.635714 10.9619 -4.03198 3.47213 6.12831 1.51133 -1.36404 5.61965 -0.00130746 -0.172286 0.829229 0.00485907 5.78142 1.74902 2.92464 2.2715 0.75789 3.39453 -0.809703 3.06473 5.16001 7.07458 5.66148 -6.60554 -2.37771 0.39071 2.02524 0.00693215 -1.32573 
-0.0459722 -5.15811 2.84563 -1.88014 7.75671 -4.28052 6.40094 2.04313 -5.02388 1.91188 0.880598 6.35595 2.16904 5.61387 3.71234 -1.2787 5.06191 12.5226 -2.17436 -0.923272 8.78049 -0.932538 9.88022 -3.84358 4.24258 6.08004 0.823503 -2.06357 4.48203 -1.39575 -1.6953 0.301084 -1.10363 4.17566 1.68422 1.42116 2.43394 -0.380302 2.02941 -1.98743 2.57062 4.18293 6.02752 4.43717 -6.98559 -2.10271 -0.474066 1.22737 -0.845092 -2.67492 
-0.496622 -7.17579 0.742606 -2.65076 6.2999 -5.8334 6.22764 0.17562 -7.00442 1.32807 -1.01946 4.97654 2.59378 4.16011 1.83981 -2.27193 4.75531 10.5014 -3.65866 -2.63925 6.85107 -1.04903 9.67861 -4.97281 2.86516 4.19496 0.883303 -3.36911 3.23982 -2.69352 -3.78902 -2.05563 -1.50177 3.28514 0.102799 0.201178 2.03106 -0.818746 1.97436 -2.47772 1.33317 3.51476 5.20279 2.93262 -7.80326 -3.47205 -1.04611 0.162623 -1.75236 -4.73891 
0.201719 -8.17334 0.104748 -3.15723 6.21344 -7.19726 4.53113 0.341021 -6.64846 1.68868 -0.572515 4.3343 2.26409 4.47279 3.32442 -2.57533 5.80179 10.3877 -3.68394 -2.53717 8.18473 -0.756567 8.59699 -2.87204 3.17953 3.0299 1.38516 -3.00455 3.59031 -3.13896 -2.40368 -1.97446 -0.800088 3.7924 0.550641 1.74375 1.39859 -0.0696219 2.32172 -1.60407 1.1194 3.64664 5.93003 3.10605 -7.54307 -2.95699 -1.53572 -0.398042 -1.23742 -3.35954 
0.327303 -7.39389 -0.926409 -3.77977 6.56108 -7.88825 3.88372 0.734036 -6.24475 2.03886 -1.76574 4.2611 1.26737 4.22984 3.06715 -2.01748 4.43515 10.2729 -3.89839 -3.21416 8.85398 -2.24771 8.44963 -3.40762 3.16765 1.84409 -1.10433 -3.52345 2.27959 -3.12807 -2.19077 -1.26099 -1.43667 4.0508 0.978943 1.8705 1.64004 -1.33192 2.58113 -0.933634 1.01133 3.74973 5.45145 2.9766 -7.25439 -3.89809 -2.77984 -1.37408 -0.545448 -3.57629 
-1.68703 -8.10153 -2.0064 -3.61315 5.14587 -7.68211 3.15579 -0.613782 -6.76141 0.365327 -2.59426 3.40175 0.93837 3.72143 1.73644 -2.52338 3.37665 8.67455 -3.69906 -4.9344 8.07716 -3.52049 7.02667 -4.80666 2.60408 1.10911 -1.40636 -4.11256 1.60549 -3.81398 -3.69068 -4.1394 -2.42997 2.21489 0.645174 2.71217 -0.695319 -2.58921 2.9213 -1.26377 -0.444158 3.057 3.97003 1.35935 -8.58042 -4.61872 -3.77732 -3.73832 -2.83503 -4.51305 
-1.78226 -8.27772 -2.68025 -3.54253 5.60289 -7.37489 3.6522 -1.15842 -5.64476 1.11997 -1.86683 4.57139 -0.08689 3.58324 0.527921 -1.64949 3.46689 9.04496 -4.08611 -5.04654 8.70854 -3.55448 8.53606 -5.4132 2.83946 1.85235 -1.23886 -4.01189 1.07141 -2.82157 -3.42464 -4.23705 -2.04467 1.1939 0.76637 2.96259 0.283747 -1.76777 4.19745 -1.79605 0.811131 4.00491 4.06428 1.24752 -8.89083 -3.91466 -4.33086 -2.98276 -1.7961 -3.79372 
-1.23399 -7.36865 -2.11394 -2.9672 6.62602 -8.13657 4.21203 -0.550126 -3.86728 1.86443 -1.29903 4.99389 -0.2985 4.97937 1.47671 -0.657837 4.44574 9.8809 -4.11419 -2.74197 10.9535 -2.08487 9.59011 -5.1779 3.41382 2.70401 0.361391 -3.09827 2.42918 -1.67172 -1.26589 -3.65849 -1.63822 2.32981 0.783058 4.02318 0.898838 -1.15913 4.4786 -1.65589 1.06518 4.96083 4.18972 2.07428 -7.41131 -1.54403 -3.5829 -1.5879 1.08461 -1.59402 
-1.30394 -5.76775 -2.41728 -2.67686 7.84507 -6.85321 3.61664 -0.328907 -4.02138 1.4061 -0.615645 5.30528 -0.452045 4.82713 2.12538 -0.626092 5.39749 9.5522 -4.34294 -2.01391 11.8808 -1.79966 9.54852 -4.97746 3.74292 3.66019 -0.156843 -4.28322 3.5805 -0.705006 -1.33006 -4.11816 -2.43951 1.63664 0.867107 3.10808 0.253969 0.201786 4.727 -2.45784 0.131501 3.56596 3.5624 2.47662 -6.99428 -1.30683 -2.9102 -1.45312 1.71375 -1.6208 
-1.54468 -6.31303 -2.43051 -2.86142 5.96112 -5.90706 3.4874 0.142578 -3.63721 0.391473 -0.613343 5.85208 -0.85197 4.88592 2.55522 -0.75217 5.67778 8.68423 -3.22278 -2.48084 11.4268 -0.743908 8.95764 -4.63091 3.79068 3.85056 -1.14408 -3.7104 2.39505 -1.02542 -2.17573 -5.47872 -0.90594 0.911024 1.99786 2.30461 -0.0694841 -0.84707 4.17775 -3.58601 -0.0583569 4.57134 3.31221 2.16677 -8.1686 -1.17996 -3.54866 -1.9606 0.939458 -0.989234 
-3.14709 -7.52314 -2.83628 -4.94497 5.13418 -6.22294 2.32592 -0.363326 -4.82675 -0.247319 -2.08074 4.21636 -1.32388 3.01194 1.56013 -2.10147 5.34807 7.55815 -4.71535 -3.55985 9.61656 -1.80252 6.78889 -4.83518 1.7612 2.41151 -1.93568 -5.0613 -0.0333578 -0.189888 -3.13273 -7.54909 -2.47108 0.228843 1.2335 1.13871 -0.431374 -3.19818 4.53483 -4.51506 -1.63752 3.07646 2.086 2.11741 -9.37688 -2.1748 -5.02719 -2.6831 1.11046 0.318837 
-4.24797 -7.60694 -3.61016 -4.99315 3.98526 -6.80915 1.37163 -0.93121 -4.9505 -2.7381 -3.62466 3.3578 -1.47579 1.53727 0.844408 -2.66443 4.35493 6.76271 -5.28065 -4.36104 9.14085 -2.82699 5.84838 -4.96325 0.0150542 2.82814 -0.847979 -5.62477 0.202656 -0.426213 -3.88531 -8.29796 -3.48399 -1.05072 0.279153 -0.681942 -1.93793 -3.51333 4.21484 -6.61179 -2.30481 1.72796 1.33945 1.7297 -10.13 -3.54651 -5.68901 -2.90465 -0.36503 -0.103219 
-4.96156 -8.41916 -4.01879 -7.27329 2.73737 -7.59339 1.09319 -2.42685 -6.45203 -3.81007 -4.51209 2.51897 -1.79064 0.804545 -0.149917 -4.26579 3.74773 5.51269 -5.80588 -5.38307 7.89614 -3.82069 5.05911 -6.15577 -1.11723 1.77434 -2.90346 -4.58543 -0.296057 -2.03371 -5.29354 -9.07931 -4.32348 -2.00643 -0.786255 -1.84213 -2.86327 -5.11619 3.18204 -6.76346 -2.87952 0.828974 -0.0845354 0.611686 -10.5 -3.36441 -7.10912 -3.46246 -1.00139 -0.70205 
-5.62674 -7.7267 -4.60726 -7.14896 1.54098 -8.58144 0.341254 -3.36458 -6.17388 -4.9485 -4.64991 1.77305 -2.42594 0.747379 -0.639975 -4.21089 2.79612 4.61016 -6.10071 -6.96137 7.59864 -5.24936 5.21433 -6.40184 -1.46196 2.16883 -3.42763 -3.68436 -0.61681 -1.01251 -6.36736 -9.95687 -3.97554 -2.81819 -1.2615 -1.75078 -3.07358 -5.77603 1.9231 -6.38108 -3.96965 0.744703 -0.446055 -0.593081 -9.86992 -3.12118 -6.67947 -3.20268 0.169774 -1.36892 
-4.62155 -7.95912 -6.29153 -7.14065 1.51435 -8.80549 0.413234 -4.03892 -6.36258 -4.81714 -5.17098 0.668509 -3.86032 1.4299 -1.10928 -3.40622 2.18962 5.4473 -6.52612 -7.36681 7.35618 -5.86017 4.50671 -7.58685 -1.16654 1.97221 -3.25249 -3.14283 -0.642747 -0.220636 -7.63938 -10.4704 -4.14846 -1.41809 -0.680177 -1.7908 -3.06293 -4.78825 1.23199 -7.43965 -5.74647 0.876195 -0.789475 -0.518042 -9.48513 -2.90184 -6.99377 -3.31591 0.129066 -2.43047 
-4.59553 -6.99607 -6.87003 -6.33489 2.02218 -9.64566 1.12645 -3.60372 -6.71883 -4.93163 -5.59292 0.953232 -4.98095 2.10905 1.21701 -3.81019 1.38617 6.12936 -6.8122 -7.94831 6.97893 -6.12885 4.53663 -8.12122 -0.920069 0.731974 -2.17896 -2.32656 -0.167906 0.259394 -8.45002 -9.96967 -3.84264 -2.61109 -0.71233 -2.25102 -3.57956 -6.70391 0.291461 -8.17027 -7.27675 0.0874206 -0.854971 -0.822173 -9.47343 -2.59003 -8.00976 -4.06922 0.113252 -1.17607 
