0 0 0 0 0 0 0 0 0 0 0 0 0 0 0 0 0 0 0 0 0 0 0 0 0 0 0 0 0 0 0 0 0 0 0 0 0 0 0 0 0 0 0 0 0 0 0 0 0 0 
-0.523029 -1.34672 1.02506 0.878969 -0.500806 -0.624186 -0.190585 -1.3504 0.895809 -0.613571 0.923438 -0.475404 0.00774453 1.24027 0.482945 -1.10145 -1.07418 1.43579 0.621059 0.539331 0.338959 -0.948441 -0.690221 0.155977 0.328263 0.955856 -0.0467065 1.11635 -0.0277196 0.846046 -0.826522 0.598411 -0.664295 0.227738 -0.302753 0.160214 -0.389828 0.492363 0.0948512 -0.182 -0.23948 0.561713 1.38752 0.612526 -0.80281 0.245778 -0.664307 -0.554775 0.112652 0.241644 
0.355403 -2.18175 -1.05965 -0.515956 -1.24811 -1.47295 -0.874946 -2.08003 0.5615 -2.58467 0.119726 -2.75079 -0.782479 -0.748677 -0.628388 -2.18879 0.874454 0.833915 -0.768529 -1.00931 -0.795754 -0.102892 -1.51763 -0.927228 -0.333909 -1.0047 -1.37849 1.24828 0.926736 0.181074 -1.48769 0.65571 -1.43937 -0.378206 -0.47568 0.784327 -1.17024 -0.337875 1.12907 -2.08171 -1.5349 1.00024 0.740745 -0.830655 -1.1844 -0.29377 -1.29234 -0.73356 -0.895004 -1.31553 
-0.0628341 -0.182298 0.577434 -0.674067 -1.06308 -2.58645 -0.684444 -0.45672 1.53277 -2.22095 1.09087 -2.8081 0.301382 -1.56541 0.0196324 -0.312864 2.01672 1.04955 0.824379 -1.56623 0.367633 -1.61473 0.561206 -0.259438 0.544671 -0.778026 -0.154624 0.461298 1.52412 -0.742022 -0.836759 1.08785 -1.27814 0.645498 -0.00268982 2.36349 -1.78877 0.283032 1.10475 -1.64117 -0.832308 2.06907 2.20514 -0.0661536 1.09823 0.650983 -0.468457 -1.04411 0.810965 -0.442387 
-1.06228 -1.5756 0.282933 -1.64276 -1.67119 -3.19211 -0.326586 -2.54893 -0.0191909 -4.41424 -0.560048 -4.17447 -0.714392 -2.71942 -0.495897 -0.916549 0.752625 -0.799291 0.811736 -1.99728 -0.946732 -1.7814 -0.911418 -2.2162 -1.1519 -1.25965 -2.07024 -1.40115 0.672985 -1.03117 -2.56011 0.887165 -1.94235 1.10193 -1.07002 0.453231 -2.33198 -1.57951 0.603698 -1.90668 -1.9255 0.412924 0.439824 -0.948945 0.755201 -0.810098 -1.64803 -2.9215 -0.143121 -1.28568 
0.692257 -3.1772 0.657111 -2.87875 -1.79641 -2.41392 -1.08828 -2.02718 -0.937887 -5.89813 -4.14622 -3.87106 -0.930384 -4.02763 0.150863 -1.2582 0.221774 -0.167832 0.26098 -2.48943 -2.67296 -3.13437 -1.7687 -3.31221 -1.15577 -2.15292 -2.55299 -1.57693 -0.19566 -1.43736 -3.76456 0.115344 -2.35044 2.08004 0.237945 0.882065 -1.912 -2.62673 0.602144 -3.87514 -2.09285 0.439884 0.448852 -2.7216 -0.0638252 -0.870102 -3.9242 -2.17651 -1.24193 -2.53803 
1.8678 -3.33067 1.69842 -1.90865 -1.09209 -2.45254 -1.59906 -1.28597 -1.12763 -5.14643 -3.42714 -3.26594 -1.26085 -2.13097 0.107541 -1.34857 0.329129 1.59835 1.01047 -2.77421 -2.3428 -2.56063 -0.280849 -1.84718 0.247836 -1.60011 -1.53173 -1.34406 0.364408 -0.735495 -2.09093 -0.787559 -1.91601 1.09525 0.309421 2.37225 -2.50719 -1.49578 1.37319 -2.87258 -1.09115 2.34116 1.32962 -1.40692 -0.659435 -0.83358 -3.08444 -2.52602 -1.12681 -2.53791 
2.51078 -1.4903 3.18909 -1.28312 -0.214573 -0.269441 -0.00731848 0.989735 0.728425 -4.21556 -1.4138 -1.67669 -0.180595 -1.14721 1.22871 0.0215096 1.77394 1.93507 1.70061 -0.820392 0.488886 -3.40903 -0.643241 -1.97244 2.29494 -0.120233 -0.11237 0.458617 1.45864 0.310348 -1.33269 0.735797 -0.199445 1.40912 1.80286 4.61442 -1.19512 0.858923 0.530464 -1.87615 0.884307 2.64687 3.10048 -0.363624 0.0426125 -0.249171 -1.70607 -0.594919 -1.07429 -0.697754 
1.6805 -2.41683 2.83117 -3.2274 -0.776095 -2.64444 -1.54248 -0.125587 -1.82363 -4.31938 -2.18666 -2.2979 -1.4811 -1.66193 -1.11327 -1.27179 1.81078 0.697949 -0.115206 -2.74658 -0.880837 -3.40944 -3.124 -4.22147 0.713049 -0.643335 -0.507657 -1.04491 1.3131 -1.32331 -1.94471 0.224636 -0.757951 0.0593563 0.29592 2.60207 -2.8967 0.203528 -0.372902 -2.1758 0.288934 1.28534 0.91876 -0.338447 -1.83875 -0.290036 -2.56526 -1.86408 -1.94545 -1.91564 
2.16804 -3.56416 2.93265 -3.54018 1.15901 -3.55486 -1.2047 0.888441 -2.86582 -4.44058 -3.12005 -1.26879 -0.60096 -0.986898 -1.78004 -0.668717 0.901521 -0.111583 -1.12166 -2.05121 1.193 -2.23251 -3.11958 -4.64811 0.964872 -0.59499 -0.0346147 -1.09498 1.74543 -0.974326 -1.67793 0.901744 -0.757521 0.730082 2.15712 2.25735 -2.34635 0.681823 1.00395 -3.10564 -0.785313 1.80221 2.95526 0.116055 -0.953939 -0.727545 -1.26871 -1.88908 -2.65949 -2.14339 
1.53465 -3.4023 2.86522 -2.619 1.07536 -5.30497 -1.08382 1.1734 -1.65024 -3.89483 -3.64425 -1.72328 -0.846505 0.0463391 -1.99636 -1.00641 1.59525 -0.398803 -1.70309 -3.7854 2.67663 -2.29222 -3.1679 -3.82497 1.72078 0.428892 -0.0467999 -2.10639 2.22934 -0.885221 -1.43399 1.33781 -1.19299 0.51985 1.3398 3.19326 -2.38263 1.22349 1.45528 -3.53917 -1.22799 3.02988 3.93188 0.853655 -1.13541 0.383084 -1.48216 -1.72323 -0.987327 -1.83509 
4.40921 -4.1702 3.83365 -3.46803 1.31354 -5.50093 0.327703 1.52749 -1.40471 -4.22009 -3.56817 -0.550386 0.169042 0.243522 0.195439 1.47986 1.72484 1.5719 -1.67819 -3.2371 3.82237 -2.4448 -3.72009 -4.11707 2.07128 1.3627 0.622949 -0.76274 2.2409 -0.560411 -0.590122 2.65962 0.854886 0.773952 1.26906 3.48564 -1.05839 2.63152 1.13248 -3.14114 -0.286571 3.97999 4.46614 -0.238576 -0.831624 0.358679 -0.741785 -0.313266 -0.345978 -2.05108 
4.2036 -4.4858 3.76433 -3.04326 2.34586 -5.24084 0.0737282 1.18384 0.255874 -3.55473 -3.30348 -2.22835 -0.129512 0.198561 2.05743 0.899912 1.36404 1.70708 -2.50857 -3.89299 2.63099 -2.95666 -3.89589 -4.11493 1.77575 0.790514 0.703864 -0.882872 1.14073 -1.20229 0.137897 1.78219 0.741116 -0.783428 2.21468 2.43272 -0.250448 2.65093 1.40761 -3.82822 0.285223 4.00129 3.17099 0.413587 0.771026 -0.146368 -0.953446 -0.417679 -0.718617 -1.64575 
4.42698 -4.21289 4.60817 -2.35151 1.56749 -4.77361 1.59371 2.19317 1.04622 -2.29061 -3.13614 -2.10146 1.07187 0.475069 1.23122 0.176006 2.0815 3.55938 -1.64487 -3.8847 3.80726 -3.19288 -3.45304 -3.87506 2.69547 0.700278 1.44615 0.534083 3.50652 -1.58479 0.573087 2.47155 0.639759 0.130412 1.30374 3.57138 -0.158017 2.7973 1.68619 -3.66078 -0.572373 4.8878 3.05634 1.24552 0.82867 -0.320574 -0.591145 0.748308 -0.283664 -2.1616 
4.03596 -3.1071 3.80224 -1.06078 3.44946 -3.92794 0.969331 2.54527 0.200536 -1.51148 -2.04035 -1.77756 1.56419 1.28549 0.832681 -0.124708 2.8076 3.98676 -0.969199 -4.66485 4.64146 -3.6851 -3.4334 -4.64073 3.21943 -0.344852 2.42588 -0.143268 2.56313 -1.49612 1.11898 2.99762 1.12925 1.45549 1.65883 4.89145 0.343507 2.9437 0.925793 -3.20227 -0.361027 5.43867 3.84308 0.16022 0.38035 0.957622 -0.0296602 1.17353 -1.8499 -2.57659 
4.35489 -2.97982 3.3711 -0.0999824 5.46049 -2.48356 0.791367 2.86643 0.636749 0.220201 -1.58519 -0.741792 1.65426 1.66139 1.15796 0.634362 3.48478 6.12948 -0.634046 -3.64569 5.92697 -3.21655 -2.12854 -3.91613 3.87753 0.714628 3.43096 -1.35741 3.3256 -0.751016 1.83494 2.21142 1.46642 2.44617 2.09985 4.47135 -0.112366 3.00304 0.689553 -2.3574 -0.0920317 5.30784 5.00287 0.907449 -0.514367 0.143586 0.522038 1.26393 0.0189006 -1.46909 
3.01691 -4.85628 1.64286 -3.15138 4.19138 -4.01744 0.810013 1.87788 -1.1031 -1.69707 -3.71923 -1.00275 0.243565 1.60855 0.218871 -0.876529 2.89503 3.11526 -2.00051 -4.63969 4.38756 -5.52002 -2.13619 -5.04921 1.19818 0.121318 2.11477 -4.11355 0.779008 -2.24449 -0.178659 1.13331 0.690026 1.86077 0.641757 3.80963 -1.23751 1.2873 0.283367 -3.38464 -2.16499 3.81285 5.47598 -0.290291 -2.97007 -2.44835 -0.493405 -0.447444 -0.787008 -1.36985 
1.26115 -6.51392 2.55025 -3.96471 4.80825 -4.7751 -0.100353 1.07124 -0.795358 -2.35494 -4.56995 -1.19726 -0.491542 1.41265 -0.573674 -1.38627 2.37401 4.20992 -3.49288 -5.22756 4.12587 -6.44138 -2.43624 -5.93911 0.170094 -0.577197 0.568984 -4.71807 1.3634 -3.98703 -0.927882 0.973446 0.183653 2.09269 -0.67136 1.98131 -2.62839 1.85173 0.677773 -2.50867 -2.09449 2.86819 5.07456 -0.0107483 -3.96694 -3.50458 -0.128475 -1.23694 -1.60691 -2.58776 
1.17271 -6.00745 0.761563 -3.99887 3.7785 -5.7459 -0.954474 1.89472 -1.00508 -2.49412 -4.65087 -0.956509 -0.274539 1.09511 -1.82904 -1.56001 1.83551 2.37512 -4.60531 -5.2581 3.30196 -6.28131 -1.30899 -6.1733 -0.940449 -0.206398 -1.03814 -5.96467 0.205816 -4.4987 -2.56859 0.650941 -0.860132 1.8546 -0.0404846 1.4835 -2.47925 2.465 0.901473 -2.78644 -2.59644 1.64926 5.24738 0.488736 -4.94623 -5.74438 -0.361281 -0.283603 -2.62327 -2.49659 
1.32077 -5.37228 0.310909 -3.19833 5.20861 -4.69503 1.27489 1.88349 -1.87982 -1.74426 -4.62049 0.112017 -0.773411 0.609426 -0.506648 -1.68738 3.23465 2.64255 -4.00824 -4.35357 2.9138 -6.03671 -0.33694 -6.59262 -0.918256 0.989942 -0.782997 -4.16398 1.56815 -4.11824 -2.39823 -0.872232 -0.0226927 0.700966 0.584621 3.21919 -1.2856 2.61773 2.55507 -1.44773 -1.78743 2.4792 6.76675 2.37821 -6.20598 -5.52829 -0.417543 -0.176891 -1.91001 -2.74878 
0.824207 -5.57009 0.869071 -2.97884 4.76812 -4.86426 0.477541 2.04858 -2.99462 -2.85504 -4.09542 0.731556 0.679435 -0.82207 -0.147779 -1.93196 3.57449 3.11344 -4.3132 -4.30651 2.96199 -5.05362 0.576015 -6.45407 -0.683618 2.27673 -1.64073 -3.93 1.2254 -5.24471 -1.4987 -0.670483 -0.495639 0.663136 1.47484 4.03094 -0.978463 1.6042 2.35702 -3.18154 -3.13088 0.774046 6.79158 1.89507 -6.16926 -5.22138 -0.990189 -0.433459 -1.37784 -3.65365 
1.13227 -5.7542 1.41903 -3.33979 4.26819 -4.37895 1.49761 0.805055 -3.72277 -1.74529 -2.8779 1.13488 0.679995 1.29046 -0.313458 -1.34884 3.06646 4.34071 -4.12762 -4.11435 3.15424 -3.71728 1.77184 -7.33858 0.74667 2.34319 -1.396 -4.43675 2.32217 -6.3215 -1.32296 -0.499952 -0.154775 1.23899 0.55634 4.67259 -0.42163 1.70469 0.252634 -2.47547 -2.89407 0.596908 8.4645 2.97226 -6.76667 -5.35686 -1.17093 1.00112 -1.32272 -2.98653 
0.708872 -5.40723 3.06701 -3.41412 3.65407 -3.62248 1.02673 1.17176 -3.5751 -1.94019 -3.11142 1.84371 0.250975 1.97061 0.750006 -3.25447 3.97528 3.62758 -3.49908 -4.33878 4.0106 -2.40636 2.42319 -7.76212 1.02946 2.64553 -0.80269 -3.24837 2.0153 -5.8339 -1.4247 -0.223948 -0.0919665 2.37853 0.505231 4.46564 0.60536 1.3856 0.260405 -3.39785 -1.67666 0.730272 6.97657 3.70443 -6.485 -3.81065 -1.87799 0.093447 -2.52641 -3.17312 
0.613792 -5.94092 1.68313 -3.6856 4.05594 -5.45802 1.27152 1.43288 -2.84423 -3.20998 -2.93432 0.619274 -1.12169 1.73211 3.1443 -3.33435 4.14291 4.3659 -3.15856 -3.78775 6.29981 -2.78457 3.10628 -8.36769 2.2738 1.89377 -0.403032 -3.52525 1.11522 -6.02086 -1.645 -0.920465 -0.179558 1.44419 1.7716 4.24351 0.419213 2.14506 0.395398 -4.5041 -2.04545 0.352963 5.81873 2.90954 -7.92001 -4.03325 -2.10414 0.066308 -2.94384 -3.35898 
2.29589 -6.27977 2.293 -2.90191 4.66257 -4.85045 2.63675 2.55689 -2.89356 -3.87649 -1.91266 1.295 -0.48772 2.39946 3.31339 -1.18303 4.58799 6.46129 -3.53836 -2.23599 6.79033 -1.8927 3.41359 -7.26553 4.14238 3.73976 0.853384 -3.35556 1.52469 -5.29965 -0.956812 -0.238308 -1.33938 2.06317 1.89419 4.33841 0.513398 2.82281 1.11586 -4.41837 -0.769627 1.12331 5.566 2.94073 -6.99336 -5.06896 -0.392506 2.14575 -1.70144 -2.44765 
0.395469 -7.48777 2.20874 -4.31719 4.87736 -4.69807 2.7695 1.81312 -4.82482 -4.27128 -3.71395 1.15012 -0.0542064 1.89659 2.76069 -1.59225 4.91862 6.2534 -4.09322 -2.70782 5.78616 -2.56808 4.58232 -8.12905 3.30238 3.59787 -0.993237 -3.66417 0.603743 -5.60676 -2.66362 -0.917101 -2.10534 2.03455 2.23033 2.57919 0.68432 1.89725 1.32954 -4.40444 -1.57572 1.60194 5.11778 2.77485 -6.97968 -6.67276 -0.0231624 -0.289511 -3.66152 -2.89778 
-0.367783 -8.49934 1.99937 -3.58663 5.58226 -3.99466 1.9733 2.22198 -5.18443 -3.3774 -3.30883 2.12602 0.228434 1.94151 2.89548 -1.49082 3.64085 7.17301 -4.62291 -1.23877 5.14706 -2.97819 5.05786 -7.05857 3.29819 3.55431 -1.57381 -2.92206 -0.909913 -5.30771 -0.932584 -1.40902 -2.81524 2.0343 2.61713 1.86532 0.218891 1.36917 1.09932 -3.85403 -1.09084 0.808365 4.5031 2.68249 -6.88572 -7.35554 -0.594969 0.0799584 -3.87681 -3.15407 
0.945038 -7.19674 3.10576 -3.13922 7.45827 -2.12152 2.33271 4.72286 -3.90092 -2.31711 -2.79363 4.31949 2.02958 3.20305 2.85245 -0.692175 4.05779 7.93447 -4.89493 -0.875784 7.45116 -2.29685 6.09562 -6.14852 3.14937 3.6856 0.598344 -1.66104 1.10918 -4.51894 -1.34603 -0.666299 -1.64588 2.75086 2.9192 3.08844 1.77646 1.60147 2.12867 -2.9249 -0.19122 2.51516 5.6947 3.08546 -6.91578 -5.34283 -0.536276 0.546137 -4.03078 -3.01365 
2.29819 -6.60738 4.79548 -1.43542 9.01178 -1.11463 3.69004 5.40559 -4.66052 -2.29432 -1.44207 5.89111 3.99632 3.45401 3.17492 0.470231 6.3414 9.94133 -3.72902 0.481702 8.31235 -2.69621 8.19437 -5.10804 5.11035 5.42638 0.886974 -0.674799 1.87511 -1.47184 -0.27365 0.0439185 -1.10901 2.99776 2.67918 3.68845 2.03177 3.87657 4.86667 -1.32974 -0.364061 2.77086 6.80455 4.45158 -6.98637 -4.16392 0.386509 1.76921 -2.82652 -2.43893 
-0.0518345 -6.80211 4.16668 -2.87225 9.49695 -2.26493 2.05722 3.82361 -5.40657 -1.98685 -3.17062 4.49273 2.24763 2.55352 1.70565 -0.808661 4.28823 10.4111 -4.75296 -0.867968 7.77088 -4.13909 6.3535 -6.27654 2.41351 3.47288 -0.733321 -1.69005 0.811658 -2.22015 -1.02513 -0.967013 -1.99231 2.46359 2.123 2.26918 0.453639 2.42286 3.82702 -2.89146 -1.18953 2.10538 4.25835 1.36002 -8.52169 -4.39953 -0.864343 0.71307 -2.51075 -3.47605 
-0.324776 -8.44418 4.75312 -3.76486 9.5609 -4.7898 2.76713 2.78105 -7.55247 -1.40373 -3.92179 4.69551 1.6785 3.81852 0.467188 -0.304173 4.38626 9.808 -4.8252 -0.984737 7.41564 -5.26742 7.65676 -6.50941 2.43961 4.59201 -0.946935 -2.15336 1.64033 -2.10545 -1.19734 -1.6986 -1.44852 2.56016 2.4684 2.6328 -0.683706 0.747259 5.26447 -1.93701 -1.17447 3.09322 4.23174 1.53937 -9.00151 -5.01149 -1.65249 -0.766185 -3.06448 -4.19093 
0.461145 -7.56486 3.85507 -2.17879 10.1786 -2.82455 2.75135 3.72035 -6.22497 -0.33602 -3.69411 5.61487 2.62042 5.75293 1.32183 -0.832396 4.81989 11.1656 -5.26036 -0.362569 8.31965 -3.59088 7.91667 -7.01628 2.92371 5.42683 -0.598342 -3.12277 3.88901 -0.923469 -0.640505 -0.890328 -1.57325 3.43039 1.08672 2.80491 0.581394 1.23282 6.08255 -2.25624 -0.220677 4.45965 4.3616 3.01243 -7.57639 -4.01763 -0.844036 0.171812 -4.14635 -2.70751 
2.15539 -6.00358 4.91832 -1.66322 10.8144 -2.50988 5.17963 5.21866 -4.98975 0.525545 -3.08315 5.93394 3.41433 7.59802 2.37105 -0.136734 5.46788 12.5894 -4.26201 0.687165 8.35854 -3.46795 8.32512 -7.20632 3.41659 4.73822 0.771031 -1.81762 5.22835 -0.224674 -0.202227 0.633309 0.165016 4.7179 1.88542 4.26523 1.72126 1.98524 6.50026 -0.941092 2.5903 5.04704 5.4301 3.78625 -6.24451 -3.21238 1.32656 0.0233695 -1.70501 -0.844692 
0.563586 -6.75015 3.94969 -2.62058 10.8395 -3.60051 4.75742 4.62623 -5.911 0.433848 -2.20557 6.28484 2.19622 7.43216 2.36305 -0.781599 6.25732 13.0882 -3.42341 -1.11683 9.03324 -2.94508 9.05869 -7.53211 3.21588 5.42832 1.84872 -2.17687 5.53581 -0.843721 -1.05359 0.170105 0.0980358 5.95658 2.7692 3.53271 2.5131 0.817875 5.46506 -1.76501 3.55936 4.25884 5.97224 4.84106 -6.95577 -4.0252 0.762457 -0.383556 -1.93176 -1.00771 
0.774084 -7.25499 4.03041 -2.13699 10.1268 -3.75088 5.78853 4.48693 -5.26706 0.501093 -1.28209 8.14347 2.03104 6.73601 3.1111 -2.57433 6.71523 13.6602 -2.60788 -1.05637 9.04479 -1.91899 9.98471 -5.91605 3.35053 6.7642 2.10293 -1.75447 6.22903 -1.20295 -0.880988 0.539666 0.386173 5.26763 2.96917 3.45194 2.06744 1.12762 4.69709 -1.21393 3.91215 5.41486 7.13034 5.9346 -6.91997 -2.91123 -0.58651 0.284082 -1.3547 -0.90721 
1.29171 -6.05294 3.66263 -1.96029 10.22 -3.24502 6.15349 4.05852 -5.01021 1.08676 0.716351 8.65002 1.84677 6.54788 5.67063 -2.11864 6.91755 13.2658 -1.19092 -0.874973 9.74145 -0.826211 11.8784 -4.54663 3.67371 6.58341 1.52575 -1.62405 6.02619 -0.131253 -0.318551 0.778554 -0.124498 6.20341 1.78613 3.07396 2.35848 0.700406 3.5887 -1.01681 3.22742 5.52269 7.61999 6.07202 -7.36583 -2.73448 0.29818 2.08872 -0.122227 -1.58209 
-0.0424222 -5.64249 3.12517 -2.05166 8.50498 -4.68113 7.01981 2.24607 -5.49544 2.10229 0.972585 6.97054 2.384 6.15763 4.0746 -1.39281 5.55298 13.7257 -2.37396 -1.00346 9.62649 -1.01361 10.8312 -4.20249 4.65545 6.66829 0.91004 -2.25259 4.91775 -1.52103 -1.84917 0.337759 -1.20103 4.58214 1.85291 1.56474 2.67418 -0.408662 2.23105 -2.16918 2.82391 4.59011 6.61076 4.86861 -7.64439 -2.29547 -0.511376 1.35245 -0.917814 -2.92229 
-0.326791 -7.64345 1.03072 -2.68654 7.11842 -6.17294 7.03927 0.409613 -7.45573 1.67205 -0.899536 5.66876 3.05858 4.7744 2.23264 -2.27155 5.42641 11.7209 -3.79063 -2.67392 7.7222 -0.931922 10.8196 -5.2302 3.35585 4.81257 1.18484 -3.47344 3.76627 -2.73337 -3.93343 -2.0346 -1.42788 3.81592 0.329841 0.43761 2.44215 -0.679661 2.38003 -2.49697 1.67764 4.06746 5.9166 3.42976 -8.33081 -3.58621 -0.928727 0.395375 -1.70238 -4.97398 
0.412114 -8.76231 0.305887 -3.26743 6.99762 -7.69307 5.15475 0.564712 -7.09188 2.04099 -0.436016 4.93912 2.67133 5.09084 3.83286 -2.62999 6.54668 11.5703 -3.84442 -2.58819 9.15706 -0.637636 9.60867 -2.95502 3.67414 3.51023 1.70851 -3.10017 4.12413 -3.24742 -2.44195 -1.97177 -0.68531 4.34551 0.794339 2.10133 1.72322 0.114875 2.73446 -1.56602 1.41739 4.18584 6.68717 3.59365 -8.07187 -3.04807 -1.49115 -0.244892 -1.16439 -3.48905 
0.591908 -7.86624 -0.781463 -3.90716 7.42067 -8.40778 4.48777 1.03746 -6.60742 2.46683 -1.70091 4.90117 1.6217 4.86693 3.59326 -1.97667 5.09183 11.4868 -4.03711 -3.28757 9.93241 -2.22887 9.48948 -3.49949 3.70336 2.25346 -0.97637 -3.62638 2.73054 -3.19326 -2.1665 -1.14798 -1.34043 4.6708 1.30574 2.2824 2.02994 -1.22568 3.06085 -0.789379 1.34123 4.34099 6.20513 3.49406 -7.71342 -4.03678 -2.8118 -1.27186 -0.364142 -3.68426 
-1.44704 -8.47377 -1.79688 -3.55699 6.03803 -8.01432 3.858 -0.271353 -7.00574 0.801207 -2.44086 4.12744 1.42894 4.47763 2.30319 -2.36321 4.09995 9.90351 -3.65111 -5.00435 9.24909 -3.45549 8.09835 -4.86442 3.25364 1.61598 -1.13958 -4.10407 2.15974 -3.77699 -3.64192 -4.13348 -2.26089 2.82731 1.10776 3.37205 -0.360672 -2.43533 3.60113 -0.983375 -0.0855382 3.74979 4.74996 1.89011 -8.99837 -4.65854 -3.73684 -3.69411 -2.70461 -4.54279 
-1.6139 -8.72932 -2.5976 -3.54218 6.47613 -7.74032 4.33925 -0.930515 -5.84505 1.56533 -1.70654 5.34617 0.243283 4.2637 0.916775 -1.46846 4.13625 10.2467 -4.13765 -5.18974 9.8782 -3.55527 9.68925 -5.5914 3.44894 2.36762 -1.01864 -4.05634 1.51214 -2.7524 -3.41304 -4.30299 -1.90135 1.64631 1.17798 3.58383 0.649296 -1.59802 4.93654 -1.629 1.22702 4.72562 4.79066 1.70506 -9.40095 -3.94983 -4.40575 -2.92898 -1.62906 -3.81735 
-1.22867 -7.94885 -2.19261 -3.12731 7.38153 -8.79007 4.73714 -0.479537 -4.1133 2.16548 -1.29992 5.59363 -0.203894 5.57772 1.74076 -0.597528 4.99316 10.9471 -4.38378 -2.88058 12.122 -2.16077 10.6285 -5.54901 3.86275 3.08519 0.51898 -3.27089 2.78413 -1.70818 -1.26361 -3.88458 -1.67149 2.67528 0.980894 4.53026 1.10772 -1.14666 5.02916 -1.69085 1.28994 5.55741 4.71271 2.39536 -7.99559 -1.5683 -3.80177 -1.61636 1.31123 -1.62307 
-1.30403 -6.19389 -2.52364 -2.80799 8.71821 -7.38296 4.08619 -0.235935 -4.28083 1.66467 -0.550041 5.93601 -0.370827 5.41222 2.4526 -0.561485 6.03702 10.5883 -4.63309 -2.08176 13.1391 -1.84706 10.5842 -5.32817 4.22452 4.1339 -0.0474485 -4.56767 4.0466 -0.647931 -1.33264 -4.38685 -2.54799 1.91722 1.07423 3.5291 0.402574 0.34541 5.30254 -2.56806 0.268417 4.03068 4.02677 2.83736 -7.53748 -1.3072 -3.0636 -1.46745 2.00168 -1.65113 
-1.54267 -6.76613 -2.51305 -2.98508 6.67953 -6.32141 3.9697 0.305633 -3.83492 0.578283 -0.522438 6.56007 -0.78384 5.50171 2.94855 -0.674515 6.36914 9.66254 -3.38093 -2.56818 12.6669 -0.665464 9.96205 -4.92347 4.30192 4.36752 -1.10383 -3.9151 2.77309 -0.973842 -2.23395 -5.85219 -0.842962 1.14742 2.33799 2.67402 0.0733301 -0.778473 4.72594 -3.77883 0.0855193 5.15709 3.77779 2.52303 -8.7988 -1.14314 -3.73792 -1.99828 1.17857 -0.934206 
-3.11539 -7.9091 -2.7749 -5.08486 5.9563 -6.48481 2.88 -0.0659219 -4.95536 0.0611572 -1.94726 4.95087 -1.11815 3.6315 2.04112 -1.96996 6.19059 8.61162 -4.83333 -3.56754 10.8665 -1.64248 7.76894 -4.9646 2.26138 2.97375 -1.78834 -5.2123 0.29554 0.12407 -3.09965 -7.93753 -2.37485 0.582767 1.68331 1.57948 -0.140465 -3.17135 5.29974 -4.61392 -1.46173 3.70217 2.61718 2.65159 -9.93978 -2.0503 -5.17493 -2.60711 1.54853 0.68135 
-4.15566 -7.83522 -3.45698 -4.97196 4.86339 -6.9613 2.0003 -0.522332 -4.92524 -2.50168 -3.47286 4.17604 -1.11889 2.18175 1.42276 -2.42098 5.26834 7.90594 -5.2869 -4.27952 10.5111 -2.59906 6.90434 -4.93921 0.514248 3.59583 -0.431157 -5.66386 0.719755 0.0308639 -3.75839 -8.5922 -3.31876 -0.653248 0.803554 -0.249273 -1.62514 -3.3509 5.11489 -6.74509 -2.02704 2.39064 1.96505 2.39254 -10.5991 -3.38725 -5.73424 -2.68412 0.0978874 0.384686 
-4.76192 -8.54953 -3.72916 -7.29429 3.67184 -7.64494 1.87073 -1.98528 -6.39464 -3.50052 -4.26955 3.43259 -1.28835 1.55454 0.508976 -3.99973 4.77863 6.71205 -5.68682 -5.22366 9.32299 -3.51215 6.21518 -6.07011 -0.55066 2.61689 -2.50738 -4.34989 0.348888 -1.55461 -5.12558 -9.27269 -4.06294 -1.52473 -0.188097 -1.34475 -2.46335 -4.93131 4.15895 -6.7358 -2.48115 1.5813 0.580598 1.34327 -10.829 -3.01233 -7.11445 -3.11974 -0.423769 -0.0958554 
-5.40966 -7.71005 -4.29287 -7.07717 2.44219 -8.64637 1.12795 -2.93159 -6.00902 -4.66668 -4.3396 2.69641 -1.90335 1.57284 0.0530712 -3.85867 3.81712 5.80431 -5.92887 -6.87167 9.07802 -4.99626 6.46615 -6.25874 -0.847365 3.12996 -3.00065 -3.28189 0.0784473 -0.355018 -6.22097 -10.1531 -3.60086 -2.33305 -0.627778 -1.16375 -2.61281 -5.5732 2.86078 -6.23599 -3.5944 1.56991 0.2655 0.104441 -10.0578 -2.66496 -6.56287 -2.75423 0.940107 -0.745454 
-4.24725 -7.90338 -6.07662 -7.00679 2.47429 -8.83052 1.26808 -3.609 -6.15445 -4.46151 -4.84912 1.54772 -3.41336 2.38178 -0.399754 -2.91592 3.21402 6.78262 -6.3336 -7.25453 8.8737 -5.60409 5.75226 -7.49557 -0.462474 2.97586 -2.74752 -2.6274 0.111311 0.57371 -7.55311 -10.6543 -3.729 -0.738039 0.0703078 -1.14631 -2.53987 -4.42986 2.16498 -7.33432 -5.47954 1.77523 -0.0494214 0.247918 -9.57504 -2.3634 -6.84589 -2.81699 0.95679 -1.84704 
-4.22713 -6.85679 -6.71872 -6.1325 3.02221 -9.75927 2.04099 -3.14065 -6.55309 -4.5953 -5.31972 1.85124 -4.64934 3.11737 2.14019 -3.36683 2.3255 7.5214 -6.65537 -7.89991 8.45205 -5.9068 5.77666 -8.08933 -0.200863 1.60886 -1.5799 -1.7416 0.623091 1.09117 -8.44951 -10.1142 -3.40238 -2.05328 0.0267041 -1.65884 -3.11419 -6.53675 1.1263 -8.14306 -7.16426 0.902788 -0.129551 -0.0936223 -9.5706 -2.03022 -7.96723 -3.65058 0.931085 -0.481296 
