0 0 0 0 0 0 0 0 0 0 0 0 0 0 0 0 0 0 0 0 0 0 0 0 0 0 0 0 0 0 0 0 0 0 0 0 0 0 0 0 0 0 0 0 0 0 0 0 0 0 
-0.507878 -1.51669 1.38814 1.20921 -0.48066 -0.631769 -0.100719 -1.52119 1.22984 -0.618769 1.26368 -0.44955 0.142185 1.65171 0.724184 -1.21629 -1.1829 1.89118 0.893338 0.793243 0.547838 -1.0289 -0.712646 0.323732 0.534738 1.30338 0.0754959 1.49994 0.09875 1.16889 -0.879579 0.8656 -0.680892 0.411621 -0.238096 0.328921 -0.34474 0.735718 0.248868 -0.0902042 -0.160603 0.820655 1.83206 0.882888 -0.850538 0.433715 -0.680907 -0.546758 0.27067 0.428652 
1.18331 -1.92406 -0.549777 0.116114 -0.780585 -1.05596 -0.323557 -1.79948 1.43572 -2.41754 0.894662 -2.62099 -0.210309 -0.16891 -0.0215871 -1.93268 1.81901 1.76936 -0.193224 -0.48812 -0.226567 0.622011 -1.11068 -0.38759 0.339075 -0.482471 -0.940265 2.27686 1.88304 0.969798 -1.07401 1.55111 -1.01484 0.284822 0.165442 1.70863 -0.685213 0.334217 2.13085 -1.80153 -1.13184 1.97307 1.65525 -0.269313 -0.702559 0.388235 -0.834754 -0.150395 -0.348123 -0.863166 
0.464455 0.318142 1.24862 -0.284149 -0.760592 -2.62633 -0.296858 -0.0179546 2.41866 -2.17868 1.87745 -2.8978 0.910528 -1.37582 0.565456 0.158233 3.01138 1.82684 1.55107 -1.37682 0.991668 -1.43622 1.22875 0.223666 1.20849 -0.411472 0.352036 1.10638 2.40807 -0.367377 -0.483405 1.87375 -1.02398 1.33198 0.538117 3.43608 -1.64937 0.888053 1.89445 -1.4686 -0.477954 3.07549 3.24215 0.46039 1.88647 1.3387 -0.0323297 -0.737354 1.53464 -0.000400318 
0.119652 -0.509033 1.7672 -0.591279 -0.626104 -2.48884 1.02069 -1.70111 1.39717 -3.98564 0.73476 -3.69198 0.545728 -1.90992 0.813329 0.298138 2.34245 0.44175 2.41485 -1.02548 0.261171 -0.761087 0.304422 -1.29361 0.00989643 -0.122077 -1.11484 -0.295375 2.24491 0.157752 -1.7148 2.50723 -0.958202 2.77027 0.110177 1.97577 -1.4354 -0.513819 2.16005 -0.914526 -0.937576 1.9264 1.95935 0.258461 2.3456 0.428513 -0.597738 -2.15742 1.24539 -0.153952 
2.61134 -2.12775 2.5683 -1.76223 -0.436637 -1.19294 0.430634 -0.719277 0.614832 -5.46021 -3.31456 -2.97756 0.62402 -3.16932 1.94827 0.222528 2.03512 1.55795 2.08314 -1.28542 -1.51019 -2.0753 -0.402707 -2.2931 0.347982 -0.873276 -1.36326 -0.167836 1.52387 0.00310223 -2.84712 1.90477 -1.11518 4.31102 2.05493 2.84381 -0.578207 -1.45357 2.50098 -2.98255 -0.799705 2.30225 2.31323 -1.56976 1.68533 0.69785 -3.04264 -0.902163 0.242454 -1.34493 
3.68524 -2.68155 3.47779 -0.939945 0.0601302 -1.60607 -0.560779 -0.177324 0.0166045 -4.9054 -2.79971 -2.60228 -0.146552 -1.21223 1.52937 -0.253995 1.80076 3.35523 2.63524 -2.00004 -1.47167 -1.73846 1.0537 -0.864657 1.7012 -0.56206 -0.478313 -0.248471 1.84397 0.49687 -1.16319 0.433104 -0.948961 2.73906 1.77662 4.30306 -1.673 -0.434289 3.07947 -2.12051 0.061282 4.26499 3.02611 -0.325453 0.590024 0.376741 -2.37998 -1.69607 0.0176057 -1.71062 
3.5548 -1.3455 4.38555 -1.09177 0.216936 0.149737 0.47077 1.69191 1.37187 -4.68325 -1.25181 -1.57379 0.258551 -0.925301 1.98459 0.506077 2.65236 2.84971 2.56255 -0.525037 1.07849 -3.69545 -0.308073 -1.93601 3.29045 0.332479 0.342109 1.04142 2.26619 0.859831 -1.15247 1.3809 0.235465 2.20555 2.68777 6.13122 -0.983989 1.5317 1.12942 -1.81807 1.56278 3.72147 4.27703 0.0343873 0.531923 0.174563 -1.60977 -0.24889 -0.835995 -0.374837 
3.20759 -1.8106 4.61687 -2.80334 0.198889 -2.08936 -0.739732 0.995595 -1.08407 -4.14073 -1.52869 -1.66493 -0.664562 -0.886033 -0.21406 -0.408213 3.36715 2.00422 1.00831 -2.21445 0.0706063 -3.02629 -2.6767 -4.02081 2.02271 0.361485 0.527657 -0.130342 2.75762 -0.471309 -1.23237 1.42453 0.22111 1.2221 1.51183 4.33627 -2.39832 1.39868 0.692698 -1.51539 1.50328 2.72361 2.27465 0.734896 -1.10259 0.794187 -1.99238 -1.13361 -1.23327 -1.19677 
3.69243 -3.32806 4.62887 -3.29869 2.45662 -3.31667 -0.438318 2.12524 -2.47277 -4.40145 -2.78414 -0.516814 0.301108 -0.171568 -1.14297 0.218123 2.14126 0.900469 -0.336622 -1.47508 2.49825 -1.69713 -2.78356 -4.65562 2.21885 0.308419 0.994736 -0.303945 3.17483 -0.15617 -1.01791 2.14154 0.10936 1.93129 3.67905 3.80181 -1.83655 1.87219 2.26671 -2.76649 0.0753222 3.24437 4.65657 1.17927 -0.131202 0.146073 -0.51672 -1.27651 -2.22007 -1.58797 
2.78281 -3.26369 4.41242 -2.30435 2.2203 -5.59397 -0.42415 2.34038 -1.11787 -3.86692 -3.56002 -1.20732 -0.133494 0.960012 -1.54178 -0.329332 2.85704 0.414826 -1.18259 -3.73289 4.18145 -1.90412 -2.97662 -3.78135 3.01078 1.42854 0.84594 -1.67654 3.63364 -0.180912 -0.853018 2.54174 -0.557846 1.53994 2.54417 4.81419 -2.01486 2.40173 2.68561 -3.43132 -0.600715 4.61409 5.71881 1.94877 -0.487324 1.37244 -0.912009 -1.20726 -0.305965 -1.34426 
5.66792 -4.83966 4.96302 -3.97968 1.87653 -6.46946 0.669125 2.13855 -1.45264 -4.90077 -4.10232 -0.40631 0.474805 0.566024 0.507135 2.08022 2.38026 2.19294 -1.78758 -3.69685 4.9492 -2.72649 -4.28839 -4.77458 2.80456 1.93673 1.03073 -0.66639 3.01231 -0.418589 -0.454977 3.52513 1.31479 1.21567 1.82205 4.53679 -1.02849 3.49071 1.65477 -3.57932 -0.0832047 5.14224 5.73766 -0.0244228 -0.750756 0.707062 -0.640725 -0.115899 -0.155962 -2.24428 
5.48232 -5.15998 4.94432 -3.39324 3.20706 -6.08471 0.424278 1.78388 0.64736 -4.01966 -3.71194 -2.39518 0.17536 0.577166 2.85381 1.43614 2.00459 2.42471 -2.73838 -4.43394 3.55627 -3.28718 -4.43749 -4.70576 2.50882 1.30216 1.19603 -0.747314 1.73108 -1.13852 0.502868 2.51671 1.24166 -0.62552 3.0464 3.31344 0.0272452 3.58069 2.05795 -4.35461 0.683305 5.23454 4.21764 0.840519 1.27829 0.154716 -0.833749 -0.17757 -0.546143 -1.68164 
5.38045 -5.20119 5.60236 -2.92147 1.8783 -5.88793 1.91041 2.6446 1.23988 -2.84689 -3.88245 -2.61523 1.27129 0.540363 1.46646 0.174088 2.50783 4.31786 -2.05603 -4.79924 4.62145 -3.95194 -4.27057 -4.78744 3.25979 0.816186 1.72969 0.612639 4.25312 -1.98244 0.66041 2.98554 0.742066 0.118246 1.55528 4.33255 -0.235006 3.38451 2.02367 -4.525 -0.742486 5.94483 3.70176 1.48397 0.973434 -0.434097 -0.765478 0.875011 -0.388891 -2.68888 
4.81851 -3.92992 4.53226 -1.4237 4.1002 -4.93524 1.06267 2.99279 0.12109 -1.97569 -2.62342 -2.30158 1.79122 1.44988 0.895307 -0.27725 3.31408 4.75825 -1.31154 -5.83777 5.56009 -4.63783 -4.32956 -5.80823 3.81846 -0.54687 2.84656 -0.299981 3.01467 -1.95688 1.24595 3.5468 1.25852 1.65809 1.90712 5.86627 0.296193 3.48077 1.00935 -4.04648 -0.566681 6.53646 4.58228 0.0717143 0.341317 1.04833 -0.160841 1.31276 -2.39017 -3.28018 
4.88148 -4.10167 3.6766 -0.574597 6.23556 -3.49387 0.517078 3.0585 0.327711 -0.182454 -2.3936 -1.36065 1.57391 1.58264 0.966066 0.324787 3.81582 7.0549 -1.22869 -4.91718 6.80689 -4.39159 -3.05906 -5.2484 4.29684 0.423093 3.7499 -2.11462 3.62087 -1.37195 1.79519 2.25628 1.34384 2.54379 2.11963 5.02411 -0.589764 3.22581 0.392382 -3.33936 -0.564859 6.04861 5.6751 0.659249 -1.08211 -0.276288 0.187219 1.09585 -0.428996 -2.25141 
4.31009 -5.33256 2.62724 -3.24449 5.74852 -4.30519 1.60721 2.91507 -0.735869 -1.46333 -3.93996 -0.612962 0.913453 2.58521 0.883209 -0.458377 4.16082 4.43055 -1.83497 -5.06729 5.98879 -6.14546 -2.00113 -5.56885 2.08262 0.763732 3.2052 -4.4229 1.56923 -2.13378 0.396337 2.00317 1.46025 2.89412 1.40114 5.28098 -0.900483 2.19177 0.9622 -3.53017 -2.03641 5.28492 7.32183 0.259616 -3.02242 -2.38345 0.0108524 0.0671429 -0.348735 -1.06257 
2.5774 -6.94508 4.15622 -3.82295 6.92169 -4.81547 0.909907 2.34481 0.0587025 -1.85139 -4.56421 -0.433526 0.430801 2.76294 0.330209 -0.665018 3.94037 6.1889 -3.24508 -5.36961 6.08595 -6.85623 -1.95096 -6.24109 1.24114 0.325895 1.72967 -4.74561 2.70264 -3.85028 -0.103605 2.22504 1.25774 3.59582 0.210569 3.45941 -2.18629 3.30071 1.86291 -2.03966 -1.53241 4.54562 7.24786 1.01965 -3.82568 -3.2594 0.875465 -0.482118 -0.935245 -2.13653 
2.73487 -6.059 2.23131 -3.59901 5.92629 -5.73867 0.129606 3.61914 0.0676206 -1.75607 -4.39754 0.127113 0.962352 2.63982 -0.941512 -0.612024 3.54663 4.20751 -4.34173 -5.14124 5.34266 -6.39441 -0.304583 -6.26213 0.146782 1.04581 0.0271317 -6.00661 1.55067 -4.21117 -1.84727 2.09583 0.24515 3.57001 1.24901 3.1155 -1.73785 4.31758 2.40267 -2.11409 -1.88139 3.31851 7.7253 1.89717 -4.75928 -5.7368 0.856116 0.951251 -1.91424 -1.7591 
2.61936 -5.57792 1.38254 -2.91538 7.38098 -4.74845 2.56317 3.30855 -1.30054 -1.13452 -4.65717 1.13895 0.0545263 1.74815 0.381244 -1.06485 4.96337 4.23821 -3.90731 -4.33026 4.57042 -6.39167 0.589092 -7.07251 -0.122871 2.21418 0.0427867 -4.09806 2.92234 -4.04203 -1.93546 -0.0665031 0.973965 1.86026 1.71777 4.94444 -0.572774 4.20781 4.13107 -0.77134 -1.18739 4.03815 9.28929 3.91446 -6.59898 -5.76898 0.490374 0.785112 -1.33751 -2.3648 
2.07198 -5.7594 2.12693 -2.58578 6.90227 -4.89493 1.6474 3.57152 -2.60511 -2.43415 -3.95331 1.95851 1.89467 0.0557123 0.881547 -1.30362 5.44038 4.8757 -4.22003 -4.21184 4.69022 -5.12685 1.76801 -6.84206 0.225281 3.85095 -0.946939 -3.75071 2.56334 -5.3609 -0.772984 0.241368 0.455507 1.87471 2.86884 5.99942 -0.135829 3.02727 3.94929 -2.83403 -2.77199 2.01055 9.38049 3.38352 -6.49323 -5.33232 -0.150191 0.531662 -0.624959 -3.41225 
2.22023 -6.21394 2.57143 -3.2569 6.06093 -4.52961 2.66768 1.81947 -3.72595 -1.30405 -2.69121 2.22342 1.66631 2.41397 0.44958 -0.818502 4.58912 6.14974 -4.2218 -4.20554 4.69662 -3.71923 3.00354 -8.1544 1.74797 3.7033 -0.876261 -4.6004 3.67755 -6.90873 -0.786799 0.221172 0.643926 2.35093 1.51486 6.55621 0.317097 2.92129 1.1429 -2.19833 -2.71101 1.56455 11.2003 4.47374 -7.45395 -5.7273 -0.6006 2.0596 -0.786514 -2.82425 
1.60629 -5.88438 4.49441 -3.44333 5.21341 -3.69852 1.99558 2.17321 -3.64048 -1.63813 -3.07259 2.99617 1.04548 3.1516 1.65667 -3.24779 5.6068 5.18096 -3.54738 -4.5758 5.65006 -2.20908 3.70589 -8.76851 1.99892 3.9782 -0.244989 -3.24033 3.20632 -6.40693 -1.00679 0.463822 0.625465 3.65119 1.35688 6.20737 1.47951 2.43511 1.05703 -3.4234 -1.31538 1.6325 9.28262 5.27509 -7.20437 -3.92897 -1.56196 0.85255 -2.35611 -3.14816 
1.63464 -6.3932 2.94431 -3.63102 5.8504 -5.80178 2.44019 2.63781 -2.60055 -3.04851 -2.71088 1.64136 -0.490879 3.0043 4.73387 -3.20083 5.95691 6.23001 -2.98552 -3.75613 8.59856 -2.52749 4.68731 -9.36538 3.66773 3.20229 0.389293 -3.43463 2.24876 -6.49111 -1.13181 -0.24443 0.662992 2.65167 3.05266 6.08012 1.39633 3.51006 1.36717 -4.63347 -1.62224 1.31519 8.00936 4.44634 -8.81708 -4.05679 -1.69413 0.964115 -2.72255 -3.23099 
3.16755 -7.33546 3.16401 -3.19844 6.06612 -5.58491 3.585 3.4872 -3.18821 -4.39205 -1.98686 1.9417 -0.241672 3.29439 4.41372 -1.09325 5.97478 8.26909 -3.97792 -2.38285 8.67208 -1.96241 4.53644 -8.54276 5.42901 4.93591 1.40084 -3.75404 2.22301 -6.13506 -0.816191 0.0637938 -1.28474 2.88251 2.67556 5.66911 0.984442 3.81288 1.72231 -5.05571 -0.586936 1.73143 7.17259 3.9573 -8.20942 -5.85252 -0.12506 2.98366 -1.72817 -2.64209 
1.26242 -8.39254 3.48322 -4.50939 6.7516 -4.97586 4.17 2.99868 -5.13111 -4.45316 -3.77057 2.18667 0.711682 3.10091 4.15922 -1.17202 6.80213 8.43689 -4.23508 -2.53831 7.86465 -2.36718 6.39024 -9.17794 4.82265 5.18454 -0.438391 -3.7096 1.5175 -6.08878 -2.48419 -0.345143 -1.80043 3.26988 3.50965 3.93692 1.61619 3.10171 2.40642 -4.61625 -1.15178 2.74003 7.04605 4.17655 -7.77025 -7.39435 0.749703 0.423495 -3.70636 -2.77096 
0.319845 -9.63924 3.21901 -3.62242 7.60713 -4.12215 3.18707 3.49165 -5.57932 -3.36616 -3.28218 3.37412 1.05006 3.14814 4.31651 -1.05559 5.22939 9.5554 -4.8916 -0.74689 7.07412 -2.87724 6.96488 -7.87466 4.80973 5.12341 -1.15723 -2.8085 -0.344126 -5.73031 -0.371893 -0.955407 -2.67767 3.26178 3.97561 3.05483 1.03837 2.44717 2.11668 -3.94991 -0.565715 1.76033 6.28544 4.05565 -7.66297 -8.23838 0.0416003 0.868214 -3.97782 -3.09265 
1.27422 -8.69739 3.92055 -3.72796 9.25127 -2.48154 2.97376 5.90108 -4.66084 -2.72109 -3.3047 5.40706 2.6025 4.03971 3.61031 -0.730953 5.08655 9.83448 -5.87825 -0.955826 9.24255 -2.69627 7.58236 -7.41358 3.97395 4.6307 0.849604 -1.91756 1.47525 -5.41776 -1.53176 -0.699261 -1.899 3.48589 3.69206 3.89934 2.29249 2.07817 2.72386 -3.46547 -0.11741 3.19721 7.09134 3.89569 -8.35328 -6.42681 -0.540016 0.785664 -4.81989 -3.57416 
2.27235 -8.6347 5.33089 -2.30036 10.4948 -1.90749 3.97701 6.07812 -6.2503 -3.35231 -2.30851 6.67276 4.35213 3.68793 3.34612 0.0335675 7.22426 11.6333 -5.10945 0.0476165 9.63816 -3.84452 9.49366 -6.7984 5.71653 6.10359 0.543971 -1.3688 1.75419 -2.34497 -0.877496 -0.488556 -1.9006 3.12914 2.73897 3.97507 1.94606 4.20547 5.41809 -2.17093 -0.988228 2.85125 7.79149 4.90971 -9.09886 -5.64209 -0.0689708 1.62449 -4.00411 -3.52941 
0.297776 -7.96958 5.46438 -3.15651 11.9926 -2.4127 2.88083 5.04421 -6.26041 -2.07213 -3.52194 5.8637 3.11403 3.48867 2.45025 -0.629143 5.61325 13.1121 -5.45991 -0.701779 9.87861 -4.70807 8.14268 -7.32589 3.3172 4.61465 -0.536871 -1.70862 1.35533 -2.35786 -0.894262 -0.823083 -2.07881 3.37853 2.9614 3.14042 0.916853 3.32865 5.04839 -3.18004 -1.09561 2.93982 5.57665 2.02694 -10.0756 -5.02704 -0.69734 1.23459 -2.71377 -3.89602 
0.213771 -9.73043 6.4329 -3.99946 12.3212 -5.25474 4.00057 4.01762 -8.63831 -1.10767 -4.19165 6.36234 2.66727 5.28825 1.18373 0.239004 5.98359 12.6238 -5.29811 -0.594513 9.69381 -5.83971 9.98912 -7.36083 3.59944 6.23558 -0.548214 -2.02577 2.62053 -1.96711 -0.854895 -1.46881 -1.16253 3.74709 3.6347 3.83605 -0.225827 1.52674 7.05917 -1.7608 -0.82689 4.39994 5.79435 2.49688 -10.413 -5.52625 -1.41234 -0.326842 -3.14167 -4.52128 
0.749727 -9.08008 4.90642 -2.48352 12.6512 -3.27441 3.55464 4.74143 -7.43906 -0.226597 -4.3394 7.06172 3.39429 7.23081 1.80384 -0.834531 6.08808 13.8599 -6.25766 -0.259112 10.3744 -4.21297 9.88084 -8.40821 3.76574 6.83143 -0.547875 -3.63965 4.94799 -0.946071 -0.599513 -0.905482 -1.74189 4.3863 1.5159 3.62024 0.897002 1.69484 7.63452 -2.57838 -0.0853315 5.64687 5.52679 3.8744 -9.0942 -4.73563 -0.848786 0.395367 -4.89328 -3.13107 
2.26468 -7.72797 5.64857 -2.41215 12.8697 -3.44909 5.9686 6.0164 -6.48629 0.268532 -4.1512 6.89244 3.80655 8.93051 2.5288 -0.54259 6.32163 15.0437 -5.595 0.466476 9.86195 -4.62248 9.82102 -9.20103 3.80933 5.42799 0.569191 -2.60124 6.02827 -0.650294 -0.622802 0.400516 -0.173023 5.4031 1.93404 4.84869 1.73298 2.05629 7.58603 -1.52772 2.79733 5.80621 6.27536 4.26206 -8.02306 -4.30947 1.24957 -0.346504 -2.46332 -1.40966 
0.590362 -8.3671 4.73748 -3.30943 13.1757 -4.5096 5.72674 5.56607 -7.33936 0.431465 -2.80115 7.59744 2.58992 9.00261 2.79424 -1.05715 7.56374 15.9299 -4.29269 -1.46771 10.9635 -3.70686 10.9947 -9.3248 3.83874 6.54842 2.16432 -2.766 6.68006 -1.13323 -1.39027 0.108448 0.0201809 7.1954 3.29168 4.22678 2.97802 0.901801 6.59341 -2.26158 4.25942 5.11611 7.21458 5.82918 -8.61894 -5.02973 0.833928 -0.569646 -2.4658 -1.33407 
0.754639 -9.07892 4.74281 -2.81068 12.2093 -4.78729 6.89606 5.30193 -6.64422 0.420294 -1.76365 9.78025 2.29409 8.05648 3.61688 -3.34631 8.03103 16.5368 -3.38741 -1.4872 10.8841 -2.54368 12.0353 -7.43907 3.91013 8.091 2.38214 -2.34219 7.43556 -1.66672 -1.2724 0.467537 0.279547 6.25809 3.44306 4.03433 2.33867 1.18763 5.55932 -1.68018 4.59797 6.43841 8.53943 7.07496 -8.66861 -3.75893 -0.911742 0.154511 -1.85258 -1.30452 
1.16338 -7.83195 4.06715 -2.8195 12.0982 -4.39296 7.11782 4.55201 -6.55487 0.912364 0.458707 10.1754 1.84318 7.60084 6.52644 -3.01343 8.05359 15.8286 -1.87722 -1.49026 11.5122 -1.43054 14.1293 -5.98711 4.08072 7.64435 1.45002 -2.40769 6.96191 -0.579392 -0.808784 0.53489 -0.571119 7.17895 1.76891 3.34618 2.4699 0.439178 3.9766 -1.66397 3.53412 6.34525 8.9139 7.01804 -9.4399 -3.76768 -0.053446 2.1395 -0.568338 -2.3563 
-0.0263589 -6.88501 3.85313 -2.48716 10.442 -5.7076 8.62308 2.77647 -6.70492 2.60037 1.21677 8.56273 2.94539 7.56712 5.01595 -1.68024 6.82658 16.8361 -2.8819 -1.20338 11.8156 -1.21581 13.291 -5.12138 5.72734 8.19255 1.14016 -2.73325 6.04859 -1.83728 -2.23917 0.439266 -1.44535 5.63755 2.29493 1.942 3.30079 -0.47491 2.75806 -2.63109 3.48417 5.64731 8.12209 5.9884 -9.33683 -2.78577 -0.600708 1.68201 -1.09849 -3.55346 
0.300277 -8.66076 1.96288 -2.58981 9.41876 -6.85976 9.32183 1.20219 -8.43085 2.74835 -0.401189 7.6433 4.44649 6.54794 3.43493 -2.08155 7.34648 15.0556 -3.94204 -2.57436 10.1582 -0.440853 13.9518 -5.70515 4.81058 6.59469 2.15164 -3.55356 5.31323 -2.64717 -4.11693 -1.79135 -1.04827 5.37404 1.10448 1.23647 3.69152 -0.131897 3.61544 -2.35764 2.75519 5.68211 7.94684 4.90109 -9.5026 -3.69168 -0.43694 1.18475 -1.38447 -5.39135 
1.12112 -10.1152 0.991018 -3.38539 9.18669 -8.80566 6.92964 1.30801 -8.06937 3.11608 0.0823749 6.66555 3.88808 6.85137 5.31066 -2.60468 8.6344 14.7871 -4.09205 -2.55349 11.8314 -0.164557 12.3845 -3.00276 5.11627 4.91552 2.70887 -3.18054 5.66739 -3.36087 -2.37439 -1.79853 -0.222946 5.93853 1.58925 3.18998 2.72688 0.757076 3.96539 -1.3016 2.35232 5.74297 8.80646 5.01769 -9.2696 -3.11673 -1.2099 0.316454 -0.809696 -3.65681 
1.47748 -8.88159 -0.204546 -4.03273 9.84098 -9.54484 6.24892 2.02317 -7.33986 3.77378 -1.33063 6.75523 2.73871 6.71329 5.15338 -1.66837 6.98874 14.8209 -4.19188 -3.27388 12.9172 -1.97726 12.3747 -3.53343 5.28822 3.51246 -0.443257 -3.68884 4.09676 -3.15838 -1.90086 -0.653439 -0.889136 6.47308 2.35175 3.5479 3.2387 -0.748596 4.50131 -0.21424 2.39521 6.06915 8.35225 5.03188 -8.69442 -4.19148 -2.69119 -0.805155 0.306566 -3.75973 
-0.479088 -9.08505 -0.907564 -3.06325 8.6882 -8.52234 6.01823 0.960824 -7.28708 2.27444 -1.69627 6.34822 3.04325 6.77712 4.11398 -1.60117 6.31456 13.4224 -3.17851 -4.83589 12.6209 -2.93894 11.2116 -4.66451 5.27804 3.27232 -0.102533 -3.73327 3.93829 -3.33269 -3.16726 -3.76929 -1.47585 4.75589 2.64989 5.42306 0.851431 -1.6895 5.70363 0.0887785 1.1884 5.8857 7.11065 3.60806 -9.72755 -4.41236 -3.28351 -3.23119 -2.0193 -4.2706 
-0.885148 -9.59972 -2.08992 -3.2468 9.02307 -8.38845 6.40595 -0.0481747 -6.06723 3.0086 -0.998612 7.63916 1.38943 6.31342 2.21428 -0.70702 6.15732 13.6411 -3.97609 -5.26464 13.1897 -3.26284 12.9583 -5.75657 5.31554 3.9912 -0.156105 -3.87651 2.94345 -2.27952 -3.08863 -4.17859 -1.23721 3.10778 2.5342 5.48074 1.88669 -0.865703 7.13747 -0.903645 2.59425 6.87915 6.95881 3.17973 -10.4223 -3.74606 -4.30445 -2.49579 -0.903714 -3.58381 
-1.10785 -9.33836 -2.28843 -3.4332 9.43745 -10.3686 6.19874 -0.190356 -4.64079 3.04911 -1.19512 7.24772 0.147236 7.22824 2.52894 -0.334864 6.5123 13.8043 -4.97205 -3.13102 15.2433 -2.24943 13.4142 -6.39917 5.12784 4.17553 1.03257 -3.60905 3.80681 -1.69513 -1.15065 -4.36067 -1.65019 3.67349 1.5983 5.94537 1.75363 -1.00741 6.55639 -1.6739 1.9768 7.20337 6.16882 3.33066 -9.39561 -1.52382 -4.25924 -1.58267 2.00288 -1.59089 
-1.19606 -7.1849 -2.68977 -3.03803 11.0786 -8.6412 5.40559 0.112082 -4.84189 2.43984 -0.272618 7.67114 -0.0531256 7.02963 3.40486 -0.286633 7.79485 13.369 -5.27331 -2.14859 16.4931 -1.86114 13.364 -6.1246 5.57501 5.46402 0.34293 -5.19319 5.3571 -0.392508 -1.23111 -4.97173 -2.71959 2.74915 1.7167 4.72329 0.894092 0.824081 6.8953 -2.74418 0.729784 5.3376 5.33281 3.87609 -8.83045 -1.19994 -3.35109 -1.3962 2.85259 -1.62117 
-1.40745 -7.80486 -2.59592 -3.17403 8.66265 -7.26019 5.3438 0.856247 -4.21487 1.19017 -0.157928 8.51634 -0.478079 7.22011 4.09315 -0.344183 8.2825 12.3161 -3.65885 -2.66344 15.9956 -0.333098 12.6829 -5.54806 5.75068 5.83102 -0.869983 -4.31307 3.87825 -0.710782 -2.25409 -6.68551 -0.550488 1.88723 3.34537 3.75692 0.571736 -0.471505 6.27 -4.14617 0.586665 6.79805 5.10876 3.57199 -10.2944 -0.918127 -4.09607 -1.96546 1.92537 -0.662238 
-2.74467 -8.61575 -2.32767 -5.15678 8.36583 -6.87136 4.59815 0.990142 -4.99817 1.14578 -1.31402 7.13443 -0.298573 5.51854 3.57074 -1.34182 8.65278 11.6179 -4.84872 -3.29844 14.3796 -0.940735 10.5858 -5.00949 3.8405 4.71297 -1.11939 -5.31285 1.43284 1.22283 -2.7254 -8.65057 -1.83771 1.78462 3.1325 3.00533 0.898845 -2.81321 7.56171 -4.57999 -0.719364 5.60509 4.27626 4.3184 -11.1028 -1.44021 -5.26708 -2.12217 2.96744 1.90536 
-3.48449 -7.99101 -2.62878 -4.48424 7.56155 -6.92067 4.055 0.965417 -4.42703 -1.45878 -2.64822 6.71973 0.234786 4.27722 3.34766 -1.35994 8.05752 11.2879 -4.86997 -3.63618 14.4785 -1.57804 10.0612 -4.44413 2.23496 6.00911 1.07708 -5.33165 2.48666 1.64294 -2.99792 -8.91812 -2.4595 0.805079 2.58929 1.29984 -0.385236 -2.49886 7.86957 -6.65588 -0.877464 4.53306 4.01182 4.5354 -11.3761 -2.54338 -5.41784 -1.68223 1.72503 2.07628 
-3.66123 -8.30009 -2.39637 -6.76274 6.66798 -7.1922 4.46207 -0.260559 -5.6609 -2.11635 -3.0582 6.37495 0.593005 4.07481 2.79427 -2.72775 8.02351 10.3915 -4.794 -4.22675 13.5892 -2.13059 9.78291 -5.26343 1.49649 5.37593 -0.899998 -3.1566 2.5982 0.266902 -4.10662 -9.18578 -2.80516 0.303499 1.94053 0.523932 -0.846072 -3.86869 7.26456 -6.07873 -0.867877 4.10759 2.88199 3.81607 -11.0918 -1.51843 -6.54248 -1.64998 1.65189 2.05351 
-4.19358 -7.01097 -2.8258 -6.23585 5.42293 -8.15772 3.81333 -1.15857 -4.92765 -3.28362 -2.88302 5.73428 0.100753 4.3582 2.49687 -2.29401 7.10687 9.54067 -4.82948 -5.98417 13.5501 -3.68727 10.3513 -5.23349 1.39407 6.26527 -1.24316 -1.5876 2.52795 1.99707 -5.18722 -10.0031 -1.97826 -0.425518 1.663 1.00657 -0.768155 -4.39387 5.9356 -5.20562 -1.97035 4.35461 2.75704 2.55979 -9.8864 -0.832018 -5.60596 -0.941354 3.58326 1.51888 
-2.57232 -7.05015 -4.81283 -5.95205 5.65985 -8.18566 4.18255 -1.79064 -4.90816 -2.83474 -3.30946 4.52503 -1.55102 5.54655 2.13988 -0.941788 6.56582 10.9365 -5.12758 -6.25548 13.4975 -4.23411 9.67452 -6.55069 2.06306 6.27414 -0.735539 -0.588417 2.7658 3.33212 -6.62116 -10.4193 -1.93761 1.72556 2.71558 1.22553 -0.481218 -2.79598 5.28102 -6.3532 -4.08156 4.80367 2.56894 2.93311 -9.09751 -0.265093 -5.75499 -0.820623 3.8013 0.367322 
-2.57472 -5.79537 -5.62627 -4.9083 6.30387 -9.35017 5.10214 -1.24405 -5.42342 -3.02563 -3.91285 4.86974 -3.09181 6.42043 5.22363 -1.52106 5.45058 11.8142 -5.54868 -7.07293 12.9541 -4.63188 9.67737 -7.30492 2.35644 4.57289 0.667464 0.469427 3.36557 3.93885 -7.74605 -9.78487 -1.56461 0.087696 2.63515 0.570784 -1.21164 -5.4034 3.98188 -7.37072 -6.17194 3.70813 2.44378 2.48778 -9.1191 0.115946 -7.15538 -1.86859 3.74278 2.01298 
