0 0 0 0 0 0 0 0 0 0 0 0 0 0 0 0 0 0 0 0 
0.0543646 -0.352173 -0.253837 -0.113376 -0.387023 0.316276 0.381575 0.541819 -0.239805 -0.124223 -1.01204 -1.45635 -0.0028395 0.380704 -0.936058 0.956643 1.44626 0.555047 0.126267 -0.641915 
-1.21537 -0.317359 -1.30444 -0.84094 -1.66701 -1.65776 -0.402783 -0.0547616 -1.40228 -0.958734 -3.12155 -1.68102 -0.84438 -0.470415 -1.80646 0.247229 -0.687966 0.328402 -1.5133 -2.09632 
-3.27816 -0.64798 -2.03843 -0.640424 -2.8064 -3.43214 -1.82294 -1.27 -3.22228 -1.31028 -4.35923 -2.31978 -1.10306 -2.67385 -3.89041 -2.3328 -2.4824 0.143639 -2.5151 -1.60563 
-2.43658 -0.4481 -2.25442 -1.38054 -1.27154 -2.98887 -0.992358 -0.885818 -3.06697 0.299103 -3.14039 -2.02809 -2.01024 -2.7176 -4.18619 -1.29957 -2.00719 1.01598 -3.57912 -1.82783 
-2.15424 -0.160967 -2.60341 -2.69795 -1.56287 -3.16971 -0.436462 -1.27429 -4.3488 0.739227 -3.19868 -3.48115 -2.76915 -2.87159 -5.20857 -2.38754 -1.92838 0.906847 -4.06006 -2.33417 
-2.18666 -0.349019 -2.64055 -3.73136 -3.13206 -2.55512 -0.400087 -1.6855 -2.84963 -0.185932 -2.84174 -3.29964 -3.6146 -3.04608 -6.03571 -2.8033 -1.88673 1.4039 -2.93841 -1.6134 
-2.22178 -2.11119 -2.37252 -4.52171 -3.30112 -3.27825 -0.0219132 -1.99972 -1.81448 0.208001 -3.19991 -4.76511 -3.96455 -2.03643 -5.59138 -2.25473 -1.1049 1.84054 -2.49204 -1.42951 
-3.00732 -3.82666 -2.88672 -4.67071 -4.32018 -3.10168 0.186099 -2.17523 -2.24655 -0.00164875 -2.70289 -4.35038 -6.50153 -1.90421 -6.67037 -1.83191 -1.17428 1.82406 -3.23242 -0.494414 
-4.06025 -4.28211 -2.94127 -3.69487 -4.05545 -3.78339 -0.566805 -2.00648 -4.04551 -1.18511 -3.81309 -3.90778 -4.87588 -3.05977 -8.66633 -3.28437 -2.5676 1.15788 -4.67092 -0.634603 
-4.54245 -5.37255 -2.65618 -4.29988 -5.65465 -3.89577 -0.987122 -2.18748 -4.78957 -1.62777 -3.67412 -4.58774 -4.92712 -3.07431 -7.88469 -3.042 -2.44647 1.0295 -5.65335 -1.81361 
-3.45506 -4.94084 -2.63046 -4.25768 -5.8754 -2.57001 0.341443 -1.7597 -5.03386 -1.4899 -3.13564 -3.73708 -4.85723 -4.03342 -6.58075 -2.95386 -3.39274 1.22135 -5.38151 -1.85873 
-3.76914 -6.22078 -4.54671 -3.69661 -5.35529 -1.50278 -1.31403 -2.18166 -6.07138 -1.66378 -2.65848 -2.88031 -5.00712 -3.77708 -6.87272 -3.7277 -3.16912 1.95188 -5.82096 -2.91882 
-3.62467 -5.73325 -3.83686 -2.22697 -6.00557 -1.71156 -1.04687 -1.22388 -6.49925 -1.50972 -2.22798 -1.15638 -5.76115 -3.03066 -7.38223 -2.12844 -2.3173 2.69249 -4.48827 -0.861361 
-4.31087 -4.73806 -2.86818 -1.76247 -6.22617 -1.84602 -1.02561 -1.02742 -6.35264 -2.3329 -2.11916 -2.57075 -5.65536 -2.70406 -7.72981 -2.95473 -3.31634 3.38872 -3.91549 -0.414204 
-4.40461 -5.56465 -4.60222 -1.79362 -6.6898 -4.14306 -1.02458 -1.64682 -7.0384 -2.92713 -2.42049 -2.13033 -6.52418 -3.8298 -8.73303 -3.52336 -4.14007 2.8022 -4.06816 -0.769139 
-4.5184 -4.6222 -3.27057 -0.00192827 -5.29818 -3.21559 1.59879 -0.979828 -6.35072 -2.29131 -0.672071 -1.81673 -5.67041 -2.32945 -7.3157 -2.5152 -3.66306 2.81024 -3.63629 0.765267 
-4.69278 -4.47823 -3.5767 -0.51419 -4.7255 -3.39041 1.82298 -1.98434 -5.89208 -1.26218 -0.359984 -1.41048 -4.31849 -2.62975 -6.67565 -0.921101 -6.07947 3.34938 -3.21432 -0.224112 
-4.23451 -4.6872 -4.22746 -0.544663 -3.37807 -3.75413 1.71584 -0.778829 -7.05614 -1.81761 -1.6974 -2.51802 -3.77777 -2.08783 -6.16543 -1.33826 -5.21263 3.12721 -2.46047 1.20303 
-4.15908 -2.95461 -4.76935 -0.0729125 -3.08984 -5.69679 3.36969 -1.68174 -7.34543 -1.87046 -1.03306 -2.63029 -1.93492 -0.69985 -7.30708 0.612533 -5.09028 3.69715 -1.88514 1.89702 
-3.44786 -3.3592 -4.20764 -0.370857 -2.93547 -6.2762 1.73682 -1.49224 -6.23987 -1.29173 -0.180097 -3.28827 -2.68538 -1.06226 -7.06336 -0.85715 -5.26099 4.30007 -1.80465 2.86627 
-1.83714 -3.59569 -4.29812 -1.02114 -3.97158 -6.49922 1.66737 -1.26014 -7.7379 0.257792 0.410792 -2.80491 -3.43976 -1.95718 -6.07077 -1.67636 -5.17448 3.25167 -1.27146 1.95608 
-2.79605 -3.74162 -4.50589 -1.90022 -4.4803 -6.83278 0.538491 -0.883741 -9.64746 -1.03492 -1.00305 -4.24927 -2.21605 -3.78921 -7.9423 -3.13393 -5.8718 2.94521 -1.99253 0.805345 
-2.79462 -3.66501 -3.58035 -3.13091 -5.17234 -6.68727 -0.653321 -1.55349 -8.77064 -0.472971 -1.28661 -4.04298 -3.0284 -2.74734 -7.94296 -3.12753 -7.60621 1.91604 -1.13101 1.09141 
-1.29244 -2.39656 -3.63068 -2.07822 -5.43304 -6.82191 -0.864386 -1.85837 -9.47996 -0.519987 -1.40671 -3.21918 -2.915 -2.81744 -8.10389 -4.36763 -7.45464 1.47461 -1.86006 -0.0712521 
-1.84903 -2.08684 -3.989 -0.520206 -6.09123 -6.19168 -1.17433 -2.43593 -9.04546 -2.25104 -0.833693 -3.54238 -1.78266 -2.04475 -8.31846 -5.65768 -6.8959 1.20266 -1.37148 0.085575 
-1.0538 -1.68016 -4.89755 -1.41541 -5.82468 -5.22205 -0.333234 -2.36443 -9.61271 -2.78825 -0.0904874 -3.88584 -1.53357 -2.49008 -7.98183 -6.28749 -6.66299 1.19179 -3.01525 0.637854 
-0.737053 -1.64758 -5.8823 -1.81792 -5.41505 -4.8377 -0.372812 -3.44691 -11.2529 -1.70823 -0.818858 -4.91514 -1.80065 -3.43617 -7.56024 -5.64004 -7.92526 1.09579 -4.18485 1.05901 
-1.68069 -2.29025 -5.95587 -1.74149 -7.5656 -5.43933 -1.24642 -4.5681 -11.8039 -2.47337 -0.911927 -5.9856 -2.67193 -3.50736 -7.16627 -5.96239 -7.50432 1.03669 -4.83585 0.767111 
-2.2055 -3.18744 -7.42829 -1.48747 -7.14372 -5.96569 -1.36608 -4.36998 -12.195 -2.02907 -1.11731 -6.15366 -2.19392 -4.98459 -7.67428 -6.48937 -8.64992 0.487372 -5.72228 0.589873 
-1.28889 -1.84289 -7.88259 -1.83231 -7.2557 -5.36127 -0.302794 -2.85364 -12.0762 -2.39392 -0.541635 -6.37105 -2.75337 -3.87008 -7.24625 -6.52623 -7.64401 0.85831 -4.52239 1.30958 
-1.18825 -3.32298 -7.90542 -2.3633 -7.24688 -5.49295 -0.652295 -2.67399 -12.2223 -3.41048 -0.774527 -6.33795 -2.35676 -3.28431 -6.23366 -4.16502 -6.4825 0.214821 -4.58603 0.791465 
-2.58409 -4.25523 -9.71648 -2.72903 -8.67046 -7.35988 -1.24275 -4.9034 -13.5898 -3.65867 -0.56795 -8.09044 -3.39186 -4.59341 -6.4604 -4.73048 -8.43234 -0.808789 -6.39224 -0.395402 
-1.89969 -3.99816 -8.23546 -2.12774 -9.6735 -6.69493 -0.916791 -4.39187 -13.8901 -3.48866 -0.34778 -6.38707 -3.89744 -3.96853 -6.71153 -4.37495 -7.0884 -0.74948 -4.52926 0.00112777 
-0.600342 -4.62483 -7.88584 -1.72472 -8.12236 -6.30177 0.111396 -4.62963 -13.1033 -3.37587 0.217038 -4.6148 -2.66647 -3.63786 -5.56289 -3.49804 -7.36693 0.870008 -2.92354 1.67499 
-1.31165 -3.14981 -8.09116 0.273149 -7.27058 -6.36636 -0.667902 -3.92202 -11.9907 -2.68104 0.0885703 -4.34532 -2.56993 -2.68232 -5.83197 -3.37641 -8.92724 0.0201943 -3.15065 2.63782 
-1.79653 -2.97214 -7.3484 0.0610302 -7.12173 -5.10709 0.299948 -3.72679 -12.2948 -2.67104 1.02244 -5.22579 -0.600974 -2.15497 -4.90806 -1.92741 -8.5351 -0.0723019 -1.327 3.16755 
-1.31311 -2.57221 -7.8757 0.0158503 -6.34469 -4.95024 0.634499 -3.10386 -11.2487 -2.09516 3.17671 -4.35555 -1.44398 -2.14508 -4.98408 -1.78745 -6.31293 -0.713399 -0.811046 2.99099 
-0.0554294 -2.38066 -7.806 -0.0340359 -6.47439 -2.75994 1.69821 -2.70913 -10.467 -1.0891 4.32566 -3.10609 0.350126 -1.91438 -3.96502 -0.247393 -3.99662 -0.255133 -0.846603 3.05902 
0.435174 -3.21001 -8.17892 -0.440766 -6.39305 -2.06751 1.1023 -1.94858 -10.4349 -1.92163 3.89889 -2.22522 0.690533 -0.853053 -3.43453 -0.83131 -3.8755 -0.651874 0.700748 3.30812 
-0.826324 -3.06395 -7.96844 -2.24257 -7.67788 -3.37878 0.074153 -0.401207 -10.9775 -1.73433 3.27573 -2.77502 -0.853883 -1.13108 -6.87803 -0.81977 -4.36777 -1.52165 1.46736 3.4329 
-0.448903 -2.76825 -8.82457 -3.40363 -8.05592 -4.16897 0.0902621 -0.388495 -10.6785 -1.9489 2.68734 -3.41285 -1.57198 -1.95564 -7.69418 -1.92539 -4.16618 -1.13355 0.331753 3.16634 
1.20561 -1.91993 -7.55208 -1.92181 -6.35461 -2.66974 1.39511 0.0404549 -9.72515 -0.0902167 2.38875 -2.22853 0.513786 0.319253 -7.36291 -0.566866 -2.74237 0.716979 0.216915 4.97058 
2.37437 -0.46553 -5.82102 0.944761 -5.53304 -0.498149 1.59556 2.28611 -10.0881 1.05925 2.48827 -0.85827 2.62486 1.59283 -5.81215 1.29847 -2.40099 2.91678 2.28992 7.87247 
1.87328 -0.498216 -5.57895 -1.38268 -6.93946 -1.30992 -0.688532 0.327164 -10.4112 0.646141 2.48945 -1.85097 1.98378 0.696493 -7.9067 0.308061 -3.96736 2.87286 0.0603902 6.73277 
0.227245 -0.965612 -6.85718 -2.53014 -7.91972 -1.90759 -1.44223 -0.665893 -11.7019 -0.937033 2.1099 -1.6487 1.44691 0.40348 -8.49959 -0.15208 -5.40307 1.86071 0.447126 5.16445 
-0.208048 -0.858765 -7.20419 -2.75722 -8.49814 -2.28256 -2.54346 -1.57467 -11.8561 -2.93397 2.03575 -2.12898 -0.280167 -0.57845 -8.86613 0.888263 -6.0774 0.445945 -0.0147644 5.06278 
-1.09277 -0.966419 -7.4863 -4.10669 -8.77846 -2.77526 -3.7776 -1.80429 -13.2057 -3.51206 0.786774 -0.712144 0.473142 -1.32405 -9.63919 0.639172 -7.04049 -0.216756 -0.163577 5.12061 
-1.32676 -1.81911 -9.20571 -4.77628 -9.5135 -2.75262 -5.99659 -1.78726 -12.925 -3.69184 0.210467 -0.935896 0.641197 -2.8208 -10.4113 0.202976 -8.01918 -1.26438 -0.689124 4.94718 
-0.0646753 -1.69953 -8.219 -3.94863 -9.04842 -2.36576 -4.8249 -2.74135 -11.7357 -4.43356 0.445016 0.100494 0.609409 -3.31808 -10.4204 0.519627 -6.84406 -0.979975 -1.83472 5.28321 
-0.345834 -0.767849 -7.3166 -4.08214 -7.82206 -1.41119 -3.89341 -1.93196 -10.8699 -2.56753 0.177136 1.41364 2.46252 -2.59107 -10.5656 1.4806 -4.78242 -1.53688 -0.569168 8.18883 
