0 0 0 0 0 
2.0416 0.903587 0.870313 -0.348161 0.890893 
2.32458 0.160843 0.823243 0.866203 0.323808 
2.79065 1.55308 2.94414 1.50148 0.231257 
3.35727 2.15531 3.66203 1.17841 0.150055 
3.30862 3.61063 4.88292 0.898489 -0.0327041 
2.84588 1.89222 4.7035 3.17898 0.85744 
3.96071 1.4583 3.80112 2.28284 0.382812 
4.48724 2.15349 2.48356 3.85202 1.84892 
5.60776 4.50372 2.59373 3.25683 0.811774 
4.9382 2.49897 3.93177 1.84763 1.68901 
3.98488 2.08642 3.10932 1.30894 3.06896 
4.31615 4.08794 0.600006 -0.184417 4.0307 
4.80339 5.89671 1.66965 -1.19387 2.23148 
6.58925 5.15464 0.34125 0.681811 1.51807 
7.48124 3.83844 -1.9179 -0.109102 2.13111 
8.58688 4.43437 -2.62946 1.31735 2.59402 
7.60875 5.24465 -3.038 1.74209 0.999428 
7.45271 4.47907 -1.07225 1.48518 0.512695 
7.5152 6.06728 -0.999468 2.22325 1.70187 
6.736 7.26833 -0.639281 2.40006 2.32683 
7.24419 8.06015 -0.666775 2.34525 2.58104 
7.03542 7.10838 -0.31662 4.04218 2.77848 
7.16933 7.18937 0.265977 2.6662 2.55883 
8.31452 6.13784 0.0808163 4.30441 2.03634 
8.00091 6.09429 -0.216511 4.25304 2.04244 
8.573 6.34202 0.563362 4.79814 4.85558 
8.8652 6.16784 0.314926 4.96125 4.96718 
11.524 5.34529 0.666659 5.26625 5.82656 
10.9543 3.6971 0.0576208 5.57175 5.52115 
10.5663 3.17402 -0.383384 6.56742 5.89669 
10.686 1.58918 0.583168 6.84601 6.09727 
13.3588 0.43865 0.685792 6.79767 5.0685 
14.6933 -0.246213 0.424037 6.92341 3.66506 
13.694 0.112062 -0.340578 5.87582 2.1449 
13.2824 1.0774 0.800584 6.40507 2.56152 
14.2793 0.950524 0.744062 6.56399 2.00282 
15.0848 0.010526 0.288788 4.94892 -0.203564 
15.1757 -0.54724 1.23188 6.05362 -0.659389 
15.8991 0.190808 0.60619 7.38594 -0.0100255 
16.761 2.44567 0.418601 8.76716 -2.13807 
16.2014 2.53398 0.838349 8.09096 -4.19243 
15.2018 1.19292 -0.987382 9.15574 -4.38569 
13.9087 -0.133321 -0.375418 8.5233 -5.9046 
13.8049 -1.22981 1.6075 9.18187 -4.58853 
13.4941 -2.34452 2.68022 8.32122 -4.67137 
13.0559 -2.11383 4.0866 8.85353 -4.41325 
13.2968 -2.23367 4.55891 10.8827 -3.72701 
15.563 -2.38201 4.41163 10.3722 -1.71198 
14.7513 -2.3933 4.09119 10.1075 -2.90896 
14.753 -2.87274 2.30267 9.51019 -2.87067 
