0 0 0 0 0 0 0 0 0 0 0 0 0 0 0 0 0 0 0 0 0 0 0 0 0 0 0 0 0 0 0 0 0 0 0 0 0 0 0 0 0 0 0 0 0 0 0 0 0 0 
-0.438849 -1.50223 1.55973 1.37112 -0.410159 -0.569442 -0.00966586 -1.50698 1.39286 -0.555738 1.42853 -0.377366 0.246377 1.83756 0.859859 -1.18558 -1.15038 2.08998 1.03816 0.932652 0.673973 -0.988053 -0.654693 0.437745 0.660164 1.47038 0.176081 1.67758 0.200593 1.32862 -0.830657 1.00892 -0.621222 0.530387 -0.154474 0.443214 -0.266887 0.872016 0.358831 0.00141762 -0.072789 0.961547 2.02766 1.02715 -0.800044 0.553677 -0.621238 -0.479832 0.381812 0.54834 
1.79129 -1.48416 -0.0355377 0.666373 -0.27883 -0.569096 0.202919 -1.35284 2.05736 -2.00433 1.48704 -2.21878 0.322293 0.365931 0.521224 -1.49324 2.46138 2.40905 0.340302 0.0294547 0.305155 1.19964 -0.626784 0.135423 0.901395 0.0354088 -0.447148 2.944 2.52888 1.56624 -0.588132 2.17899 -0.525756 0.844207 0.71837 2.34503 -0.1783 0.896274 2.79009 -1.355 -0.649085 2.62378 2.28877 0.260098 -0.196584 0.953214 -0.335929 0.385448 0.177024 -0.365878 
0.883302 0.729074 1.70988 0.0942039 -0.408012 -2.37467 0.0808073 0.374797 2.94321 -1.90281 2.37273 -2.66082 1.3535 -1.05652 0.989766 0.560515 3.568 2.31938 2.02869 -1.05758 1.43903 -1.12018 1.68893 0.629488 1.66759 -0.0400062 0.764801 1.55995 2.93205 0.00647386 -0.11583 2.36883 -0.685646 1.79776 0.960948 4.01567 -1.34487 1.32981 2.39065 -1.15431 -0.110085 3.63557 3.81125 0.879017 2.38223 1.80484 0.359645 -0.383516 2.01137 0.393301 
1.15926 0.496571 2.89593 0.409876 0.373168 -1.59033 2.10904 -0.759991 2.50589 -3.16809 1.80764 -2.85855 1.60839 -0.980094 1.89046 1.3474 3.5023 1.49878 3.57861 -0.0478156 1.30844 0.230883 1.35403 -0.330444 1.04357 0.904458 -0.142002 0.721787 3.39948 1.19942 -0.774419 3.67599 0.0231059 3.95325 1.14928 3.11578 -0.479904 0.491526 3.31003 0.069144 0.0448476 3.06375 3.09847 1.30558 3.50562 1.48483 0.403068 -1.24098 2.3459 0.87086 
4.03504 -0.960401 3.98967 -0.575102 0.822193 0.0249845 1.73638 0.524264 1.93054 -4.47311 -2.21141 -1.85617 1.94022 -2.0583 3.33611 1.51701 3.42765 2.92467 3.47827 -0.0725002 -0.309436 -0.905114 0.857958 -1.1347 1.64925 0.361935 -0.154551 1.10553 2.88875 1.28572 -1.71868 3.29025 0.106944 5.82666 3.44853 4.28009 0.672965 -0.249749 3.91871 -1.86144 0.439486 3.70923 3.72081 -0.372222 3.05895 2.01805 -1.92477 0.331486 1.53802 -0.135232 
4.90099 -1.8102 4.68232 0.0256148 1.07979 -0.676547 0.425291 0.829488 1.03391 -4.15434 -1.93475 -1.72664 0.861924 -0.261395 2.62851 0.74867 2.91457 4.55313 3.79419 -1.09182 -0.534878 -0.816094 2.1271 0.104975 2.80963 0.423941 0.512218 0.754492 2.96012 1.54015 -0.209706 1.47294 0.016111 3.90363 2.88913 5.55223 -0.747094 0.558623 4.26245 -1.21881 1.081 5.5121 4.20621 0.673346 1.63834 1.41352 -1.49232 -0.771408 1.03496 -0.786752 
4.09596 -1.06942 4.97165 -0.801952 0.577541 0.506707 0.845106 2.1323 1.79495 -4.58771 -0.970649 -1.31005 0.621407 -0.626483 2.44081 0.882322 3.1447 3.35272 3.05003 -0.204567 1.4857 -3.54648 0.0241327 -1.69186 3.8173 0.699334 0.709485 1.44663 2.73765 1.25521 -0.865942 1.80446 0.597072 2.67372 3.18203 6.81175 -0.688346 1.96342 1.53938 -1.56754 1.99619 4.27164 4.85725 0.385117 0.909566 0.532876 -1.34798 0.0865172 -0.532346 -0.046243 
4.21696 -1.07267 5.70248 -2.11911 1.04551 -1.36651 0.056122 1.88532 -0.306843 -3.52884 -0.775517 -0.919123 0.135358 -0.0980935 0.610229 0.405573 4.38516 2.9485 1.89872 -1.49837 0.910293 -2.35412 -1.98562 -3.40244 2.96799 1.21691 1.39207 0.698475 3.74266 0.339064 -0.463165 2.33745 1.06894 2.12408 2.42948 5.4067 -1.69218 2.3102 1.56604 -0.761498 2.42046 3.70681 3.23356 1.61052 -0.326368 1.67301 -1.26428 -0.359062 -0.464117 -0.425635 
4.64638 -2.75387 5.63348 -2.7229 3.34372 -2.74186 0.29219 2.99442 -1.85231 -3.88531 -2.18052 0.209448 1.07161 0.573369 -0.450575 0.984139 3.01131 1.7034 0.399387 -0.800655 3.38761 -1.03471 -2.17991 -4.15323 3.09309 1.07932 1.80276 0.433831 4.10079 0.5896 -0.318753 3.0116 0.869494 2.78998 4.63227 4.76168 -1.18167 2.72768 3.14354 -2.16192 0.833614 4.17409 5.66267 1.99728 0.615919 0.908192 0.209547 -0.591337 -1.58594 -0.91965 
3.59021 -2.78337 5.30796 -1.77214 2.99726 -5.2397 0.209771 3.12384 -0.521474 -3.41922 -3.09572 -0.615758 0.516149 1.66881 -0.968311 0.309718 3.66845 1.09413 -0.589694 -3.27795 5.06449 -1.35026 -2.48076 -3.32903 3.8305 2.16268 1.54856 -1.11036 4.48705 0.466166 -0.242296 3.33609 0.0688425 2.28011 3.33865 5.73146 -1.46698 3.18851 3.48774 -2.96006 0.0236554 5.52054 6.68501 2.71105 0.143179 2.10354 -0.304478 -0.615701 0.334349 -0.760114 
6.16924 -4.90672 5.42621 -4.00023 2.17276 -6.62468 0.900047 2.44896 -1.33649 -4.97113 -4.1295 -0.233561 0.695217 0.79137 0.729296 2.38747 2.70374 2.50629 -1.68955 -3.7021 5.41165 -2.67924 -4.32563 -4.83813 3.15099 2.23622 1.28121 -0.507708 3.36998 -0.246503 -0.284859 3.91054 1.58064 1.47615 2.11534 4.97693 -0.889393 3.87426 1.93901 -3.57821 0.107023 5.61513 6.24275 0.168984 -0.596638 0.940037 -0.480655 0.0725603 0.0303294 -2.17095 
6.02174 -5.19622 5.45465 -3.33391 3.62342 -6.17097 0.690103 2.12325 0.925253 -3.99422 -3.66985 -2.28186 0.427721 0.851261 3.25105 1.7567 2.35589 2.79875 -2.64363 -4.43091 3.99151 -3.22211 -4.43465 -4.71743 2.88741 1.61547 1.5036 -0.544863 2.0676 -0.957233 0.772945 2.89572 1.5517 -0.416481 3.45407 3.73554 0.271594 4.01726 2.41214 -4.34729 0.963142 5.76056 4.68865 1.12886 1.59031 0.405961 -0.635973 0.0557 -0.33281 -1.52973 
5.64133 -5.5127 5.87524 -3.10966 1.94974 -6.23659 1.98359 2.7575 1.27679 -3.03104 -4.12262 -2.78685 1.30989 0.539431 1.51562 0.153343 2.61332 4.52126 -2.1974 -5.089 4.84128 -4.19588 -4.53174 -5.07656 3.40596 0.830174 1.79309 0.615617 4.45302 -2.11984 0.665972 3.11687 0.752045 0.0944805 1.60924 4.53675 -0.27788 3.53742 2.10298 -4.79993 -0.812811 6.23624 3.87184 1.53408 0.995927 -0.48774 -0.837046 0.892181 -0.440089 -2.86449 
4.98861 -4.23304 4.68687 -1.59126 4.23144 -5.29275 1.0296 3.06413 0.037091 -2.17311 -2.85588 -2.51662 1.79756 1.43776 0.853187 -0.382797 3.4028 4.92509 -1.47303 -6.2441 5.7703 -4.97925 -4.6543 -6.21296 3.93446 -0.667001 2.90999 -0.406757 3.08719 -2.15328 1.2228 3.64811 1.23605 1.65723 1.91974 6.09304 0.221666 3.5785 0.973395 -4.35592 -0.687883 6.79949 4.7396 -0.0149558 0.26923 1.01449 -0.260091 1.29322 -2.61001 -3.54816 
4.81673 -4.65235 3.54667 -0.934485 6.24405 -4.01167 0.216242 2.89514 0.0166313 -0.52113 -2.85188 -1.76306 1.33024 1.33944 0.689517 0.0135495 3.69343 7.10771 -1.62396 -5.51197 6.84628 -4.95795 -3.55334 -5.86111 4.20046 0.117172 3.62394 -2.55781 3.48792 -1.77497 1.56349 2.04952 1.08773 2.35258 1.90548 4.96707 -0.950472 3.0715 0.0848003 -3.8488 -0.924221 6.04698 5.65327 0.366103 -1.46945 -0.62004 -0.131461 0.826318 -0.781008 -2.702 
4.99058 -5.17366 3.2167 -2.97265 6.50681 -4.09072 2.14149 3.5201 -0.328328 -1.09514 -3.70573 -0.198773 1.41021 3.17239 1.37833 -0.0358258 4.83324 5.11755 -1.48688 -4.89405 6.76008 -6.03054 -1.66203 -5.42273 2.64262 1.25239 3.82592 -4.2148 2.10146 -1.80186 0.865122 2.55887 1.98659 3.49802 1.92427 6.01398 -0.501846 2.75767 1.46159 -3.27378 -1.69922 6.01814 8.16523 0.721005 -2.73857 -2.06504 0.458785 0.518121 0.0797464 -0.6727 
3.46789 -6.56968 5.13211 -3.27866 8.04718 -4.32487 1.71021 3.22273 0.812957 -1.20045 -4.06002 0.294102 1.20518 3.66348 1.09915 0.0500884 4.90459 7.27475 -2.66953 -4.90899 7.16623 -6.47603 -1.30541 -5.8276 2.05935 1.0946 2.57431 -4.25124 3.59991 -3.30747 0.64187 3.09647 2.07686 4.54141 0.973039 4.39762 -1.55348 4.23034 2.71476 -1.39891 -0.864218 5.54258 8.39099 1.82588 -3.28154 -2.68463 1.6739 0.242882 -0.234756 -1.50102 
3.82716 -5.44239 3.29637 -2.84933 7.19122 -5.10473 1.08097 4.75927 1.01564 -0.906704 -3.69105 1.07835 1.95877 3.72697 -0.048083 0.299227 4.68283 5.37947 -3.63223 -4.47499 6.57601 -5.79594 0.623299 -5.6565 1.09908 2.04674 0.972957 -5.38716 2.5789 -3.4946 -1.00283 3.15356 1.20277 4.70748 2.26093 4.22838 -0.887502 5.49549 3.47699 -1.28409 -1.0388 4.44238 9.08754 2.94415 -4.07236 -5.10276 1.84678 1.94706 -1.07343 -0.909894 
3.48954 -5.15114 2.18582 -2.34459 8.50873 -4.27681 3.43032 4.21601 -0.642392 -0.467389 -4.18059 1.92905 0.785971 2.57121 1.13036 -0.393955 5.96035 5.19596 -3.39017 -3.836 5.54614 -6.00891 1.34945 -6.72659 0.598977 3.06245 0.773596 -3.59124 3.80891 -3.53218 -1.31166 0.658394 1.75514 2.68938 2.53918 5.94039 0.124738 5.16392 5.08302 -0.0845687 -0.52312 4.98508 10.5203 4.8547 -6.22744 -5.35255 1.24539 1.55608 -0.681369 -1.76422 
2.95676 -5.29824 3.01468 -1.95296 8.04833 -4.38702 2.50921 4.53741 -1.97333 -1.79313 -3.39446 2.83714 2.76986 0.831421 1.70193 -0.601443 6.50736 5.91214 -3.6756 -3.66697 5.71662 -4.63148 2.63634 -6.43946 1.01016 4.83196 -0.225466 -3.1809 3.4747 -4.87819 -0.0421008 1.02712 1.25284 2.74881 3.79672 7.09664 0.62952 3.96372 4.93562 -2.21464 -2.14924 2.892 10.6606 4.33924 -6.07177 -4.84806 0.614381 1.33312 0.113931 -2.82413 
2.94645 -5.94394 3.31665 -2.82695 6.9949 -4.1685 3.41811 2.52402 -3.32138 -0.76846 -2.23065 2.94981 2.36257 3.15068 1.08002 -0.256652 5.44348 7.08852 -3.84404 -3.8269 5.5568 -3.31429 3.77214 -7.98937 2.44864 4.50974 -0.317536 -4.24312 4.48261 -6.67632 -0.223234 0.83926 1.28488 3.08422 2.20293 7.51698 0.940375 3.68544 1.81084 -1.71112 -2.25153 2.2553 12.4123 5.32186 -7.25103 -5.43098 -0.0269634 2.77713 -0.222934 -2.37089 
2.22993 -5.66592 5.27428 -3.09283 6.03217 -3.36182 2.64028 2.82752 -3.30065 -1.18999 -2.70204 3.695 1.63879 3.85884 2.28304 -2.88671 6.44685 5.99797 -3.2025 -4.28656 6.49245 -1.79181 4.44311 -8.70606 2.64381 4.73014 0.278517 -2.87885 3.91652 -6.21674 -0.524493 1.02567 1.19606 4.38545 1.96704 7.0799 2.0963 3.10359 1.65097 -3.07182 -0.849776 2.25756 10.3215 6.09719 -7.05732 -3.60474 -1.10969 1.43543 -1.94679 -2.78169 
2.36513 -6.09697 3.74564 -3.18537 6.80893 -5.47355 3.21425 3.42256 -2.09916 -2.57135 -2.21546 2.3722 0.12463 3.80887 5.632 -2.73191 6.9212 7.20907 -2.50495 -3.31724 9.70574 -2.02215 5.58292 -9.22992 4.50819 4.01757 1.05241 -2.97836 3.01246 -6.20017 -0.550967 0.38441 1.34092 3.43717 3.85984 7.05107 2.11393 4.34199 2.08318 -4.24204 -1.06793 2.0284 9.08467 5.32892 -8.65196 -3.63417 -1.14371 1.65833 -2.22776 -2.7637 
3.59753 -7.47361 3.5938 -3.11281 6.6529 -5.62837 4.03757 3.93447 -3.10203 -4.37099 -1.83569 2.30537 0.00389778 3.73123 4.91111 -0.89375 6.55661 8.97503 -3.93446 -2.25311 9.39982 -1.80992 5.04046 -8.74622 5.98133 5.46154 1.73525 -3.69846 2.6019 -6.20828 -0.601698 0.325887 -1.0956 3.29708 3.07893 6.23441 1.29634 4.27777 2.07411 -5.07055 -0.360043 2.08373 7.81921 4.43 -8.39484 -5.91045 0.126817 3.40369 -1.56301 -2.52637 
1.89653 -8.28069 4.23746 -4.18749 7.68264 -4.67919 4.9614 3.72671 -4.84283 -4.12821 -3.4087 2.87078 1.31601 3.83447 4.95002 -0.669596 7.7359 9.45909 -3.89834 -2.10979 8.85589 -1.9294 7.30173 -9.10857 5.64935 6.03081 0.103722 -3.34444 2.16541 -5.85231 -2.05274 0.202013 -1.33199 4.01258 4.26533 4.7157 2.26944 3.83532 3.10242 -4.30012 -0.648261 3.45408 7.99301 4.9683 -7.62474 -7.2285 1.35608 1.01223 -3.34102 -2.35503 
0.89731 -9.60048 3.95329 -3.2582 8.57878 -3.78496 3.91963 4.24069 -5.32096 -2.98808 -2.89956 4.1168 1.66702 3.87859 5.11017 -0.55252 6.07243 10.6324 -4.59604 -0.227127 8.01695 -2.47272 7.90179 -7.74046 5.63006 5.96071 -0.659668 -2.40025 0.197423 -5.48011 0.168155 -0.446923 -2.26235 3.99839 4.75082 3.78024 1.6547 3.13971 2.79134 -3.60341 -0.0361517 2.41571 7.1856 4.83519 -7.51731 -8.12385 0.604015 1.47534 -3.63282 -2.69977 
1.42807 -9.08292 4.21755 -3.84469 9.83662 -2.53084 3.21955 6.30522 -4.82803 -2.78335 -3.39853 5.78447 2.8282 4.34315 3.89053 -0.685564 5.44662 10.4514 -6.1113 -0.922601 9.82744 -2.75719 8.07744 -7.72967 4.27384 4.96612 0.98049 -1.93636 1.63997 -5.62589 -1.52969 -0.652157 -1.91679 3.75938 3.9767 4.19519 2.50143 2.27552 2.95613 -3.568 -0.0388331 3.45508 7.55985 4.19135 -8.7202 -6.68953 -0.484298 0.913091 -4.99568 -3.68257 
2.00087 -9.49618 5.22485 -2.8192 10.6681 -2.40507 3.79773 6.0125 -6.98279 -3.92804 -2.82778 6.6393 4.19314 3.49302 3.13272 -0.359019 7.22063 11.8681 -5.78023 -0.34421 9.76511 -4.44688 9.6128 -7.56054 5.63135 6.03935 0.178994 -1.83725 1.45467 -2.86622 -1.31936 -0.909386 -2.39781 2.904 2.49272 3.79569 1.65692 4.03855 5.31676 -2.68277 -1.43609 2.61107 7.81855 4.78089 -9.98544 -6.34169 -0.467104 1.31796 -4.61511 -4.11473 
0.576598 -8.13797 6.02267 -3.06454 12.904 -2.2805 3.29937 5.57977 -6.33634 -1.9215 -3.44974 6.4436 3.54519 3.94009 2.84551 -0.40046 6.17959 14.0841 -5.49253 -0.477025 10.6757 -4.70003 8.84585 -7.45946 3.75935 5.12698 -0.303197 -1.53833 1.69136 -2.22269 -0.679921 -0.604892 -1.92855 3.824 3.3843 3.57301 1.22916 3.77142 5.58418 -3.08934 -0.892165 3.36155 6.14102 2.39929 -10.3579 -5.03626 -0.472346 1.56409 -2.59785 -3.84405 
0.670056 -9.81205 7.2256 -3.77108 13.4324 -5.09427 4.66169 4.67967 -8.66086 -0.722863 -3.97367 7.15122 3.25627 6.01902 1.69248 0.696654 6.75197 13.7514 -5.13997 -0.18195 10.6629 -5.71087 10.9742 -7.31428 4.23887 7.0176 -0.133147 -1.69063 3.207 -1.62879 -0.456417 -1.10354 -0.780689 4.3945 4.27604 4.48827 0.206679 2.05405 7.88574 -1.41133 -0.426898 5.08267 6.5525 3.07666 -10.5316 -5.38046 -1.04402 0.100199 -2.86689 -4.32113 
0.924774 -9.43676 5.30632 -2.48337 13.47 -3.31703 3.88142 5.13239 -7.70697 -0.104362 -4.43964 7.5782 3.71239 7.75644 2.03591 -0.74518 6.55189 14.7441 -6.46166 -0.138635 11.0701 -4.30637 10.5498 -8.72853 4.10393 7.33545 -0.443018 -3.70204 5.35013 -0.862754 -0.497449 -0.819969 -1.70162 4.75806 1.73239 3.95056 1.08002 1.92101 8.18198 -2.58335 0.0445455 6.08682 5.96024 4.21847 -9.45163 -4.8573 -0.760207 0.551247 -5.02347 -3.16594 
2.11438 -8.4188 5.68132 -2.81542 13.2931 -3.90845 6.01866 6.06905 -7.10995 0.0102603 -4.64854 6.99247 3.73966 9.14079 2.39279 -0.844738 6.39079 15.5847 -6.17045 0.218911 10.1226 -5.14531 10.0795 -9.97154 3.74258 5.4488 0.327182 -3.01475 6.08156 -0.958268 -0.929288 0.149384 -0.45518 5.42257 1.76586 4.83818 1.55393 1.89472 7.72358 -1.88316 2.67585 5.84749 6.34201 4.21981 -8.72985 -4.81538 1.04436 -0.638045 -2.86937 -1.75871 
0.549656 -8.89233 4.9211 -3.56109 13.8158 -4.82618 5.96387 5.79451 -7.80901 0.382164 -3.02531 7.93576 2.65737 9.41695 2.87275 -1.18697 7.90024 16.7189 -4.59753 -1.61975 11.4839 -3.98001 11.5168 -9.90185 3.97375 6.83 2.20875 -2.98826 6.96877 -1.26717 -1.53811 0.041674 -0.0513675 7.51198 3.3971 4.38278 3.06647 0.877941 6.87743 -2.45655 4.41718 5.32021 7.53219 6.07186 -9.1578 -5.37444 0.806397 -0.673099 -2.67182 -1.47888 
0.654803 -9.71068 4.85871 -3.10338 12.7291 -5.18691 7.12843 5.44807 -7.14428 0.302373 -1.9997 10.1686 2.27753 8.35162 3.67187 -3.66798 8.3248 17.2907 -3.71129 -1.7083 11.3322 -2.82193 12.5457 -7.98213 3.98098 8.388 2.37034 -2.60955 7.69711 -1.89753 -1.48189 0.352171 0.154012 6.45595 3.48865 4.11191 2.32452 1.11122 5.71938 -1.91172 4.70603 6.64603 8.86069 7.31701 -9.27818 -4.10292 -1.10172 0.0222131 -2.09345 -1.51574 
0.921863 -8.56004 3.98271 -3.27646 12.4482 -4.93503 7.1984 4.49379 -7.21389 0.657274 0.179078 10.4214 1.63844 7.70755 6.57503 -3.48088 8.18479 16.3804 -2.2832 -1.87531 11.8304 -1.81236 14.5892 -6.61541 3.99701 7.75341 1.22401 -2.84237 7.03405 -0.915175 -1.15698 0.259381 -0.906455 7.26284 1.56016 3.22274 2.29906 0.158492 3.88726 -2.05842 3.42085 6.38404 9.09163 7.09322 -10.255 -4.27592 -0.360779 1.95079 -0.903523 -2.7882 
-0.00916978 -7.23882 4.08017 -2.60308 11.0255 -5.99772 9.10814 2.94527 -7.04899 2.75965 1.3012 9.04452 3.12332 7.99506 5.30589 -1.75251 7.21446 17.7655 -3.01917 -1.24986 12.4733 -1.26296 14.0286 -5.37979 6.05576 8.65432 1.22045 -2.86248 6.39439 -1.91805 -2.34168 0.481642 -1.50492 5.96111 2.43769 2.06566 3.49795 -0.481984 2.92587 -2.7548 3.69125 5.9714 8.58005 6.33095 -9.82327 -2.91784 -0.614586 1.7916 -1.1393 -3.72706 
0.825945 -8.61982 2.57848 -2.22047 10.4377 -6.7214 10.3355 1.77664 -8.37747 3.40644 0.0865343 8.56617 5.19644 7.41156 4.13015 -1.68472 8.25329 16.3794 -3.64585 -2.20419 11.2172 0.0447253 15.2159 -5.50433 5.58022 7.46084 2.77745 -3.23636 6.11007 -2.28094 -3.8302 -1.37882 -0.595553 6.17417 1.67365 1.81278 4.40063 0.370393 4.32044 -1.97575 3.41366 6.49889 8.88613 5.67563 -9.5072 -3.38194 0.0488493 1.75826 -0.949936 -5.17356 
1.63001 -10.2141 1.49287 -3.12027 10.1319 -8.83374 7.75272 1.82701 -8.05761 3.73288 0.535075 7.47435 4.54664 7.67022 6.04617 -2.29733 9.5497 16.0352 -3.86515 -2.24337 12.9197 0.274786 13.5027 -2.71695 5.84127 5.62965 3.30364 -2.90434 6.4222 -3.09443 -2.05458 -1.44757 0.213238 6.708 2.12346 3.81077 3.32263 1.24627 4.62814 -0.923759 2.92781 6.50186 9.73106 5.73735 -9.32278 -2.83708 -0.827099 0.781816 -0.40525 -3.40638 
2.10467 -8.81475 0.331654 -3.70361 10.9206 -9.51388 7.13421 2.67988 -7.18962 4.52518 -0.855342 7.6679 3.43412 7.62369 5.9794 -1.21135 7.91404 16.1699 -3.87136 -2.90371 14.1632 -1.53695 13.5914 -3.1773 6.12153 4.24973 0.0800304 -3.34111 4.86562 -2.78196 -1.45642 -0.141521 -0.389967 7.3705 3.02623 4.28708 3.96116 -0.241825 5.29206 0.321435 3.07204 6.94471 9.3513 5.85134 -8.61746 -3.87095 -2.2895 -0.301443 0.870414 -3.41584 
0.435405 -8.63607 -0.0162482 -2.28854 10.0986 -8.04293 7.28418 1.95321 -6.74085 3.33787 -0.847615 7.63202 4.14828 8.08412 5.27692 -0.747375 7.59653 15.0889 -2.41004 -4.15707 14.244 -2.1575 12.7584 -3.97642 6.50395 4.38974 0.832329 -2.99481 5.09173 -2.57256 -2.39818 -3.03278 -0.615275 5.95356 3.73364 6.65681 1.8379 -0.840478 6.95256 1.03399 2.19309 7.14448 8.43569 4.74364 -9.31333 -3.71063 -2.52072 -2.46556 -1.18812 -3.5612 
-0.139294 -9.32526 -1.40924 -2.62869 10.3049 -8.04847 7.5462 0.742953 -5.60169 3.96508 -0.258896 8.84612 2.25832 7.44866 3.12779 0.0484696 7.28412 15.1727 -3.39744 -4.75569 14.6969 -2.6456 14.453 -5.27422 6.3968 5.00082 0.629185 -3.29247 3.8964 -1.60909 -2.46197 -3.61089 -0.510395 4.06962 3.46501 6.57094 2.78248 -0.118797 8.31729 -0.158791 3.52831 8.045 8.12896 4.14547 -10.1923 -3.15496 -3.74356 -1.83706 -0.158864 -2.98393 
-0.879105 -9.55483 -2.12354 -3.33024 10.2366 -10.6408 6.82272 0.0880192 -4.60315 3.50272 -0.971095 7.92844 0.443872 7.90791 2.95441 -0.0643064 7.15324 14.8397 -4.95233 -3.01172 16.3565 -2.08244 14.4285 -6.45665 5.69389 4.69006 1.3771 -3.5156 4.3014 -1.49815 -0.924221 -4.30788 -1.45078 4.16087 1.97343 6.55564 2.13716 -0.773237 7.19971 -1.47577 2.3724 7.88169 6.79117 3.7995 -9.61517 -1.31757 -4.20097 -1.37961 2.39989 -1.38828 
-0.969113 -7.2819 -2.54362 -2.91072 11.9695 -8.81697 5.98963 0.40979 -4.81215 2.86346 0.00428045 8.37774 0.235645 7.70153 3.88068 -0.0104931 8.50814 14.3838 -5.26691 -1.97316 17.6769 -1.67017 14.3786 -6.16425 6.16822 6.05122 0.653125 -5.18246 5.93852 -0.122095 -1.00605 -4.94902 -2.57506 3.1895 2.10121 5.27043 1.2341 1.1603 7.55993 -2.60097 1.0609 5.91797 5.91292 4.3774 -9.01647 -0.973204 -3.24071 -1.18008 3.29854 -1.41722 
-1.13312 -7.87658 -2.38587 -2.99526 9.48169 -7.30245 5.98332 1.25303 -4.0924 1.60502 0.183994 9.32748 -0.153475 7.96113 4.66502 -0.012337 9.08099 13.3327 -3.5063 -2.45705 17.2113 -0.000651713 13.7194 -5.49771 6.41222 6.4969 -0.566579 -4.19591 4.4385 -0.398766 -2.02555 -6.69668 -0.229801 2.33977 3.87679 4.31061 0.953127 -0.146546 6.95962 -4.01999 0.968863 7.51624 5.73557 4.11567 -10.5007 -0.617327 -3.96718 -1.72132 2.37999 -0.347596 
-2.11438 -8.30304 -1.67482 -4.65696 9.59712 -6.46429 5.62564 1.82246 -4.48978 1.98652 -0.606333 8.29911 0.464037 6.59581 4.54265 -0.635638 9.89959 13.0251 -4.33224 -2.6981 15.9361 -0.212861 11.9372 -4.5017 4.827 5.74667 -0.401176 -4.82148 2.28911 2.06774 -2.09406 -8.33974 -1.15835 2.65992 4.08071 3.94666 1.72623 -2.18662 8.74951 -4.04898 0.0204842 6.68705 5.28634 5.33076 -10.9246 -0.739354 -4.77323 -1.4582 3.90671 2.78719 
-2.50569 -7.25598 -1.60369 -3.55952 9.13786 -6.12775 5.44163 2.18492 -3.49921 -0.370409 -1.62419 8.2505 1.41477 5.67587 4.69603 -0.266216 9.66065 13.0658 -3.96611 -2.66559 16.429 -0.496118 11.7727 -3.51724 3.52314 7.50145 2.30263 -4.45277 3.78845 2.8991 -1.99281 -8.23324 -1.42525 2.01591 3.89663 2.53744 0.76121 -1.46674 9.46254 -5.84863 0.242356 5.94555 5.39612 5.94801 -10.8241 -1.51367 -4.54362 -0.605937 2.98562 3.35588 
-2.28056 -7.17035 -0.947281 -5.54983 8.60738 -6.00253 6.28215 1.30406 -4.3884 -0.652109 -1.64491 8.29851 2.2038 5.87395 4.52413 -1.29658 10.0362 12.5323 -3.4746 -2.87667 15.903 -0.667119 11.8908 -3.96943 3.15615 7.24544 0.630035 -1.74863 4.31746 1.86006 -2.75004 -8.10394 -1.37818 1.89863 3.62422 2.13099 0.686878 -2.49924 9.23623 -4.82883 0.663893 5.9085 4.6166 5.6012 -10.1131 -0.0218474 -5.31766 -0.160513 3.31997 3.7433 
-2.65192 -5.62171 -1.21016 -4.80467 7.48476 -6.8305 5.7881 0.547255 -3.4257 -1.69274 -1.27048 7.81296 1.8747 6.36244 4.40043 -0.649604 9.2598 11.8252 -3.32222 -4.53938 16.0516 -2.11822 12.6797 -3.74808 3.23797 8.37267 0.458087 0.0950173 4.43319 3.87359 -3.69932 -8.77564 -0.31677 1.31996 3.52146 2.82952 0.958791 -2.86305 8.02517 -3.71871 -0.308435 6.35866 4.67467 4.46675 -8.65268 0.891473 -4.14071 0.776223 5.54559 3.36954 
-0.799267 -5.51931 -3.16097 -4.36182 7.8782 -6.71625 6.32099 0.0246979 -3.26146 -1.07588 -1.57628 6.682 0.277273 7.75877 4.16782 0.919464 8.83318 13.4402 -3.49274 -4.68166 16.1398 -2.55095 12.11 -4.99284 4.08685 8.52572 1.13687 1.29195 4.82761 5.42456 -5.06712 -9.07074 -0.130221 3.7311 4.77467 3.20402 1.40495 -1.03503 7.47888 -4.78467 -2.39015 6.97571 4.6201 5.00396 -7.67742 1.63276 -4.1541 1.04718 5.91911 2.29939 
-0.821449 -4.21632 -4.03807 -3.28126 8.53741 -7.96341 7.27066 0.581194 -3.82424 -1.29675 -2.23197 7.02569 -1.36651 8.66026 7.39873 0.289199 7.63796 14.3458 -3.95629 -5.56298 15.5473 -2.98989 12.0934 -5.80752 4.37644 6.71279 2.59611 2.38736 5.44016 6.04446 -6.27251 -8.42162 0.2433 1.98498 4.67023 2.4942 0.615359 -3.80315 6.08981 -5.87689 -4.61326 5.80125 4.46851 4.51489 -7.71984 2.01476 -5.6499 -0.0771285 5.83778 4.0144 
