0 0 0 0 0 0 0 0 0 0 0 0 0 0 0 0 0 0 0 0 0 0 0 0 0 0 0 0 0 0 0 0 0 0 0 0 0 0 0 0 0 0 0 0 0 0 0 0 0 0 
-0.521988 -1.4731 1.26559 1.0969 -0.496327 -0.638795 -0.138115 -1.47735 1.11634 -0.626537 1.14825 -0.466996 0.0908962 1.51409 0.639611 -1.18989 -1.1584 1.73986 0.79909 0.70472 0.47335 -1.01321 -0.715045 0.262061 0.460999 1.18568 0.0280216 1.371 0.0499458 1.05888 -0.872432 0.772939 -0.685108 0.344923 -0.267636 0.266953 -0.368181 0.650485 0.191478 -0.128202 -0.194574 0.730564 1.68412 0.789238 -0.845051 0.365754 -0.685122 -0.558645 0.212033 0.36098 
0.872358 -2.05729 -0.761609 -0.133801 -0.979217 -1.23884 -0.548327 -1.93984 1.11034 -2.52255 0.600221 -2.71436 -0.441556 -0.402525 -0.263627 -2.06542 1.47171 1.4249 -0.425448 -0.703478 -0.456884 0.343163 -1.29044 -0.608698 0.0764087 -0.698153 -1.12976 1.90337 1.53208 0.67106 -1.25587 1.21912 -1.20007 0.0252586 -0.0872941 1.36764 -0.8893 0.0718287 1.76571 -1.94178 -1.31038 1.61695 1.31731 -0.497185 -0.905653 0.122757 -1.03029 -0.385068 -0.571488 -1.05707 
0.261815 0.123869 1.00113 -0.443976 -0.893172 -2.6522 -0.455959 -0.193006 2.10425 -2.23016 1.594 -2.90815 0.682375 -1.47322 0.357039 -0.026895 2.66308 1.54628 1.28628 -1.47416 0.758875 -1.53016 0.982394 0.0347963 0.963301 -0.564018 0.155824 0.86703 2.09427 -0.522445 -0.631836 1.59051 -1.14149 1.07973 0.331263 3.06349 -1.73112 0.661186 1.61003 -1.56069 -0.626698 2.72352 2.88065 0.257981 1.6025 1.08606 -0.206559 -0.871262 1.27079 -0.176456 
-0.349225 -0.941955 1.2041 -1.0195 -1.05233 -2.80854 0.500284 -2.06586 0.855233 -4.21973 0.230705 -3.94287 0.0524837 -2.26272 0.304781 -0.180947 1.74645 -0.0455484 1.8147 -1.42887 -0.215799 -1.17959 -0.175022 -1.68166 -0.452703 -0.57713 -1.51311 -0.740516 1.65449 -0.313304 -2.07876 1.9018 -1.36544 2.1498 -0.358158 1.40074 -1.81534 -0.946467 1.57448 -1.32426 -1.34599 1.3542 1.38526 -0.218354 1.74942 -0.0580277 -1.02559 -2.49607 0.712131 -0.607181 
1.88847 -2.57959 1.84788 -2.23497 -0.985194 -1.69824 -0.167523 -1.25167 0.00614041 -5.72146 -3.69853 -3.3808 0.0148036 -3.56159 1.26332 -0.363727 1.3452 0.895323 1.39047 -1.78543 -1.99735 -2.53014 -0.953205 -2.73549 -0.245448 -1.39686 -1.85882 -0.731766 0.86319 -0.570604 -3.25782 1.22231 -1.62493 3.49094 1.36387 2.10764 -1.11867 -1.94397 1.78441 -3.38551 -1.3275 1.59705 1.60741 -2.05351 1.01542 0.0844112 -3.44215 -1.4241 -0.344941 -1.84154 
3.01993 -2.98274 2.82434 -1.34074 -0.397858 -1.96877 -0.983257 -0.621732 -0.438895 -5.0794 -3.09414 -2.90801 -0.59272 -1.59745 0.987358 -0.694018 1.24323 2.7088 2.02997 -2.3402 -1.84206 -2.09359 0.538884 -1.26976 1.14936 -0.984464 -0.905507 -0.68881 1.28396 0.013904 -1.55122 -0.0462149 -1.34924 2.12786 1.22047 3.60241 -2.03187 -0.864001 2.4488 -2.45378 -0.396772 3.56652 2.3985 -0.76139 0.10173 -0.0993549 -2.69842 -2.05362 -0.437951 -2.06734 
3.19548 -1.42457 3.97872 -1.18535 0.0485096 -0.0148462 0.287827 1.43913 1.13739 -4.57143 -1.33623 -1.6398 0.087745 -1.0284 1.71507 0.321115 2.34465 2.53071 2.25997 -0.651029 0.860795 -3.64013 -0.446473 -1.9813 2.94624 0.157445 0.166524 0.825843 1.98057 0.654637 -1.24258 1.1459 0.0659787 1.92339 2.37804 5.62455 -1.08373 1.28808 0.908804 -1.87011 1.31739 3.35262 3.8764 -0.123599 0.345482 0.00856017 -1.67373 -0.390675 -0.944203 -0.509419 
2.65033 -2.08086 3.97902 -3.01682 -0.186297 -2.34368 -1.07124 0.564845 -1.39588 -4.27773 -1.81508 -1.94352 -1.00037 -1.20917 -0.575629 -0.758678 2.80077 1.51578 0.576832 -2.46161 -0.307243 -3.22703 -2.89742 -4.16467 1.53322 -0.0329997 0.123668 -0.496699 2.2261 -0.818166 -1.5357 0.969248 -0.165347 0.778399 1.05156 3.71447 -2.63497 0.944874 0.27927 -1.80254 1.04349 2.19404 1.77075 0.319055 -1.41335 0.374956 -2.25224 -1.44259 -1.53655 -1.50213 
3.14396 -3.47502 4.02685 -3.44733 1.97882 -3.46428 -0.750547 1.6664 -2.66864 -4.48702 -2.96221 -0.824554 -0.0534095 -0.499053 -1.4149 -0.131648 1.68151 0.511674 -0.654667 -1.72802 2.01808 -1.93737 -2.96166 -4.72665 1.75466 -0.0465163 0.600549 -0.623859 2.65597 -0.484535 -1.29699 1.68176 -0.234191 1.48354 3.13134 3.24708 -2.06881 1.42782 1.79978 -2.94557 -0.266282 2.72153 4.05296 0.774528 -0.460995 -0.199578 -0.824465 -1.5408 -2.43039 -1.83445 
2.3299 -3.3708 3.86631 -2.46632 1.79956 -5.56781 -0.693651 1.91277 -1.3477 -3.93952 -3.65017 -1.43203 -0.419618 0.611349 -1.74736 -0.604256 2.39988 0.097343 -1.40871 -3.81317 3.64855 -2.08898 -3.10014 -3.85885 2.54483 1.05308 0.503802 -1.87441 3.13207 -0.464324 -1.09799 2.10261 -0.819701 1.15811 2.10491 4.2451 -2.19338 1.97061 2.23826 -3.52884 -0.860118 4.05644 5.09798 1.54356 -0.753213 1.00019 -1.15361 -1.43198 -0.582225 -1.56114 
5.25669 -4.64996 4.5921 -3.83917 1.68212 -6.18655 0.543772 1.92916 -1.45665 -4.70757 -3.95479 -0.470158 0.360566 0.446567 0.391047 1.87416 2.15705 1.98044 -1.77243 -3.57251 4.57907 -2.65764 -4.13022 -4.58861 2.55708 1.73888 0.884692 -0.715363 2.75295 -0.481734 -0.516041 3.23644 1.15251 1.05906 1.63076 4.19025 -1.05675 3.20399 1.47305 -3.4617 -0.165531 4.76107 5.32243 -0.110111 -0.794904 0.579539 -0.691166 -0.196355 -0.234128 -2.20301 
5.06016 -4.9735 4.55293 -3.30779 2.91503 -5.84533 0.291396 1.57324 0.50172 -3.89839 -3.60827 -2.36681 0.056714 0.43554 2.58198 1.24539 1.78132 2.17742 -2.69038 -4.28898 3.24426 -3.2078 -4.29232 -4.54525 2.25672 1.11907 1.01901 -0.813191 1.52346 -1.18203 0.365491 2.26416 1.06203 -0.698363 2.76356 3.01532 -0.0829302 3.26729 1.83163 -4.21419 0.535609 4.82655 3.86781 0.683831 1.09657 0.0372508 -0.894683 -0.276032 -0.623526 -1.69408 
5.08622 -4.89024 5.29544 -2.7409 1.78436 -5.53771 1.81464 2.50685 1.18246 -2.67058 -3.64692 -2.45217 1.21207 0.522947 1.39608 0.17762 2.37789 4.0844 -1.92495 -4.51128 4.37064 -3.71244 -4.01285 -4.50015 3.08685 0.782997 1.64425 0.591091 4.02337 -1.85558 0.636129 2.82828 0.713115 0.124972 1.47982 4.09825 -0.208078 3.20443 1.92143 -4.25272 -0.686534 5.61833 3.50354 1.41259 0.931251 -0.395782 -0.70821 0.838457 -0.353161 -2.52161 
4.58343 -3.66467 4.31355 -1.30178 3.9062 -4.61249 1.04239 2.86213 0.15466 -1.82221 -2.43289 -2.12945 1.72927 1.40746 0.884598 -0.220899 3.16504 4.52662 -1.19603 -5.46341 5.2826 -4.33209 -4.04145 -5.43555 3.64058 -0.475099 2.72426 -0.24233 2.88275 -1.80447 1.21519 3.38445 1.22704 1.60376 1.83855 5.57126 0.319749 3.3222 0.992115 -3.77457 -0.493777 6.20313 4.36071 0.108108 0.362291 1.02887 -0.111148 1.27817 -2.21298 -3.05208 
4.74935 -3.72004 3.61337 -0.394689 6.02599 -3.147 0.634553 3.03063 0.456016 -0.0249727 -2.10966 -1.13579 1.63094 1.63917 1.05786 0.453259 3.74464 6.79847 -1.01137 -4.48892 6.56464 -3.99339 -2.73707 -4.8012 4.19815 0.545942 3.68249 -1.84664 3.56083 -1.14644 1.83957 2.27428 1.41403 2.54535 2.14546 4.88383 -0.408988 3.18837 0.516988 -3.00133 -0.385508 5.84973 5.49758 0.768593 -0.873179 -0.11344 0.323558 1.18022 -0.257414 -1.9756 
3.86354 -5.22764 2.27692 -3.25899 5.21969 -4.25903 1.31523 2.5483 -0.893843 -1.5797 -3.91469 -0.777965 0.661152 2.2373 0.632638 -0.632221 3.7228 3.9771 -1.93008 -4.97755 5.44622 -5.99406 -2.08675 -5.45042 1.76345 0.519995 2.82183 -4.37001 1.27943 -2.21181 0.173611 1.68854 1.17668 2.52854 1.12095 4.77889 -1.04904 1.86636 0.707112 -3.52833 -2.12 4.78261 6.70303 0.0447095 -3.04963 -2.4472 -0.189827 -0.136756 -0.52885 -1.20186 
2.0941 -6.88378 3.58262 -3.9402 6.18994 -4.87596 0.521976 1.87482 -0.280547 -2.0814 -4.63907 -0.744625 0.0702699 2.26904 -0.0245683 -0.962878 3.37912 5.49905 -3.39538 -5.39841 5.402 -6.80001 -2.17527 -6.22005 0.834261 -0.0286359 1.29486 -4.8101 2.21218 -3.96597 -0.433572 1.76189 0.849918 3.05428 -0.137366 2.92567 -2.39715 2.77605 1.42048 -2.25891 -1.78066 3.94976 6.49745 0.625442 -3.94277 -3.40888 0.489503 -0.790438 -1.21765 -2.35023 
2.15613 -6.13481 1.68137 -3.81551 5.16503 -5.8328 -0.300136 2.98983 -0.358576 -2.07797 -4.56837 -0.302487 0.484985 2.06652 -1.31 -0.999352 2.92146 3.54455 -4.51576 -5.26954 4.61477 -6.45103 -0.709493 -6.32632 -0.283942 0.563668 -0.39675 -6.08541 1.03965 -4.39265 -2.16395 1.55364 -0.1912 2.94351 0.755248 2.51499 -2.06079 3.64833 1.84293 -2.41551 -2.19612 2.70639 6.86115 1.36634 -4.90942 -5.83104 0.384824 0.474519 -2.2271 -2.08082 
2.14376 -5.5847 0.977681 -3.07444 6.63306 -4.80268 2.09079 2.79354 -1.55195 -1.39542 -4.71661 0.74802 -0.274385 1.32238 0.0336473 -1.32974 4.35372 3.67003 -4.00964 -4.4084 3.98324 -6.35191 0.229609 -6.99382 -0.441637 1.76176 -0.285453 -4.18948 2.42942 -4.13666 -2.15056 -0.388492 0.592471 1.42808 1.29374 4.33587 -0.865809 3.64137 3.56901 -1.05302 -1.44527 3.48141 8.43224 3.36479 -6.54737 -5.76484 0.136537 0.414418 -1.58681 -2.55535 
1.60792 -5.77557 1.65973 -2.78346 6.16197 -4.96055 1.20763 3.0217 -2.80168 -2.6405 -4.07278 1.50094 1.44075 -0.293034 0.48557 -1.57463 4.78368 4.2513 -4.32424 -4.31652 4.07642 -5.1792 1.32134 -6.79631 -0.133163 3.28515 -1.23834 -3.88176 2.07118 -5.39986 -1.07434 -0.117996 0.0838963 1.42193 2.35921 5.31074 -0.47362 2.50858 3.37787 -3.01751 -2.95902 1.55 8.49845 2.84445 -6.46743 -5.37292 -0.487161 0.155696 -0.934777 -3.56266 
1.82218 -6.12962 2.1533 -3.3417 5.44323 -4.54162 2.24405 1.44435 -3.78393 -1.50053 -2.80836 1.82519 1.29994 2.00485 0.152801 -1.04276 4.0556 5.52697 -4.25142 -4.23609 4.15695 -3.7776 2.5607 -7.95911 1.37693 3.22043 -1.09721 -4.60837 3.19616 -6.78468 -1.01287 -0.0625443 0.336032 1.94541 1.15716 5.91019 0.0278951 2.48315 0.806467 -2.34367 -2.82703 1.204 10.2887 3.94682 -7.29872 -5.67082 -0.837318 1.67074 -1.0126 -2.93379 
1.27438 -5.78789 3.99732 -3.48645 4.6752 -3.72704 1.6414 1.80887 -3.67233 -1.78449 -3.13691 2.58477 0.745644 2.73131 1.32187 -3.30209 5.0461 4.64461 -3.58454 -4.55415 5.08688 -2.32278 3.2539 -8.50708 1.64456 3.51063 -0.471024 -3.29506 2.78291 -6.28056 -1.18926 0.19725 0.349649 3.20233 1.03923 5.61231 1.15485 2.0558 0.756532 -3.46766 -1.4802 1.29909 8.5117 4.73335 -7.0324 -3.94431 -1.71268 0.563746 -2.4614 -3.20816 
1.25402 -6.31471 2.48879 -3.7105 5.22867 -5.75711 2.01349 2.19981 -2.73896 -3.1613 -2.84299 1.26035 -0.749944 2.54534 4.176 -3.30491 5.32909 5.58657 -3.10192 -3.82845 7.81966 -2.67008 4.1321 -9.1169 3.17083 2.73201 0.0798904 -3.52534 1.83301 -6.40702 -1.35422 -0.51759 0.337936 2.21288 2.59093 5.44525 1.02934 3.02218 1.00184 -4.65561 -1.81661 0.952837 7.26416 3.90491 -8.59996 -4.11192 -1.88438 0.621837 -2.85399 -3.33335 
2.87072 -7.03161 2.86739 -3.13118 5.60353 -5.38117 3.26431 3.1721 -3.12154 -4.25653 -1.98889 1.71498 -0.343518 2.99031 4.04563 -1.1464 5.51741 7.68051 -3.86609 -2.36225 8.06045 -1.96585 4.16132 -8.16986 5.00286 4.53795 1.20505 -3.65501 1.98021 -5.89986 -0.88518 -0.0555229 -1.32693 2.60199 2.40687 5.22922 0.812473 3.47915 1.50814 -4.88224 -0.669037 1.51674 6.64671 3.61531 -7.85558 -5.63348 -0.233576 2.69735 -1.745 -2.60665 
0.937176 -8.16561 3.03096 -4.50454 6.11242 -4.94433 3.67847 2.57413 -5.0907 -4.45152 -3.80797 1.80857 0.417935 2.67052 3.6683 -1.35804 6.16006 7.70133 -4.24592 -2.64619 7.16181 -2.48484 5.77173 -8.90609 4.29379 4.63498 -0.666364 -3.75049 1.17767 -5.9936 -2.59516 -0.578449 -1.9505 2.82983 3.05589 3.45872 1.27071 2.67128 2.01575 -4.60528 -1.33896 2.33028 6.39003 3.68465 -7.57891 -7.22451 0.453782 0.146229 -3.74743 -2.86553 
0.0510397 -9.33847 2.78439 -3.66576 6.92156 -4.13691 2.75428 3.04145 -5.51075 -3.42416 -3.34499 2.93064 0.739492 2.71758 3.81913 -1.24573 4.67981 8.7584 -4.86236 -0.954687 6.41903 -2.9632 6.31604 -7.67482 4.28414 4.57989 -1.34156 -2.89839 -0.574958 -5.6531 -0.601137 -1.15128 -2.77504 2.82473 3.49773 2.62961 0.728472 2.0567 1.74511 -3.97453 -0.783874 1.40914 5.67546 3.57319 -7.47523 -8.01773 -0.211292 0.568047 -4.00083 -3.16629 
1.16336 -8.23796 3.65835 -3.55274 8.6842 -2.3776 2.76571 5.52561 -4.43227 -2.60345 -3.15368 5.05984 2.41568 3.77069 3.36585 -0.72713 4.75766 9.23406 -5.58005 -0.939143 8.67598 -2.58005 7.11074 -7.02757 3.7087 4.32789 0.763033 -1.84588 1.35289 -5.14589 -1.48214 -0.69725 -1.82837 3.24855 3.44292 3.63835 2.1234 1.92134 2.5301 -3.30526 -0.148677 2.97638 6.64779 3.63491 -7.91353 -6.09724 -0.547113 0.70275 -4.58222 -3.40773 
2.31877 -7.96449 5.2024 -1.99242 10.071 -1.62201 3.92594 5.90689 -5.71645 -2.9842 -2.0001 6.46752 4.27961 3.6534 3.33114 0.20803 6.98748 11.1443 -4.64085 0.221275 9.26333 -3.44827 9.12709 -6.23321 5.56598 5.9309 0.689243 -1.11414 1.83025 -2.03448 -0.650929 -0.284233 -1.61552 3.12656 2.75871 3.92411 2.01114 4.14134 5.2846 -1.87039 -0.755328 2.86456 7.52227 4.8053 -8.40211 -5.14303 0.111356 1.70796 -3.59873 -3.15118 
0.163257 -7.63129 5.03437 -3.09347 11.1892 -2.39221 2.59858 4.63823 -6.01986 -2.07111 -3.43801 5.41086 2.81845 3.17166 2.19263 -0.710651 5.17473 12.2448 -5.26514 -0.779133 9.19615 -4.5563 7.5595 -7.02441 3.01 4.23325 -0.623656 -1.72839 1.16033 -2.3405 -0.960608 -0.8935 -2.07741 3.06782 2.67454 2.84333 0.746928 3.02079 4.64218 -3.11566 -1.15044 2.6542 5.14023 1.79352 -9.61689 -4.85703 -0.774947 1.04649 -2.67606 -3.79069 
0.00266018 -9.37282 5.86611 -3.96961 11.4177 -5.15311 3.57288 3.58896 -8.34316 -1.2432 -4.15081 5.79959 2.31584 4.78692 0.917141 0.02645 5.44249 11.703 -5.19399 -0.759397 8.94052 -5.70462 9.21895 -7.13875 3.1947 5.68007 -0.715747 -2.1088 2.27177 -2.05349 -1.00489 -1.58369 -1.29493 3.3339 3.22795 3.41778 -0.411797 1.24054 6.45657 -1.85899 -0.978485 3.94942 5.26408 2.1552 -10.0164 -5.40909 -1.53045 -0.507035 -3.16088 -4.46159 
0.646702 -8.62093 4.56567 -2.40164 11.8675 -3.14729 3.2912 4.41011 -7.07376 -0.273785 -4.15138 6.59771 3.14002 6.75713 1.64053 -0.84695 5.67975 13.0071 -5.95993 -0.30444 9.72093 -4.03217 9.2556 -7.98748 3.49022 6.38059 -0.576688 -3.49164 4.60486 -0.952112 -0.625373 -0.913844 -1.70242 4.07529 1.36906 3.35305 0.785554 1.53776 7.13775 -2.49106 -0.140598 5.26378 5.15056 3.59267 -8.63424 -4.52494 -0.860391 0.312609 -4.67357 -3.01215 
2.25716 -7.164 5.44752 -2.1522 12.2557 -3.12983 5.74925 5.79432 -5.99334 0.375173 -3.79179 6.62025 3.71085 8.54177 2.50618 -0.38956 6.08209 14.3054 -5.15302 0.561796 9.41994 -4.23611 9.38135 -8.55282 3.71347 5.23955 0.658637 -2.33048 5.8055 -0.491104 -0.465184 0.499609 -0.0411288 5.21609 1.94543 4.69339 1.75587 2.06068 7.27418 -1.31835 2.75935 5.59615 6.03846 4.14031 -7.44222 -3.94101 1.3001 -0.204688 -2.20044 -1.20704 
0.589084 -7.85609 4.49902 -3.08768 12.4547 -4.21921 5.43171 5.28022 -6.88713 0.439274 -2.60846 7.19542 2.47428 8.52023 2.66692 -0.964202 7.16364 15.0513 -4.0147 -1.35129 10.369 -3.46238 10.3984 -8.75902 3.65169 6.20639 2.07303 -2.57532 6.33051 -1.03593 -1.27827 0.134731 0.0515124 6.81637 3.13591 4.01754 2.84019 0.882712 6.24881 -2.09975 4.0483 4.856 6.83446 5.52829 -8.09352 -4.70959 0.81872 -0.504581 -2.29229 -1.22529 
0.774383 -8.49679 4.53447 -2.58703 11.5739 -4.4506 6.56457 5.06161 -6.20133 0.459161 -1.59988 9.28382 2.2258 7.65862 3.47293 -3.09203 7.63463 15.654 -3.13077 -1.33924 10.3246 -2.33531 11.4099 -6.95072 3.74941 7.69117 2.3088 -2.14534 7.07321 -1.5085 -1.13673 0.503701 0.326462 5.96308 3.30905 3.86651 2.26783 1.18261 5.30428 -1.52118 4.39791 6.1331 8.11395 6.73324 -8.10994 -3.48105 -0.796696 0.208578 -1.68373 -1.16701 
1.23299 -7.24788 3.97069 -2.5221 11.5425 -4.00557 6.8469 4.42782 -6.04384 0.996335 0.568624 9.72964 1.87392 7.3023 6.28933 -2.70494 7.72915 15.0595 -1.63371 -1.26888 10.9899 -1.21257 13.4574 -5.50855 3.98349 7.34331 1.50324 -2.13384 6.6999 -0.410106 -0.626379 0.640449 -0.402306 6.90453 1.8039 3.29096 2.4648 0.550211 3.88532 -1.43265 3.46815 6.11851 8.54026 6.75282 -8.76387 -3.41605 0.0857612 2.15329 -0.399683 -2.08539 
-0.0331762 -6.49957 3.62444 -2.35324 9.83652 -5.3895 8.12159 2.60935 -6.32978 2.44333 1.13885 8.06469 2.76861 7.12602 4.72075 -1.59247 6.42784 15.8649 -2.7254 -1.14288 11.1315 -1.1546 12.5226 -4.83681 5.39146 7.71568 1.06663 -2.58526 5.69434 -1.74053 -2.11943 0.405819 -1.37102 5.30681 2.15536 1.82261 3.10369 -0.456074 2.592 -2.48894 3.27658 5.31601 7.64925 5.6376 -8.81117 -2.63477 -0.574677 1.57749 -1.04399 -3.35856 
0.0552825 -8.39327 1.6228 -2.66952 8.65227 -6.69527 8.56088 0.905609 -8.1765 2.36335 -0.606067 6.97835 3.96437 5.94564 3.01066 -2.19033 6.6985 13.9668 -3.94441 -2.65495 9.34946 -0.643462 12.9261 -5.60669 4.30764 5.98971 1.80077 -3.57815 4.78154 -2.7236 -4.1093 -1.91672 -1.21614 4.83888 0.813497 0.937937 3.25258 -0.352176 3.18085 -2.45063 2.3698 5.12932 7.26453 4.39297 -9.18696 -3.70837 -0.639773 0.889169 -1.53311 -5.31083 
0.85654 -9.73717 0.73388 -3.39224 8.46083 -8.50252 6.33287 1.03274 -7.80833 2.73741 -0.122797 6.08388 3.46526 6.25907 4.80648 -2.65618 7.94013 13.7409 -4.05848 -2.60791 10.9543 -0.355607 11.4758 -3.03149 4.62321 4.43393 2.35349 -3.1991 5.14281 -3.36912 -2.43905 -1.89613 -0.410657 5.39844 1.29789 2.80708 2.37047 0.513317 3.53815 -1.42762 2.01733 5.21406 8.10235 4.53026 -8.93993 -3.13894 -1.34116 0.0978946 -0.963849 -3.64814 
1.14824 -8.61838 -0.437592 -4.04684 9.03342 -9.24371 5.6468 1.66272 -7.16483 3.31321 -1.49927 6.12415 2.33734 6.08461 4.61391 -1.8177 6.3443 13.7286 -4.19689 -3.33139 11.9337 -2.10892 11.4223 -3.5761 4.74103 3.06684 -0.662651 -3.72262 3.61771 -3.2225 -2.03689 -0.860812 -1.08303 5.85814 1.97251 3.10025 2.80873 -0.950527 3.99913 -0.446732 2.01348 5.4773 7.62983 4.49936 -8.44192 -4.19651 -2.78202 -1.00385 0.0442893 -3.78946 
-0.872252 -8.98603 -1.27622 -3.30862 7.77075 -8.4555 5.25348 0.48531 -7.29089 1.7238 -2.01982 5.5646 2.44864 5.96897 3.45813 -1.93016 5.53286 12.2342 -3.41729 -4.97989 11.4786 -3.19142 10.1498 -4.81831 4.55562 2.66461 -0.517232 -3.94033 3.29249 -3.56266 -3.40669 -3.97429 -1.81201 4.06333 2.07778 4.69234 0.382173 -2.01344 4.95687 -0.336862 0.69987 5.12853 6.28342 2.98115 -9.59178 -4.58057 -3.51629 -3.46696 -2.32438 -4.44692 
-1.18949 -9.40567 -2.32537 -3.41608 8.15207 -8.26368 5.68462 -0.400388 -6.07521 2.48157 -1.29647 6.8473 0.954998 5.59738 1.73268 -1.02155 5.45021 12.506 -4.10366 -5.31852 12.0804 -3.4312 11.8623 -5.78231 4.65657 3.40797 -0.502146 -4.00978 2.42014 -2.50412 -3.26696 -4.29458 -1.52142 2.57508 2.0343 4.81232 1.42382 -1.17116 6.3743 -1.20693 2.09091 6.13076 6.20586 2.64291 -10.1812 -3.88679 -4.41324 -2.70802 -1.207 -3.73382 
-1.17359 -8.93339 -2.28665 -3.36595 8.76861 -9.90474 5.71513 -0.308567 -4.50447 2.74563 -1.25587 6.70412 0.00971793 6.68575 2.25521 -0.444811 6.01075 12.8858 -4.81679 -3.08106 14.2424 -2.24988 12.5179 -6.1623 4.70548 3.80763 0.844421 -3.53174 3.45999 -1.72728 -1.21394 -4.24037 -1.68491 3.3343 1.37779 5.47625 1.52424 -1.0789 6.05233 -1.70727 1.73465 6.6623 5.68692 3.01108 -8.98736 -1.56577 -4.14475 -1.62126 1.75923 -1.62901 
-1.25808 -6.90441 -2.66637 -2.99471 10.3146 -8.27742 4.96601 -0.0247551 -4.6954 2.16987 -0.387454 7.102 -0.180515 6.49717 3.0797 -0.400668 7.21863 12.474 -5.10215 -2.15613 15.4194 -1.88513 12.4693 -5.90476 5.12574 5.0211 0.19289 -5.02661 4.92029 -0.500487 -1.29112 -4.81782 -2.69448 2.46149 1.4881 4.32273 0.712531 0.646524 6.37052 -2.71766 0.55762 4.90191 4.8974 3.52398 -8.45586 -1.26174 -3.28987 -1.44678 2.55902 -1.65888 
-1.48369 -7.51523 -2.60419 -3.14924 8.01049 -7.00171 4.88145 0.650546 -4.13055 0.965375 -0.305628 7.87255 -0.607469 6.65046 3.70233 -0.481232 7.65208 11.455 -3.60633 -2.66785 14.9241 -0.47078 11.8008 -5.3875 5.26506 5.34081 -0.97696 -4.22313 3.49972 -0.826864 -2.28191 -6.45989 -0.675737 1.62256 2.99731 3.38533 0.382306 -0.601272 5.75468 -4.06578 0.396381 6.25253 4.65985 3.21097 -9.86235 -1.02235 -4.01855 -2.00979 1.65853 -0.781097 
-2.93598 -8.47128 -2.54282 -5.21013 7.5391 -6.82665 3.9869 0.585242 -5.0606 0.73198 -1.58714 6.37814 -0.62977 4.85466 3.01825 -1.61335 7.80965 10.6052 -4.91969 -3.45807 13.2089 -1.23521 9.63216 -5.07126 3.27258 4.09516 -1.40364 -5.35728 1.00262 0.804626 -2.9178 -8.50411 -2.08088 1.33428 2.60508 2.48518 0.499167 -3.00059 6.78098 -4.66633 -1.0265 4.93626 3.68343 3.72316 -10.8161 -1.70612 -5.31413 -2.34907 2.44945 1.44812 
-3.80723 -8.05602 -3.00046 -4.74981 6.60707 -7.0469 3.30107 0.388179 -4.69587 -1.89738 -3.01879 5.81339 -0.300667 3.51058 2.63418 -1.80419 7.07467 10.1203 -5.11348 -3.95025 13.1284 -2.00982 8.96376 -4.71199 1.58512 5.14342 0.493458 -5.54875 1.82242 1.02695 -3.3485 -8.93011 -2.84086 0.23701 1.91918 0.70348 -0.885229 -2.87797 6.89748 -6.79725 -1.34931 3.75179 3.26036 3.75399 -11.2475 -2.91995 -5.63001 -2.10804 1.10435 1.43551 
-4.15787 -8.53142 -2.96534 -7.08199 5.5806 -7.48689 3.50085 -0.95168 -6.04317 -2.70133 -3.58933 5.30434 -0.146933 3.13575 1.92844 -3.27777 6.85861 9.09113 -5.22585 -4.69104 12.106 -2.71476 8.5174 -5.66843 0.704877 4.36245 -1.55455 -3.68209 1.74358 -0.454386 -4.57778 -9.36646 -3.35075 -0.419881 1.12353 -0.212055 -1.50371 -4.35346 6.14307 -6.43711 -1.52427 3.16665 2.01114 2.8918 -11.1635 -2.13761 -6.87433 -2.26164 0.851397 1.23004 
-4.74464 -7.4009 -3.45509 -6.67012 4.32189 -8.48207 2.80434 -1.88321 -5.43672 -3.88672 -3.50904 4.61544 -0.695905 3.31806 1.56318 -2.95371 5.90953 8.20414 -5.34417 -6.43283 11.9843 -4.26729 8.96836 -5.72508 0.523442 5.11606 -1.96296 -2.2877 1.59248 1.09196 -5.68146 -10.2219 -2.65602 -1.19208 0.777 0.158111 -1.51512 -4.93348 4.80524 -5.6988 -2.64856 3.31467 1.80847 1.62249 -10.1119 -1.57533 -6.07625 -1.67841 2.58744 0.64112 
-3.28037 -7.5021 -5.39274 -6.46681 4.481 -8.57268 3.08818 -2.54339 -5.48262 -3.52778 -3.97535 3.41108 -2.31748 4.37417 1.16234 -1.74309 5.33516 9.45583 -5.68949 -6.75288 11.8704 -4.84712 8.26607 -7.03121 1.08991 5.06015 -1.54863 -1.40992 1.75246 2.28639 -7.09765 -10.6786 -2.68195 0.771717 1.70512 0.300281 -1.30886 -3.49124 4.12383 -6.84501 -4.70329 3.67379 1.56686 1.9102 -9.43237 -1.10509 -6.28102 -1.62885 2.72874 -0.508845 
-3.27383 -6.3103 -6.15087 -5.47396 5.09698 -9.66179 3.96397 -2.01927 -5.95961 -3.69896 -4.53544 3.74486 -3.76135 5.20687 4.07852 -2.28044 4.29249 10.2922 -6.07772 -7.51479 11.3668 -5.21335 8.27755 -7.73351 1.3753 3.46499 -0.217078 -0.403789 2.32672 2.86722 -8.14941 -10.0716 -2.32149 -0.763689 1.63807 -0.308229 -1.98871 -5.94075 2.90778 -7.79555 -6.66533 2.64969 1.45765 1.49913 -9.44394 -0.737055 -7.59253 -2.60809 2.68236 1.05148 
