0 0 0 0 0 0 0 0 0 0 0 0 0 0 0 0 0 0 0 0 
0.0238525 -0.347263 -0.257496 -0.129273 -0.379077 0.262944 0.322553 0.468835 -0.244686 -0.139175 -0.949642 -1.35524 -0.0283674 0.321758 -0.880275 0.847517 1.29447 0.480911 0.0894903 -0.611761 
-1.36108 -0.541315 -1.44239 -1.01928 -1.77338 -1.76493 -0.619296 -0.301597 -1.53171 -1.12681 -3.10118 -1.78616 -1.02242 -0.681035 -1.90067 -0.0259184 -0.879631 0.0481817 -1.63305 -2.16528 
-3.45069 -1.04968 -2.31898 -1.04278 -3.02003 -3.59125 -2.12226 -1.6175 -3.39967 -1.65427 -4.43757 -2.57582 -1.4651 -2.89904 -4.00959 -2.5877 -2.72426 -0.327029 -2.75411 -1.92389 
-2.65553 -0.840306 -2.48925 -1.69151 -1.592 -3.1597 -1.33714 -1.23989 -3.231 -0.158207 -3.29802 -2.28264 -2.26634 -2.91207 -4.2527 -1.61759 -2.26356 0.496212 -3.69853 -2.09982 
-2.52836 -0.70876 -2.9384 -3.02469 -1.98852 -3.45535 -0.960251 -1.72508 -4.53171 0.113001 -3.4818 -3.73966 -3.0897 -3.18321 -5.31657 -2.74134 -2.32218 0.266016 -4.26813 -2.69262 
-2.5474 -0.869865 -2.96174 -3.95751 -3.41043 -2.88375 -0.916484 -2.0899 -3.1526 -0.720988 -3.1454 -3.56341 -3.85092 -3.33193 -6.06108 -3.11031 -2.27359 0.730327 -3.23364 -2.02409 
-2.58275 -2.4818 -2.72036 -4.68228 -3.56804 -3.54717 -0.574554 -2.38004 -2.21094 -0.364673 -3.47566 -4.90448 -4.17368 -2.41354 -5.65876 -2.61283 -1.56318 1.12562 -2.82947 -1.85951 
-3.34933 -4.09729 -3.23924 -4.8678 -4.54781 -3.43547 -0.434158 -2.58974 -2.65485 -0.605547 -3.07143 -4.57537 -6.5391 -2.34234 -6.69323 -2.27634 -1.676 1.06109 -3.55482 -1.05538 
-4.44214 -4.64467 -3.42065 -4.10859 -4.43776 -4.1894 -1.25307 -2.56732 -4.42869 -1.81751 -4.21651 -4.30295 -5.1867 -3.52883 -8.64689 -3.73386 -3.07954 0.321338 -4.9996 -1.31496 
-4.95403 -5.71181 -3.23212 -4.7326 -5.96933 -4.3637 -1.70848 -2.80425 -5.17962 -2.29331 -4.16136 -4.99538 -5.30519 -3.61381 -8.00507 -3.58432 -3.04067 0.132443 -5.96814 -2.46295 
-3.92457 -5.2809 -3.17181 -4.65726 -6.13403 -3.11664 -0.458855 -2.37693 -5.36581 -2.13064 -3.63298 -4.18202 -5.20458 -4.45254 -6.77793 -3.46704 -3.86768 0.344388 -5.68317 -2.46733 
-4.25236 -6.49039 -4.96219 -4.18616 -5.70031 -2.18347 -2.01117 -2.8032 -6.35401 -2.33044 -3.23847 -3.44097 -5.38248 -4.25961 -7.08553 -4.21454 -3.70463 0.970191 -6.12541 -3.47613 
-3.99541 -5.92027 -4.18911 -2.71948 -6.16886 -2.24898 -1.64221 -1.8038 -6.61953 -2.06473 -2.72041 -1.74218 -5.94574 -3.45315 -7.42558 -2.62954 -2.80195 1.77134 -4.78377 -1.47286 
-4.59724 -4.9872 -3.28024 -2.27088 -6.34566 -2.34714 -1.59822 -1.59987 -6.46111 -2.79161 -2.59649 -3.00873 -5.82459 -3.13042 -7.71829 -3.35925 -3.68936 2.4315 -4.23631 -1.04008 
-4.78053 -5.83949 -4.96091 -2.39703 -6.86661 -4.54176 -1.69499 -2.26302 -7.18484 -3.43177 -2.96928 -2.7044 -6.71542 -4.2558 -8.73181 -3.97605 -4.53903 1.79836 -4.47339 -1.46181 
-4.72621 -4.82097 -3.5871 -0.603257 -5.43805 -3.53691 0.857996 -1.49595 -6.39888 -2.69317 -1.21501 -2.25994 -5.77785 -2.72798 -7.27978 -2.89755 -3.9454 1.96389 -3.92096 0.0970931 
-4.85681 -4.66096 -3.83797 -1.0423 -4.88668 -3.66792 1.09123 -2.38435 -5.95162 -1.72512 -0.901529 -1.8605 -4.51513 -2.97353 -6.66691 -1.41376 -6.12268 2.48464 -3.50717 -0.777495 
-4.39717 -4.81042 -4.39073 -1.02881 -3.61535 -3.95864 1.03473 -1.24258 -6.97295 -2.19085 -2.08111 -2.83023 -3.98023 -2.43753 -6.15985 -1.75327 -5.29006 2.32313 -2.7777 0.566604 
-4.22427 -3.12475 -4.78137 -0.494129 -3.24819 -5.62801 2.64853 -1.96278 -7.133 -2.13505 -1.37062 -2.82868 -2.1939 -1.06644 -7.09799 0.131594 -5.07434 2.94745 -2.14846 1.30417 
-3.55459 -3.47365 -4.24817 -0.745676 -3.08683 -6.13649 1.17836 -1.76935 -6.10332 -1.58632 -0.571536 -3.40889 -2.85854 -1.37684 -6.85507 -1.1896 -5.20974 3.51827 -2.05454 2.2094 
-2.07203 -3.67735 -4.31858 -1.32713 -4.0205 -6.3279 1.12714 -1.5453 -7.45866 -0.159626 -0.0199563 -2.95548 -3.53502 -2.18161 -5.93678 -1.92525 -5.11859 2.5734 -1.55563 1.3907 
-3.13885 -4.00203 -4.69971 -2.32108 -4.67635 -6.82387 -0.0948447 -1.39316 -9.39331 -1.53116 -1.50207 -4.46545 -2.60939 -4.04548 -7.83671 -3.44729 -5.94662 2.10218 -2.40534 0.148758 
-3.15842 -3.95298 -3.87569 -3.46541 -5.32897 -6.71191 -1.20369 -2.02543 -8.61376 -1.03906 -1.7818 -4.29802 -3.37184 -3.11527 -7.85819 -3.46233 -7.55079 1.1418 -1.63976 0.389019 
-1.83304 -2.84096 -3.96756 -2.55036 -5.61287 -6.88074 -1.44228 -2.34966 -9.30719 -1.12789 -1.93736 -3.59191 -3.31423 -3.22517 -8.05101 -4.64029 -7.45833 0.692922 -2.3512 -0.718255 
-2.30881 -2.5259 -4.26233 -1.09577 -6.18139 -6.27309 -1.6929 -2.84458 -8.87822 -2.6758 -1.38194 -3.85462 -2.24823 -2.48747 -8.21457 -5.78561 -6.91595 0.476992 -1.87287 -0.542766 
-1.55145 -2.12324 -5.06031 -1.88156 -5.90665 -5.35653 -0.893672 -2.74789 -9.36464 -3.13478 -0.672076 -4.13674 -1.98942 -2.86259 -7.87585 -6.32914 -6.67192 0.498473 -3.34201 -0.00719471 
-1.2921 -2.1233 -5.98905 -2.27879 -5.56252 -5.03546 -0.9596 -3.76585 -10.8917 -2.17866 -1.36678 -5.10615 -2.26303 -3.75605 -7.5208 -5.7679 -7.85401 0.381048 -4.4395 0.347469 
-2.25979 -2.81623 -6.16248 -2.31529 -7.63195 -5.69094 -1.86335 -4.89562 -11.5009 -2.9834 -1.558 -6.18961 -3.16466 -3.9273 -7.26741 -6.16843 -7.576 0.220829 -5.14003 -0.0252574 
-2.80457 -3.70096 -7.57231 -2.1491 -7.31253 -6.23714 -2.03829 -4.78047 -11.9237 -2.64351 -1.8112 -6.40873 -2.794 -5.34153 -7.79686 -6.7152 -8.6875 -0.346328 -6.01494 -0.252757 
-1.87634 -2.38207 -7.89554 -2.37241 -7.32327 -5.5939 -0.976161 -3.30475 -11.7237 -2.88509 -1.19419 -6.5157 -3.21322 -4.23264 -7.31464 -6.65736 -7.67774 0.0837766 -4.82811 0.495731 
-1.79169 -3.74043 -7.9236 -2.86437 -7.32244 -5.72133 -1.30244 -3.14798 -11.8644 -3.8203 -1.41402 -6.49271 -2.85839 -3.70513 -6.39751 -4.5091 -6.62466 -0.510873 -4.89343 0.0155281 
-3.26313 -4.78867 -9.77409 -3.39545 -8.8192 -7.62281 -2.03866 -5.38037 -13.3099 -4.24409 -1.42266 -8.28972 -4.00053 -5.09738 -6.8017 -5.22251 -8.60183 -1.64251 -6.73948 -1.26515 
-2.53973 -4.45537 -8.32347 -2.74791 -9.63621 -6.91716 -1.64247 -4.81477 -13.4854 -3.99026 -1.12304 -6.63613 -4.36342 -4.42832 -6.93232 -4.79932 -7.27635 -1.48974 -4.94019 -0.80453 
-1.23167 -4.90551 -7.88239 -2.25809 -8.09831 -6.43634 -0.581949 -4.9099 -12.6453 -3.76538 -0.485512 -4.89636 -3.11778 -4.00454 -5.76184 -3.8769 -7.40869 0.110565 -3.35245 0.845409 
-1.84565 -3.52365 -8.03447 -0.398933 -7.28538 -6.45995 -1.25799 -4.22858 -11.5942 -3.09572 -0.567429 -4.615 -2.9943 -3.09689 -5.97212 -3.7305 -8.7977 -0.629847 -3.52442 1.7597 
-2.14726 -3.22044 -7.2154 -0.451545 -7.00847 -5.16937 -0.233444 -3.90934 -11.7308 -2.94557 0.426102 -5.27773 -1.05587 -2.47447 -4.98768 -2.26674 -8.2987 -0.57326 -1.71863 2.3843 
-1.55917 -2.70856 -7.54996 -0.345994 -6.15234 -4.87939 0.218753 -3.19389 -10.6291 -2.27307 2.53946 -4.33652 -1.67863 -2.31865 -4.91028 -1.99217 -6.12336 -1.0117 -1.10084 2.36993 
-0.213198 -2.33583 -7.28847 -0.193669 -6.07288 -2.68207 1.38765 -2.63568 -9.71762 -1.15681 3.78617 -2.99806 0.157022 -1.91018 -3.78215 -0.388436 -3.811 -0.395502 -0.935437 2.62989 
0.244754 -3.08283 -7.6188 -0.554866 -5.98853 -2.03987 0.853756 -1.93131 -9.67823 -1.90671 3.40668 -2.18385 0.477864 -0.931231 -3.28779 -0.911383 -3.69033 -0.747581 0.487189 2.86739 
-1.02249 -3.06516 -7.54232 -2.31534 -7.27707 -3.35255 -0.200469 -0.634411 -10.2892 -1.85138 2.72216 -2.80139 -1.04765 -1.30069 -6.54691 -1.0165 -4.25537 -1.65723 1.07135 2.86563 
-0.791298 -2.90856 -8.4372 -3.48858 -7.73552 -4.18724 -0.29911 -0.736154 -10.1296 -2.1606 2.07169 -3.497 -1.81653 -2.16675 -7.4053 -2.13914 -4.18469 -1.4163 -0.0786608 2.50895 
0.933069 -1.92015 -7.06158 -1.92187 -5.96844 -2.60463 1.10605 -0.130572 -9.04531 -0.249858 2.01312 -2.20187 0.301518 0.123934 -6.88889 -0.684978 -2.67093 0.487007 0.0305135 4.37 
2.33876 -0.253705 -5.14258 1.03371 -4.87969 -0.283482 1.6278 2.25818 -9.03786 1.13823 2.44274 -0.612226 2.56742 1.62532 -5.13448 1.3566 -2.02053 2.83391 2.26166 7.35781 
1.6969 -0.467964 -5.10602 -1.27536 -6.34799 -1.20895 -0.641698 0.285501 -9.51728 0.576686 2.25939 -1.70285 1.79778 0.622651 -7.23096 0.268062 -3.63484 2.60939 0.0419712 6.13299 
0.101206 -0.987719 -6.36596 -2.41593 -7.33592 -1.84762 -1.42281 -0.714114 -10.7886 -0.96163 1.81982 -1.61129 1.2146 0.262085 -7.86527 -0.245069 -5.03855 1.59234 0.301928 4.60823 
-0.387608 -0.981629 -6.77418 -2.71467 -7.95539 -2.28137 -2.51954 -1.63515 -11.0207 -2.87602 1.66069 -2.14117 -0.453443 -0.725737 -8.29132 0.613182 -5.74557 0.209403 -0.211165 4.42398 
-1.2645 -1.14916 -7.10097 -4.01582 -8.28055 -2.8004 -3.71541 -1.91403 -12.322 -3.473 0.451279 -0.91704 0.164973 -1.47563 -9.06628 0.316537 -6.694 -0.464815 -0.416269 4.40751 
-1.63566 -2.08512 -8.82813 -4.78463 -9.1091 -2.93729 -5.89862 -2.05605 -12.2234 -3.79468 -0.232376 -1.27886 0.160824 -2.99953 -9.92871 -0.239214 -7.74498 -1.57872 -1.05359 4.09163 
-0.421676 -1.91408 -7.86552 -3.96723 -8.62267 -2.52227 -4.76714 -2.86513 -11.0758 -4.4099 0.043606 -0.270898 0.193675 -3.39162 -9.87513 0.111716 -6.61038 -1.25723 -2.0375 4.46025 
-0.439119 -0.824365 -6.80253 -3.84988 -7.26395 -1.41165 -3.67759 -1.88705 -10.0462 -2.46724 0.0382844 1.16705 2.12455 -2.48873 -9.76842 1.22817 -4.48915 -1.52639 -0.642994 7.35193 
