0 0 0 0 0 0 0 0 0 0 
-0.95925 -0.118401 0.79482 -1.4049 1.85216 0.855662 0.933688 2.17307 0.422115 -1.42871 
-0.881344 0.907627 0.470174 -1.34638 2.6477 0.593565 1.15405 3.10285 -1.4997 0.453437 
-0.153891 1.18371 1.147 -2.54615 1.22474 1.28005 1.12485 2.95608 -2.3259 0.881394 
-0.601899 1.13195 0.621159 -1.99058 1.42833 -0.664909 0.628372 1.19663 -1.29413 -0.395907 
-0.92298 0.310684 -0.131776 -1.63256 2.37911 0.216677 -0.656627 -0.332041 0.176922 -2.14454 
-1.21948 -1.55169 -0.527619 -2.45668 1.81081 1.28929 -0.683351 1.22395 0.235443 -4.13027 
-0.412169 0.198487 -1.65902 -2.32645 1.4781 2.78393 -0.862349 2.22866 -0.250113 -5.08436 
-2.61929 0.812942 -1.11857 -3.9531 2.32131 1.7856 -0.852507 0.44935 -0.617948 -3.9733 
-3.3416 2.4368 -0.314125 -4.11811 2.40797 1.5626 0.0142291 -0.615311 -1.03633 -2.73774 
-3.21951 4.79741 -1.0139 -4.53036 2.84317 1.96545 1.15126 -0.81993 -0.780515 -4.88223 
-2.21666 3.59511 0.0978752 -4.00278 1.7401 2.55488 1.12311 -1.00383 -1.60035 -6.31273 
-2.44458 3.59048 -1.17231 -2.66169 1.53004 3.42393 0.0992057 -0.722726 -0.325912 -6.75007 
-3.432 4.6216 -1.26879 -2.2816 3.01952 5.33967 -0.895748 -0.0196718 -0.336761 -7.13131 
-1.54276 3.82805 -0.386592 -1.09557 4.36692 6.05311 0.13336 -1.27721 -0.922133 -7.18642 
-2.00248 2.88774 -1.49521 -1.18594 3.7782 6.67038 1.14164 -0.391089 1.37584 -8.46627 
-1.18752 4.03476 -0.223542 -1.76491 3.34382 6.01405 -0.444226 -1.3728 1.29382 -7.59112 
-2.10689 3.1746 0.993965 -2.15787 2.95446 6.32979 -0.9574 -1.55893 1.46166 -7.77931 
-2.41553 1.44965 2.32245 -1.49783 3.37399 6.43508 -2.57196 -1.83294 2.77847 -8.43495 
-2.75444 2.03816 2.98004 0.539557 2.06897 6.98344 -3.29665 -1.98431 3.24821 -8.43189 
-1.90454 2.10393 2.67481 -1.32824 3.38587 5.61615 -4.86216 -0.0965645 3.64817 -9.45761 
-2.33415 1.18643 0.151396 -0.104178 1.50795 4.43916 -5.47521 -0.58888 2.98703 -8.98022 
-2.51297 1.50506 -1.099 0.157285 2.14495 3.73563 -5.55419 1.12068 2.14318 -9.17102 
-1.27299 0.771323 -1.80231 -0.582458 4.33275 2.82853 -6.4659 1.61695 2.55794 -9.63874 
-1.33518 -0.349082 -2.69924 -0.568981 4.921 2.05185 -5.51837 1.95206 2.59984 -9.56463 
-0.985554 -0.994444 -2.20285 -0.676345 6.22974 2.85118 -6.93118 2.02661 2.16513 -8.62908 
0.0925005 -2.19758 -2.22731 -0.962058 4.84375 2.70286 -6.48591 2.94986 2.1235 -7.73954 
0.26543 -2.4269 -4.44035 -0.51569 3.82581 3.32018 -6.1775 3.5581 0.894967 -7.46469 
1.22141 -1.73359 -4.77703 1.60081 4.29973 3.15598 -5.21101 -0.513058 -0.478607 -6.36233 
-0.0172118 -1.76384 -4.16621 1.73279 4.22026 4.34285 -3.56325 -1.34484 1.94884 -6.29303 
-0.0839869 -2.94799 -3.50187 0.776627 6.00503 3.35945 -2.16071 0.180527 1.32081 -6.05561 
0.577746 -1.65932 -2.865 -0.709412 5.27152 4.69265 -2.91128 -1.77449 2.30837 -6.47986 
1.08157 -4.55889 -2.73712 0.281979 3.13292 4.58308 -3.26532 -1.67046 2.26243 -5.17139 
0.839537 -3.25762 -1.51751 0.857857 3.11877 3.34946 -3.7795 -2.24959 2.31773 -4.9359 
0.633061 -4.03671 -1.19626 0.819588 3.73497 2.18692 -4.81259 -3.19558 2.72501 -5.40629 
1.29816 -3.84987 -1.40204 0.534275 5.65533 1.10913 -3.65271 -3.83446 1.19033 -6.89879 
2.58763 -4.71809 -3.2359 1.75244 4.00136 1.56462 -3.74241 -5.83458 1.27197 -4.54108 
2.45936 -3.34501 -3.01076 1.98093 5.49019 2.80473 -4.25062 -5.26781 -1.37548 -4.29513 
1.5425 -3.31647 -4.22045 3.07552 3.55843 2.45473 -4.70901 -4.21325 -1.24255 -4.6584 
1.89426 -4.32259 -4.30192 2.8855 3.71686 2.72491 -5.18664 -3.37543 -0.94519 -2.95403 
0.788888 -1.3405 -5.46948 2.95452 4.39909 1.63077 -5.67307 -3.16296 -3.16985 -4.28731 
1.44021 0.787654 -4.88946 2.14716 3.25851 1.52062 -6.21735 -3.28163 -3.52549 -3.18131 
1.23495 1.65497 -3.83822 0.913262 5.29469 -0.115815 -7.6072 -1.01013 -3.99549 -1.83182 
0.793713 1.50583 -3.91798 0.600643 6.51343 0.945558 -7.33971 -0.895235 -3.9471 -1.22097 
0.300502 0.593069 -1.92665 -1.52075 3.66272 -1.13416 -8.70057 -0.854021 -3.22261 -1.37805 
1.16915 -0.608899 -2.31896 -2.37896 3.75001 -0.980876 -8.18894 -0.249202 -4.03466 -2.24111 
1.81425 -2.07073 -3.21018 -1.69777 2.95455 0.843243 -9.44089 -1.20556 -4.06342 -0.69206 
3.71128 -1.80602 -3.59612 -0.533225 4.38718 0.806403 -8.68609 -0.203458 -4.91984 -0.633866 
1.94068 -1.12808 -4.55024 -1.7327 2.90449 2.02397 -8.51015 -0.478738 -4.69531 -0.149472 
2.5182 -2.96156 -5.88114 -3.48044 0.939931 2.52779 -7.03346 0.744175 -4.03817 1.27267 
4.23694 -2.22873 -6.89815 -1.67803 1.2033 3.59329 -5.66024 0.0540921 -4.26128 1.25856 
