0 0 0 0 0 0 0 0 0 0 0 0 0 0 0 0 0 0 0 0 0 0 0 0 0 0 0 0 0 0 0 0 0 0 0 0 0 0 0 0 0 0 0 0 0 0 0 0 0 
0.338305 -0.7807 -1.7683 1.60122 -0.311706 -0.974735 -0.540698 -2.31285 0.0738327 -0.251563 -0.620971 1.49015 0.688926 -1.01847 1.18645 0.905251 0.717332 0.557893 0.0134736 1.28375 -2.22496 1.01656 -2.01817 -0.14442 -0.365616 -1.59249 0.659127 -0.870955 0.67433 0.621308 -0.308451 -0.93833 1.64616 0.359286 0.28021 -0.202881 -0.55763 1.14674 -1.80636 0.2025 0.926681 2.47318 -0.627139 0.411168 1.16009 -1.82964 0.29333 0.6944 0.0471408 
-0.436232 -2.60935 0.359195 1.74889 0.496382 -0.0554195 -1.58765 -1.06807 1.18794 -1.11736 -0.859045 1.52576 1.12907 -0.657651 1.12236 -0.109444 0.740653 -0.834262 -0.0806566 1.85457 -0.175682 2.42957 -0.267581 -0.655496 -1.12172 -1.78274 -0.123533 -2.8236 0.35649 1.12843 -0.929992 0.073179 0.153007 2.30938 0.672557 1.63079 -1.95215 0.0891959 -3.00434 -0.201383 2.48414 3.09075 0.564563 -0.346922 0.142861 -2.89713 -0.849062 0.208952 0.62977 
-1.46105 -2.45848 -0.0668566 1.75642 0.497122 2.00134 -4.18039 -0.47416 2.86623 -1.70774 -1.66102 1.65224 1.97452 -0.348337 0.634214 -1.69312 -1.68624 0.111748 -1.32846 2.2366 -0.0262494 2.92096 -1.5572 -1.63677 0.519033 -1.87142 -0.901535 -3.47575 0.032147 1.0643 -1.53818 -0.93167 -0.926808 2.76668 0.218451 1.55904 -0.282186 0.225315 -3.44295 0.359456 3.7817 3.78394 0.962651 -0.376263 -1.81066 -3.6668 -0.351454 1.20315 0.300581 
-0.589152 -2.6039 -1.4288 2.63199 0.970198 1.58578 -4.32445 -2.45828 2.15489 -0.859831 -1.48675 2.22198 2.58872 0.574777 0.491853 -1.41892 -2.09803 0.661352 0.279728 2.73621 1.83576 3.3585 -1.51821 -1.68572 -0.258176 -1.80014 -0.410865 -3.05716 1.61176 0.938287 -1.78417 -2.665 -0.845482 3.78501 -0.0548782 1.77856 -1.80408 -0.324061 -3.25685 1.49159 3.64931 5.4787 1.58327 0.198133 -2.5775 -3.86486 -0.54659 3.04982 0.442047 
-0.667519 -2.42818 -1.31139 4.71926 0.00820948 3.03422 -3.75956 -1.09648 2.4689 0.818423 -1.62808 0.759931 2.03211 1.28511 -0.0917972 -1.40058 -1.50648 0.759644 -1.77335 4.86329 2.36994 1.92023 -1.78446 -0.795638 1.4412 1.25058 -2.21967 -2.53953 2.13424 2.3447 -1.99655 -1.93362 -0.848522 3.53964 -1.21788 0.436678 -3.15346 -0.418664 -2.41997 1.18546 4.70918 5.97653 2.22378 -0.246567 -3.83168 -2.06066 -2.00794 2.8519 1.14855 
0.0561057 -3.39299 -1.11938 5.35605 0.342752 2.05729 -3.76116 -0.662739 2.47939 1.57412 -1.22145 1.07487 0.904134 0.0133663 0.285284 -0.14419 0.693765 2.04607 -3.79477 5.82828 1.96584 3.6295 -0.0842643 -1.5581 1.30249 0.14965 -2.93273 -2.48716 2.30223 2.54991 -2.33699 0.0153225 -0.490784 4.34899 -1.86337 1.00322 -4.57799 -0.28221 -3.82515 0.301649 5.38118 6.23577 3.91545 -1.08342 -2.88401 -1.64793 -4.08854 3.60774 3.0686 
-1.13287 -3.45898 -0.84343 4.48145 1.23373 2.12769 -3.14747 -1.53479 1.72942 2.193 -1.26164 1.90075 1.5248 -0.601952 0.453284 -1.11122 1.16822 -0.209341 -4.46101 7.06098 1.97521 5.98393 -0.090844 0.299859 0.255786 0.453619 -5.14532 -2.79552 0.401891 1.54732 -2.50204 -0.558267 0.292438 3.87303 -2.83437 1.81407 -5.68008 -0.807006 -3.82835 1.38483 5.16205 4.39045 5.01419 -1.01143 -2.76504 -1.09289 -4.14376 2.50375 2.84923 
0.129712 -4.58954 -0.336059 5.51553 1.48987 1.86796 -1.08372 -1.98949 2.45084 1.84308 -1.16815 1.51023 0.577509 -1.2355 2.29071 0.523856 1.83788 0.16625 -4.66719 6.51496 3.32831 5.66417 1.48383 0.342884 1.00355 1.10937 -5.74459 -2.36863 0.0428655 0.89427 -3.98573 -1.11164 -0.498948 4.07315 -5.4872 1.85934 -5.05697 0.554783 -3.90561 0.811369 4.30111 4.51991 3.09374 -1.87112 -2.98626 -1.21884 -3.60964 1.62262 1.54542 
0.325494 -5.18691 -1.0371 4.97559 2.26331 1.89059 -1.1094 -1.23927 3.18132 2.1808 -1.31765 1.57268 1.25568 -0.758365 1.36482 2.43 2.06497 2.17506 -2.94945 7.64995 4.13153 7.26438 1.55107 0.336866 1.17817 0.639127 -6.27291 -3.96912 -0.687566 0.079926 -5.04834 -0.808514 0.295542 1.82564 -5.20952 1.75202 -6.05695 -0.422406 -2.76506 1.75128 4.11277 4.3985 3.5886 -2.35141 -3.34811 1.05025 -4.89509 1.49324 2.98773 
-0.550349 -4.02548 -0.284545 5.06891 0.517374 2.40507 -1.29933 -2.0828 3.76202 3.06496 -1.36545 2.72917 1.64284 -0.69482 2.11502 4.07177 0.867403 1.10882 -3.44165 6.7452 4.20266 5.9516 1.05038 0.318399 1.64302 1.00876 -7.26474 -3.75135 -1.96763 0.359708 -4.61743 0.573367 0.122534 2.7797 -5.86484 0.729907 -8.00184 0.512698 -2.98122 3.19772 6.41037 4.16599 2.51009 -1.16507 -2.46176 3.56623 -5.02847 2.12181 3.17936 
-1.29308 -5.43676 0.580324 6.23102 1.64974 2.8442 0.0146153 -1.5617 4.93633 3.09681 -1.7372 2.72899 1.0086 -2.26649 2.85037 4.3659 1.92444 2.02085 -4.31282 7.07904 3.74801 5.69761 -0.138529 0.827929 1.51818 0.548002 -7.34961 -4.17769 -0.058482 -0.793216 -3.80446 1.43677 0.160797 4.89309 -5.66868 -0.324281 -9.22253 -1.11293 -2.91675 3.01814 5.79082 3.7656 3.1569 -0.189071 -3.02206 2.8531 -4.61897 1.76652 2.2624 
-1.62983 -4.64226 1.93099 7.5856 3.21806 3.78134 0.200457 -0.401991 5.64534 3.71511 -1.78979 3.07945 1.04596 -1.83071 4.2147 6.95512 1.5332 1.73185 -4.91553 6.43929 2.27972 5.46287 -0.363081 0.455414 2.63175 1.48602 -7.45668 -4.6432 0.147908 -1.35126 -3.2023 2.50616 -1.69106 3.63697 -7.05226 0.194621 -9.08782 -2.88852 -1.91407 3.51109 6.62868 2.75634 3.99086 -1.71405 -4.99565 3.04194 -3.16442 3.12051 1.27363 
-1.47542 -5.89488 2.50393 7.1809 4.32136 4.16069 -0.268694 -0.796203 5.90355 3.23655 0.0477271 2.09318 1.38495 -1.56125 4.70206 7.46615 -0.229918 0.57935 -5.67909 7.59475 2.14186 5.01633 -0.819017 0.961354 1.73608 0.691384 -8.90151 -5.45883 0.651446 -0.124725 -4.91249 -0.268776 -1.7463 1.75216 -6.12835 2.20088 -9.79821 -2.46426 -0.95282 3.68022 7.96415 3.25777 2.61709 -1.56728 -5.98154 3.59051 -3.05276 2.40531 1.06141 
-2.83937 -5.32121 5.03235 5.74016 4.20863 3.02649 -0.791305 -1.92174 5.17598 4.0223 -0.515857 2.43599 2.09301 -1.54785 4.4696 7.50148 -0.157256 -0.696015 -6.46975 8.832 1.62338 2.91863 0.682596 -0.0844432 2.7526 0.725154 -10.5072 -4.96938 0.559409 0.183563 -6.39768 -1.3539 -4.56626 0.736379 -7.41832 3.48515 -10.5353 -3.31821 -2.6003 2.86404 7.79321 2.21534 4.63712 -1.45621 -5.86363 3.17453 -3.30676 2.99814 -0.487113 
-3.72381 -5.38751 4.51724 4.25691 3.84698 3.12911 -1.08149 -2.27696 2.95788 5.17328 0.928381 3.35824 3.36104 -3.23647 6.24828 8.03586 -0.205548 -0.662211 -7.7854 9.2629 1.22942 4.18431 0.554411 -0.367311 3.59359 1.24633 -10.1215 -4.41303 1.72617 -0.0907306 -5.81864 -1.09523 -5.12549 -1.41214 -7.4218 3.26697 -10.2558 -4.43233 -0.6087 3.54074 8.54533 1.97757 5.25997 -0.106575 -5.73652 0.714993 -2.07946 1.80216 -1.39045 
-3.98508 -6.96514 4.6228 4.06713 3.323 2.31873 0.062275 -2.58722 2.64729 4.10812 1.51374 2.86887 2.55116 -4.17372 5.76411 7.6594 -1.77678 -0.685934 -8.28044 8.55988 1.82965 5.1103 2.20269 -0.0150889 3.8982 0.698104 -9.85048 -5.02077 2.83308 0.25943 -5.1028 -2.08627 -5.0707 -2.81018 -7.88801 2.95685 -10.1901 -4.00753 2.51118 1.85378 7.58549 1.96811 2.6726 1.81387 -6.31921 1.48433 -3.03307 1.00294 -1.45239 
-4.07522 -5.84312 3.63664 4.44694 3.51835 3.1619 0.295933 -2.08021 1.90064 3.37675 3.05935 1.26068 2.10028 -5.20712 3.21735 8.16286 -0.787786 -0.356756 -6.03506 9.40714 2.1076 5.53077 1.4689 -1.27346 2.6628 -0.283917 -11.0776 -3.3185 2.53901 2.42591 -5.32586 -2.45379 -4.93801 -4.79766 -6.65878 2.7198 -11.3524 -2.58165 3.81226 3.30189 8.38483 2.38404 1.73271 1.37593 -5.2438 0.0754905 -4.53484 -0.710196 -3.08405 
-3.06594 -6.66078 3.31597 4.59948 4.19878 2.99362 1.81961 -3.46191 1.86811 2.88821 3.56359 0.803422 3.45126 -6.15746 2.13436 8.49723 -0.849731 -1.93947 -5.68149 8.48261 1.86155 5.41112 0.921927 -1.58999 2.96872 -1.19208 -11.9449 -5.28624 1.56787 2.47869 -4.71356 -3.43977 -4.06777 -3.65636 -6.55671 1.21222 -11.9108 -1.66618 4.06899 2.10261 8.58433 1.34085 1.31208 -0.142048 -5.72596 1.24667 -3.9902 -0.888837 -4.40927 
-2.68727 -6.24897 5.19734 5.53247 4.62692 2.21916 2.96134 -4.05076 1.21655 2.7361 2.10069 1.09413 3.15164 -6.78882 2.88855 8.11419 -1.24717 -3.46743 -6.20321 6.18264 3.45409 5.20756 1.49808 -1.34838 3.72239 -0.822016 -11.9112 -5.29682 1.16334 2.58469 -7.20518 -4.1158 -4.54538 -4.34636 -7.65918 1.21698 -10.6578 -1.16106 5.7696 1.21751 9.62228 1.55364 -0.916118 -0.309703 -6.94311 1.76759 -4.36926 -2.79741 -2.55896 
-2.02589 -6.96425 4.61571 4.54856 4.47072 2.73417 4.01047 -3.11251 1.921 3.28961 2.39772 2.10304 1.88638 -7.07511 0.686071 8.88747 -1.07676 -2.8445 -6.31633 5.82262 3.70074 5.39831 3.12266 -0.349589 4.4242 0.770434 -12.9822 -4.78858 2.27968 1.77573 -5.22654 -3.87865 -4.81075 -4.85848 -6.97206 0.563671 -12.4734 -2.23991 6.27082 -0.582 10.1805 1.65279 -1.9203 0.395136 -7.79585 1.58556 -5.64594 -2.77237 -2.88072 
-2.2886 -6.52305 4.55322 3.08537 4.64878 2.83855 3.18295 -3.06633 0.896177 2.19678 2.34866 2.76578 4.44353 -7.41075 0.439831 9.50048 -0.137911 -2.57746 -6.97929 4.10019 4.39472 5.3087 2.09939 -0.239645 6.45691 0.560063 -12.6325 -5.01797 3.11923 0.603283 -4.19919 -2.29566 -5.69134 -3.80608 -6.04479 0.8258 -11.3225 -2.68636 7.53872 -1.84103 9.79002 0.72099 0.0445413 0.325757 -8.00034 1.67385 -6.30493 -3.28992 -4.97662 
-4.01911 -8.13806 6.22904 4.43885 3.69589 3.75295 3.81738 -2.0106 -0.125049 1.76081 2.27682 2.52516 4.90554 -7.95919 1.43422 9.49518 -0.33253 -1.7862 -5.85523 3.29873 3.23944 4.07972 2.64665 -0.174691 6.44071 0.281279 -13.8599 -6.80316 2.64482 0.685878 -3.39233 -3.38629 -6.52205 -3.02238 -5.96028 0.812359 -11.6625 -2.82021 7.8997 -1.39458 9.98457 1.48301 -0.354396 0.764836 -8.87571 1.70588 -7.19578 -3.64098 -6.24144 
-5.21969 -6.55929 6.10563 5.47174 3.48586 5.54935 4.92947 -2.88778 -0.449445 1.58105 1.85621 2.35447 5.04728 -9.15011 0.273678 8.61109 -0.782561 -1.47147 -5.19758 3.42965 3.2786 4.48024 3.95804 -0.49157 6.08108 -0.249527 -14.9471 -5.41452 2.0649 -2.4153 -3.25653 -4.38269 -4.49385 -3.56448 -7.37234 0.553446 -13.2329 -2.28986 8.07166 -1.29797 9.83523 1.16875 1.7277 0.282957 -9.87168 1.03798 -6.7672 -3.64298 -4.59679 
-5.67463 -7.64667 6.25595 5.86993 4.2803 6.99713 4.55369 -2.50954 -1.32596 1.83513 1.38182 3.76255 4.32653 -8.54979 -0.37965 9.70984 -0.905006 -1.03483 -5.82908 3.95784 2.59413 6.24018 2.55169 -1.37208 5.41455 -0.342302 -14.3322 -6.18395 1.99233 -4.28599 -4.89589 -3.91814 -4.82931 -3.37945 -6.1959 1.39617 -13.1368 -1.34505 8.90943 -0.54158 10.3461 1.17878 1.1408 -0.331392 -9.46162 1.68048 -6.03303 -5.41444 -4.16536 
-6.79228 -9.20657 6.26826 6.74715 4.18955 6.52466 4.23079 -2.35898 -1.41644 2.05363 2.23941 4.36697 4.36198 -8.01791 -0.559532 8.83319 1.05317 -0.919272 -5.58982 5.01549 1.93975 7.58585 0.330991 -1.48217 4.30671 1.21376 -13.9326 -6.15906 3.3649 -4.98115 -4.26668 -1.72439 -4.17129 -2.64364 -7.14531 0.957855 -13.3495 -0.389743 9.5905 -1.90405 11.8292 1.63129 1.42679 0.986822 -8.86526 2.26566 -7.43863 -6.39627 -4.35042 
-6.11107 -7.71314 5.59062 6.74338 3.27879 6.35019 4.97687 -3.38784 -2.20428 2.29578 1.454 6.16221 4.11302 -9.57411 -1.34624 8.90024 0.753338 0.243171 -4.97733 6.06561 -0.261769 8.23887 0.473075 -1.28125 2.89042 2.29504 -13.6966 -7.17596 4.45316 -6.38493 -3.55985 -1.40281 -5.58268 -2.6706 -6.65433 1.23535 -14.6393 -1.49055 9.73938 -2.35494 11.3349 1.77097 2.13567 0.998382 -8.78487 3.19187 -8.44734 -7.05298 -4.28348 
-6.8698 -8.05494 4.8679 7.99201 2.80733 6.24265 5.56568 -4.29266 -1.34037 1.71339 0.676801 6.11254 5.68138 -10.0956 -2.31955 8.73101 1.86512 1.91484 -3.53177 6.6837 -0.708059 7.82909 2.20039 -1.29108 3.91562 2.23009 -13.5482 -6.56429 3.98249 -4.01977 -2.81317 -1.48842 -5.80177 -3.07065 -6.36931 0.456876 -13.7971 -1.36139 9.8927 -1.39008 12.9319 1.00478 2.61028 1.33939 -8.49678 4.30911 -8.46821 -7.15588 -3.20366 
-7.36637 -8.40932 4.74117 6.90739 3.49197 6.35449 7.45221 -4.17982 -0.151254 1.76947 0.202786 5.88193 5.35524 -10.7222 -1.9752 8.05628 2.9347 2.06327 -4.26327 6.92077 0.650836 7.62768 0.464878 -0.35138 4.81366 3.59504 -13.2319 -6.05449 4.05241 -4.32331 -2.62916 -1.91552 -5.84849 -4.15737 -4.50228 0.518413 -14.2943 -1.07104 10.1196 0.928652 11.041 0.751418 4.50547 1.97621 -9.42435 4.76511 -8.62213 -7.3955 -3.95591 
-7.69697 -8.48046 5.6473 7.03759 3.49511 7.22226 6.83185 -3.7701 1.41312 1.40689 1.83039 7.15073 8.30995 -10.4888 -0.880878 8.01768 4.25433 2.16326 -4.71619 5.39899 0.791836 5.74961 0.31515 0.157743 2.9831 4.24509 -13.4297 -5.60563 4.15404 -3.22822 -2.80069 -1.92389 -5.52589 -4.62323 -4.26495 1.58034 -15.4444 -1.18301 9.94822 1.90432 9.6789 1.32073 4.02895 1.55824 -8.03399 3.02333 -7.15678 -7.99469 -4.22285 
-8.41073 -9.10867 6.57592 5.86285 3.08007 7.9342 6.91029 -2.80899 0.858547 1.00138 1.77494 7.17218 6.59309 -11.0594 -1.41841 7.20827 5.00767 0.618053 -5.5619 5.49699 1.47384 6.66236 -0.604495 -1.05121 4.11497 3.0237 -15.3451 -3.4905 5.21054 -4.76983 -2.37799 -2.62504 -6.27084 -5.02838 -3.99748 1.56491 -15.4827 -0.724075 10.085 1.20152 7.85735 0.441418 4.51242 3.5728 -9.06445 3.74309 -7.32727 -8.23664 -4.68851 
-5.34692 -7.40368 7.93673 4.90468 3.23798 8.29452 7.8978 -3.65403 0.837655 1.86507 3.51552 7.57598 7.11546 -11.1201 -1.6326 4.86293 4.36819 -1.57692 -4.85834 5.84101 0.943727 5.17765 -1.29794 -0.274882 4.40152 3.17396 -15.5169 -2.58605 5.0834 -5.47412 -2.50312 -4.00632 -6.94238 -6.37875 -3.44727 2.06614 -16.013 -1.35437 9.7652 2.00093 5.85747 1.2164 2.00165 3.97366 -9.83766 3.74932 -6.41421 -8.90571 -4.34789 
-5.40895 -5.36211 8.73929 5.96819 2.34559 9.53154 8.17857 -4.98021 0.653334 3.74727 3.80682 6.37628 6.19772 -9.84018 -0.947147 3.78787 1.94201 -3.01304 -5.61758 5.18574 2.15563 6.70505 -1.68736 0.576538 5.75461 3.12829 -16.1395 -1.78255 4.73083 -7.02619 -2.65693 -3.05367 -6.03858 -7.23406 -3.45204 0.593242 -16.2026 -2.05066 11.1405 1.67082 4.53539 1.93405 1.04764 3.49498 -11.3849 4.68878 -7.49095 -7.31496 -4.87121 
-7.01509 -2.9763 9.94633 6.82837 0.596658 9.99971 9.23739 -5.67235 -0.61009 3.45029 2.51379 7.59367 6.82363 -9.17435 -2.28568 3.52593 2.97106 -2.82705 -5.87116 4.2899 1.8774 6.49115 -0.647959 0.988844 5.37884 2.80201 -16.2216 -3.10774 3.35871 -6.61807 -2.84463 -2.83933 -7.12811 -6.91481 -2.25387 0.761385 -16.7829 -2.04056 11.896 3.5544 3.48217 3.18148 1.73556 1.70965 -10.9803 4.71925 -5.89607 -7.92092 -5.85992 
-6.6838 -3.26556 9.54861 7.593 1.38729 9.05631 9.95474 -7.77907 -0.886972 4.26853 2.67254 7.54769 4.90316 -8.9455 -3.38824 3.03528 5.75683 -3.10644 -6.47657 3.49833 1.74048 5.89057 -1.84908 2.09622 3.82866 2.61872 -17.518 -2.94121 2.89595 -7.23315 -1.92029 -2.86777 -7.31722 -5.50324 -1.97728 -0.0139635 -16.9613 -1.98511 11.3409 4.11078 2.98055 2.1187 0.73503 0.444208 -10.9525 4.4939 -6.16705 -8.03288 -6.86386 
-7.15249 -3.34955 9.11375 7.91396 0.169274 9.25287 10.0188 -7.70852 -1.25616 2.94916 1.49086 6.67806 5.78921 -7.71129 -3.21674 1.67888 6.12988 -2.91669 -6.3142 3.73307 1.99674 6.23696 -1.32792 2.37465 4.58862 5.76406 -16.8927 -2.37945 2.31377 -8.66585 -1.83514 -3.46676 -7.10424 -5.72046 -2.11758 0.293344 -17.9068 0.142268 10.1006 4.96638 3.46373 2.42511 -0.453225 1.85056 -8.54963 6.32277 -6.08498 -8.67477 -7.59159 
-7.10907 -5.25695 6.84951 8.74436 -1.30223 9.44406 9.39316 -8.37746 -1.04392 1.65115 0.641607 6.22097 6.30228 -8.62157 -3.50952 1.21523 9.12761 -2.19954 -6.62772 2.07894 2.91834 7.87513 -1.74348 2.25132 3.54411 4.58478 -18.5898 -2.36636 1.75284 -8.6445 -2.78936 -4.22228 -7.92963 -4.86384 -3.64443 0.527378 -16.0739 1.2582 9.65142 4.88669 2.85685 1.39089 -1.42827 3.41688 -9.18831 6.97789 -5.01711 -8.86616 -7.50143 
-6.86909 -4.86233 6.78215 7.42411 -1.75674 9.56813 9.06768 -9.3029 -2.3761 1.44909 -0.231077 6.29749 5.45279 -7.78095 -3.11886 2.08639 8.11865 -2.30108 -6.96549 2.5266 4.08937 8.80687 -0.689451 3.28802 4.51036 6.83131 -18.904 -1.72178 0.711502 -8.21696 -3.35311 -3.23575 -9.1339 -4.5401 -3.31031 1.60877 -16.4635 1.91782 7.08238 5.42386 2.21995 1.84381 -4.35471 4.20859 -10.1336 5.92365 -4.43418 -7.46787 -6.79586 
-6.76199 -4.57096 5.90285 6.91104 -1.13207 7.5016 9.72598 -8.3916 -1.17981 2.50264 0.952288 5.97083 4.95866 -7.66075 -2.12263 2.75337 8.01325 -2.23641 -7.66039 3.8139 1.90394 9.13239 -2.48254 3.18693 3.63547 5.70695 -19.1667 -2.03695 0.513872 -9.13302 -3.87245 -2.89972 -8.70952 -4.53468 -1.88301 2.53606 -14.1156 2.88736 9.15708 5.52037 2.17087 1.56106 -4.37421 3.72388 -9.42868 7.10131 -3.66589 -6.64729 -7.77012 
-7.12 -4.7279 5.42291 8.6264 -0.966542 7.9703 9.67939 -10.4255 -2.53158 3.70403 1.4268 5.78293 4.35799 -7.78089 -3.67132 2.87727 8.62569 -2.81591 -7.15634 3.67766 2.1532 7.09969 -0.719101 4.87256 2.59206 5.97527 -19.4534 -2.6848 0.243901 -9.16005 -4.00519 -3.6597 -7.88272 -5.42914 -2.48327 3.54605 -13.8127 2.20337 9.9132 5.00642 1.62244 0.656103 -3.13275 3.91173 -7.42949 7.07021 -4.09292 -5.50077 -8.87966 
-6.09163 -5.14784 5.56541 8.12734 -1.33789 8.45561 9.87138 -10.8845 -4.22421 6.89326 -0.690264 5.57278 3.24059 -6.97546 -1.75844 4.46574 10.6387 -3.2439 -6.70099 2.16681 1.9388 6.79385 0.356785 3.74811 2.88055 6.76426 -18.0283 -2.95603 0.239087 -9.87076 -2.09813 -4.92351 -7.97353 -6.48793 -2.48697 3.08242 -16.4651 1.15415 9.47154 6.19203 1.53318 -0.356004 -3.89134 3.97183 -8.07755 7.34792 -5.77318 -5.73811 -9.25758 
-6.29425 -4.78178 6.2741 7.9097 -1.04519 7.49586 11.7235 -12.073 -3.85895 5.55088 -0.0158532 3.54897 2.67864 -8.20481 -1.50066 4.94796 8.77488 -4.79165 -4.71405 2.6734 2.88982 5.90725 -0.454475 2.07435 2.74524 7.21483 -17.4143 -3.24419 -0.368283 -11.0537 -3.16926 -3.95207 -9.09042 -5.16555 -3.1297 0.412618 -16.3961 2.3489 8.49097 5.86013 0.921825 -1.01253 -4.10224 4.41968 -8.0395 8.0491 -6.10551 -6.10314 -8.21397 
-7.80864 -5.83006 7.40997 8.41127 -0.238677 8.46085 10.5544 -14.0046 -2.66351 5.0367 -0.435939 5.00537 3.10624 -9.38157 -0.354469 5.22223 9.60026 -3.95498 -5.41091 2.81966 1.84658 5.40725 -1.58308 1.04256 1.11012 7.92691 -17.3634 -3.34129 -0.984264 -11.0977 -3.45508 -3.66312 -11.7405 -4.34119 -0.525167 -1.62347 -16.2415 2.35902 7.98876 7.16021 3.64919 -0.328053 -4.86199 4.7841 -7.32287 7.7499 -6.1998 -7.08036 -8.08119 
-7.53634 -6.81693 6.64361 9.47829 -1.10256 8.00736 9.31572 -12.5942 -1.28739 5.90537 -0.659955 5.0499 1.50071 -8.85792 -1.51923 5.26523 10.6504 -2.8298 -4.45847 3.77532 1.5256 5.83535 -0.974133 0.970711 2.51462 8.09006 -16.4291 -3.51813 -2.07508 -12.0969 -4.26167 -4.58781 -12.3808 -5.00243 -0.562663 -0.863421 -17.1215 2.97989 7.18134 7.38232 4.16663 -0.417334 -5.27805 5.34317 -7.3348 9.04644 -5.17732 -6.59354 -8.98961 
-7.54854 -8.6447 6.73041 9.57025 -1.93257 8.60365 11.552 -11.1489 -0.688233 4.52083 1.8855 5.33907 1.15988 -10.2576 -1.72152 5.17447 11.1367 -3.31701 -4.17251 3.92225 1.62206 4.74721 -2.9695 2.27948 2.18096 7.24842 -15.8093 -3.5476 -0.979004 -12.0287 -3.83797 -4.16739 -12.9792 -5.80373 1.19802 -0.981109 -17.3396 1.40966 8.02107 7.10392 3.63507 -0.955966 -4.16229 6.32843 -6.60755 9.29379 -5.10632 -4.00863 -8.83043 
-7.39318 -8.36672 6.04886 8.69335 -2.54138 7.91211 11.6285 -9.77245 -0.255207 3.10079 3.33857 4.66158 0.58519 -10.4057 -2.52708 3.76669 11.3706 -4.34723 -5.53578 3.27289 0.846473 3.80352 -1.41639 1.30911 0.955599 7.22216 -16.4796 -3.16182 -1.63 -12.6234 -2.95252 -4.093 -14.2927 -4.21068 0.411467 -1.6055 -19.2049 -0.0262356 7.83087 6.85764 2.21272 0.446023 -2.31982 5.95759 -6.31053 8.9319 -5.87827 -5.0593 -8.92825 
-8.57726 -8.76269 6.84233 7.59392 -3.97285 6.44636 9.51438 -9.80209 1.18856 3.28543 1.50102 5.60023 0.0232533 -9.21478 -2.98741 3.01386 11.4214 -2.89465 -4.99052 2.48296 2.41773 3.28583 -0.914435 1.23268 0.869765 6.45976 -15.674 -4.85043 -1.02551 -12.4223 -3.87602 -3.08575 -12.6129 -4.682 1.77512 -1.40759 -18.6978 0.384298 7.927 6.9052 2.59574 -0.0804798 -1.59534 7.1288 -5.10568 10.2773 -5.93011 -4.56157 -8.31119 
-9.83757 -11.8517 7.05104 6.33968 -3.86187 7.2849 9.12568 -9.18679 1.49477 1.1478 3.4918 5.62825 0.287189 -8.26499 -3.5716 2.67499 11.6419 -2.44562 -5.73306 2.98898 1.551 3.1597 -0.401654 0.914632 0.792935 5.79868 -14.0534 -3.64811 -0.143967 -14.0786 -3.54705 -3.60631 -14.2628 -4.42492 3.63193 -0.493775 -16.4525 0.873157 6.69639 7.88822 3.90302 -0.151443 -2.0646 5.84544 -3.49806 8.57239 -5.48023 -3.71815 -8.47434 
-9.79506 -12.1768 4.28673 7.14366 -3.32995 6.86965 7.83787 -7.76268 1.28496 1.57335 2.32095 6.04703 -0.287542 -7.98269 -3.2009 2.81678 11.3536 -0.385122 -5.18493 1.82995 0.913582 2.41988 -0.588804 1.67267 1.55017 5.12317 -14.673 -2.64048 -2.05023 -13.8777 -3.71371 -2.45379 -15.186 -4.17342 4.12722 -1.45085 -17.1105 1.29881 6.4707 6.65895 4.39631 -1.47313 -4.8429 3.7027 -4.23172 9.52061 -6.06872 -3.8039 -8.14376 
-11.3864 -10.4194 4.25582 7.22091 -2.26504 7.26646 8.56366 -6.89904 1.03942 1.25243 1.05877 6.40458 -0.687014 -8.82183 -4.34927 3.59015 11.1286 -0.287726 -5.0567 2.63807 1.20573 3.59179 0.577642 4.10684 0.506804 3.28904 -14.2825 -0.85975 -2.39247 -15.9991 -4.48749 -0.980007 -15.0242 -5.14072 5.08222 -1.57306 -18.6037 1.21269 6.84288 6.80968 4.84565 -0.16168 -4.84682 3.47591 -3.01713 10.4166 -5.73081 -2.64759 -6.90663 
-9.38846 -9.79323 4.04491 6.16361 -2.27472 6.26841 8.44205 -7.51567 -0.478651 0.635366 0.189864 7.17113 -0.796318 -8.46787 -3.6767 3.56797 10.5837 -2.85479 -5.52283 1.09982 2.62702 2.25283 -0.297328 4.33298 -0.964347 4.01653 -16.3515 -0.160291 -3.70908 -16.4191 -4.43279 -0.216575 -14.0414 -3.96443 3.68989 -1.92612 -18.1388 1.10804 6.69661 5.7515 5.05567 -0.41066 -5.22728 3.29633 -3.52966 9.79771 -6.45316 -3.06042 -6.87654 
