-48.3611
-19.4719
1.78937
-41.4647
-19.4277
1.8411
-41.1675
-19.3155
1.78925
-40.803
-19.339
1.75306
-40.2307
-19.1875
1.72422
-39.6593
-19.0711
1.70028
-39.2317
-18.9827
1.61731
-38.8353
-18.8757
1.62598
-38.5685
-18.89
1.61366
-38.3729
-18.8298
1.54881
-38.1756
-18.7712
1.54006
-37.8487
-18.6683
1.49152
-37.6874
-18.5615
1.49787
-37.5138
-18.552
1.46626
-37.4121
-18.4857
1.45204
-37.2296
-18.4985
1.46365
-37.0748
-18.4458
1.39557
-36.8426
-18.4417
1.41406
-36.635
-18.3794
1.41022
-36.4353
-18.3557
1.38255
-36.3382
-18.3678
1.38024
-36.2203
-18.3641
1.42016
-36.145
-18.2896
1.39452
-36.0127
-18.383
1.39631
-35.9611
-18.289
1.37566
-35.9284
-18.2985
1.38688
-35.9308
-18.2905
1.38539
-35.8811
-18.1932
1.36539
-35.7539
-18.2304
1.31641
-35.6761
-18.1887
1.28535
-35.5661
-18.1468
1.34139
-35.5382
-18.0498
1.28662
-35.4297
-18.0578
1.31119
-35.3538
-18.0653
1.29022
-35.2745
-17.9929
1.30486
-35.1991
-17.9296
1.26568
-35.165
-17.8788
1.2611
-35.1764
-17.8617
1.2904
-35.1089
-17.8542
1.30224
-35.1038
-17.7836
1.28682
-35.064
-17.7444
1.24581
-34.9571
-17.6693
1.28436
-34.8949
-17.678
1.2866
-34.9013
-17.6246
1.28655
-34.8157
-17.653
1.27431
-34.694
-17.6145
1.25055
-34.7216
-17.6382
1.26991
-34.6094
-17.5437
1.29135
-34.5971
-17.5467
1.30076
-34.4936
-17.5604
1.2818
-34.4852
-17.6122
1.2771
-34.5194
-17.5192
1.30994
-34.4568
-17.5379
1.29352
-34.4305
-17.4589
1.31037
-34.3611
-17.4947
1.24326
-34.3124
-17.404
1.27175
-34.2751
-17.3943
1.28884
-34.2672
-17.3499
1.24446
-34.264
-17.4105
1.23129
-34.1837
-17.3915
1.25011
