-48.9576
-20.7504
1.8634
-44.2244
-20.12
1.69034
-43.3191
-19.6937
1.62951
-42.4068
-19.4819
1.54003
-41.4586
-19.609
1.58525
-40.6548
-19.3147
1.60352
-40.0038
-19.3185
1.59397
-39.4831
-19.272
1.55694
-38.85
-19.1183
1.59982
-38.4071
-19.2069
1.71571
-38.0317
-19.2539
1.69704
-37.8075
-19.2661
1.76442
-37.4385
-19.2394
1.76969
-37.2856
-19.1563
1.78085
-37.0238
-19.0474
1.78998
-36.9461
-18.9722
1.75034
-36.7585
-18.8732
1.76617
-36.5387
-18.7514
1.70824
-36.3912
-18.6751
1.69215
-36.2633
-18.5608
1.65654
-36.2062
-18.5184
1.67009
-36.0857
-18.3902
1.62532
-35.9915
-18.3199
1.68365
-35.8908
-18.2363
1.6293
-35.801
-18.147
1.61833
-35.7042
-18.1242
1.61283
-35.6481
-18.0933
1.60397
-35.5094
-18.0392
1.57435
-35.4067
-18
1.55771
-35.4053
-17.9479
1.53344
-35.3466
-17.9087
1.52436
-35.2705
-17.8428
1.52501
-35.2248
-17.8304
1.43687
-35.2221
-17.8234
1.47558
-35.171
-17.7719
1.45931
-35.1575
-17.7029
1.48068
-35.0947
-17.6424
1.44918
-35.0631
-17.57
1.44224
-35.0263
-17.5299
1.44485
-34.9641
-17.4858
1.39938
-34.9015
-17.4915
1.41774
-34.7855
-17.508
1.37583
-34.724
-17.4241
1.3702
-34.674
-17.3896
1.39371
-34.6051
-17.3908
1.37761
-34.5794
-17.33
1.3362
-34.5169
-17.2632
1.29063
-34.4669
-17.3273
1.35198
-34.438
-17.2596
1.30851
-34.3865
-17.2606
1.32205
-34.3487
-17.1859
1.31553
-34.3193
-17.1556
1.34715
-34.2142
-17.1855
1.31149
-34.2663
-17.1415
1.28069
-34.2553
-17.1201
1.27353
-34.237
-17.0119
1.36104
-34.189
-17.0879
1.28078
-34.13
-16.9718
1.32866
-34.134
-17.0422
1.28471
-34.0788
-16.9836
1.26112
