-49.7878
-20.6677
1.92396
-41.9073
-20.8201
2.03105
-41.3309
-20.7052
2.00781
-41.2219
-20.764
2.03818
-40.8463
-20.5806
1.88612
-40.2409
-20.219
1.94021
-39.6222
-20.0696
1.86336
-39.0157
-19.9496
1.80604
-38.6257
-19.7843
1.72245
-38.2511
-19.7212
1.70718
-37.9222
-19.6361
1.67773
-37.6268
-19.5626
1.7087
-37.4397
-19.3605
1.63473
-37.241
-19.3024
1.62545
-37.1465
-19.2347
1.63278
-36.9064
-19.1136
1.5799
-36.8822
-19.034
1.54548
-36.7113
-19.0893
1.52499
-36.7042
-18.9846
1.53708
-36.5801
-18.8419
1.47003
-36.5353
-18.7703
1.45668
-36.4421
-18.8111
1.43864
-36.3408
-18.7628
1.4651
-36.3989
-18.6746
1.49809
-36.2638
-18.6006
1.41255
-36.2198
-18.6015
1.39077
-36.1504
-18.459
1.42913
-36.0954
-18.4845
1.41492
-35.9876
-18.3928
1.34522
-36.0282
-18.4731
1.37468
-35.9523
-18.407
1.32902
-35.9164
-18.3787
1.31617
-35.8318
-18.2854
1.42394
-35.7435
-18.2679
1.33593
-35.7712
-18.2055
1.38085
-35.7022
-18.1261
1.33647
-35.6658
-18.1769
1.38839
-35.5544
-18.1702
1.31504
-35.5283
-18.1658
1.32412
-35.4978
-18.1902
1.26445
-35.4677
-18.1673
1.27493
-35.3842
-18.1279
1.28592
-35.3411
-18.0887
1.21617
-35.3216
-18.0528
1.25741
-35.2882
-17.9661
1.37553
-35.2156
-17.9583
1.30024
-35.1572
-17.9131
1.22267
-35.2052
-17.9548
1.34937
-35.0924
-17.8772
1.30759
-35.0911
-17.9456
1.35761
-35.0264
-17.9209
1.27201
-35.0191
-17.8855
1.30555
-34.9158
-17.8742
1.27061
-34.9271
-17.8485
1.25863
-34.9292
-17.8105
1.29525
-34.9051
-17.87
1.23948
-34.8695
-17.7717
1.2065
-34.791
-17.7159
1.3013
-34.7156
-17.7761
1.15117
-34.6783
-17.7667
1.20753
