0.0437522 0.000246178 0.000228157 0.0366095 0.000157663 0.000234172 0.0436137 0.00034625 0.000356274 0.0431257 0.000385034 0.00045627 0.0277076 0.000157533 0.000125223 
0.0478748 0.000282543 0.000188889 0.0378202 0.000144473 0.000259227 0.0543031 0.000354278 0.000329724 0.0404367 0.000418528 0.000455712 0.0279884 0.000143379 0.000112182 
0.0486039 0.000281539 0.000187089 0.0381317 0.000142757 0.000261538 0.0549864 0.000360337 0.000325681 0.0404044 0.000420777 0.000455085 0.0279251 0.000141485 0.000109913 
0.0494561 0.000276749 0.000183992 0.0385572 0.000139773 0.000258817 0.0551311 0.000366996 0.000321449 0.0408286 0.00043162 0.000471028 0.0273904 0.000136722 0.000104205 
0.0495084 0.000279376 0.000182539 0.0385265 0.000139186 0.000258604 0.0550971 0.000366956 0.000319994 0.0405677 0.000432436 0.000471875 0.0273151 0.000136038 0.00010397 
0.049591 0.000278376 0.000182172 0.0384564 0.000139065 0.000258938 0.0551109 0.000367842 0.000319706 0.0407258 0.000431172 0.000471245 0.0273729 0.000136329 0.00010392 
0.0495183 0.000278363 0.000181944 0.0380868 0.000137299 0.000250115 0.0546367 0.000360497 0.000317813 0.0410256 0.000449776 0.00050183 0.0273896 0.000133686 0.000102399 
0.049473 0.000278286 0.000183556 0.0381059 0.000137688 0.000249073 0.0544246 0.00035892 0.000316215 0.0406624 0.000449771 0.000499465 0.0274023 0.000135515 0.000102583 
0.0495072 0.000277657 0.000184051 0.0381599 0.000137671 0.000250629 0.0545981 0.000359875 0.000314155 0.0408415 0.000449528 0.000499679 0.0274367 0.000135424 0.000102578 
0.0493884 0.000281954 0.00018061 0.0376138 0.000136239 0.000238955 0.053817 0.000354868 0.000317548 0.0410126 0.000472963 0.000535084 0.0275085 0.000131393 0.000100856 
0.0493665 0.000282446 0.000180504 0.0374197 0.000135412 0.000235077 0.0531825 0.000347092 0.000317304 0.0407005 0.000471918 0.000545535 0.027516 0.000132042 0.000101287 
0.0493734 0.000281839 0.000179053 0.0374803 0.000135477 0.000235543 0.0534083 0.000348255 0.000317819 0.0408748 0.000473983 0.000545668 0.0275615 0.000131887 0.000100729 
0.0491328 0.000285673 0.000179055 0.0367231 0.000131404 0.000220011 0.0520824 0.000342691 0.00031686 0.0406985 0.00048762 0.000591005 0.0277667 0.000126329 0.000100925 
0.0493436 0.000280684 0.00018122 0.0364326 0.000129609 0.000216266 0.0515996 0.00033677 0.000318272 0.0400353 0.000484467 0.000600855 0.0278995 0.000129378 0.00010075 
0.0493774 0.000281649 0.000181106 0.0365845 0.000129173 0.000215704 0.0517911 0.000337982 0.000317812 0.040245 0.000478564 0.000599631 0.0279161 0.000128855 0.000101247 
0.0494902 0.000283874 0.000181053 0.036109 0.00012389 0.000201154 0.0506514 0.000334351 0.000323365 0.0398379 0.000479692 0.000652913 0.0281117 0.000124831 9.92905e-05 
0.0496848 0.000276194 0.000184199 0.0359469 0.000120814 0.000199236 0.0502315 0.000333766 0.000326784 0.0390607 0.000478122 0.000659495 0.028058 0.000126848 9.86555e-05 
0.0495708 0.00027825 0.00018452 0.036077 0.000120491 0.000198296 0.0506077 0.000335576 0.00032709 0.0392301 0.000474235 0.000657589 0.028156 0.000126581 9.81116e-05 
0.050147 0.000278186 0.000180072 0.0356626 0.000116085 0.000182877 0.0491686 0.000331786 0.000324429 0.0389537 0.000471196 0.000713509 0.0279924 0.000121618 9.54955e-05 
0.0503141 0.000277908 0.000179314 0.0354721 0.000113957 0.000182164 0.0489947 0.00032807 0.00032425 0.0382456 0.000468647 0.000724948 0.028045 0.000123211 9.51362e-05 
0.050305 0.000279968 0.000179313 0.0356737 0.000113499 0.000181152 0.0492038 0.000329521 0.00032408 0.0384291 0.000465731 0.000727178 0.028233 0.000123596 9.50201e-05 
0.0510943 0.000278762 0.000175945 0.0353766 0.000110389 0.000169169 0.0480745 0.000330075 0.000322445 0.0386208 0.000465514 0.00077598 0.0282216 0.000119287 9.37884e-05 
0.0514194 0.000276454 0.000176649 0.0351361 0.000110569 0.000169583 0.0477567 0.000330084 0.00031837 0.0377874 0.000465133 0.000783808 0.028204 0.000121208 9.42257e-05 
0.0512081 0.000278019 0.000177771 0.0354542 0.000109237 0.000171258 0.0481995 0.000332362 0.000317185 0.0380562 0.000461103 0.000777582 0.028415 0.000121062 9.45341e-05 
0.0521143 0.000272489 0.000172509 0.0347086 0.000106307 0.000160094 0.0471254 0.000330293 0.000314552 0.0380916 0.000470335 0.000817151 0.0284167 0.000117284 9.24241e-05 
0.0523318 0.000265564 0.000173378 0.0343929 0.00010597 0.000163682 0.0471752 0.000335025 0.000314976 0.0373596 0.000475061 0.000828 0.0284126 0.000118173 9.22826e-05 
0.0522022 0.00026978 0.000172409 0.0346086 0.000104155 0.000163577 0.0475868 0.000335055 0.000314998 0.0375876 0.000474005 0.000822828 0.028621 0.000117828 9.21742e-05 
0.051993 0.000266329 0.000170212 0.033812 9.99751e-05 0.000155723 0.0467251 0.000334047 0.000316277 0.0376777 0.000487821 0.000852677 0.0285595 0.000116273 8.8863e-05 
0.0521013 0.000262235 0.000170292 0.0337679 9.91741e-05 0.000157516 0.0467146 0.00033447 0.000314126 0.0370312 0.000483126 0.000857516 0.0286285 0.00011779 8.96921e-05 
0.0520273 0.000266771 0.000169939 0.033746 9.87928e-05 0.00015679 0.0469722 0.000337381 0.000314006 0.0370836 0.000481379 0.000858342 0.028811 0.000117721 8.97103e-05 
0.0519885 0.000267565 0.00016586 0.0328909 9.24968e-05 0.000150766 0.0459395 0.000337181 0.000315735 0.0370206 0.000502788 0.000879222 0.02873 0.000116265 8.73895e-05 
0.0518772 0.000262788 0.000166385 0.0325357 9.2422e-05 0.000149761 0.0459666 0.000340432 0.000310801 0.0360736 0.000511682 0.000891126 0.0284833 0.000118724 8.74735e-05 
0.0520128 0.00026384 0.000165491 0.0325702 9.18481e-05 0.000150128 0.046309 0.000337263 0.000310178 0.0362264 0.000512594 0.000893007 0.0286316 0.000118042 8.74913e-05 
0.0518869 0.000263387 0.000165375 0.0322078 8.68164e-05 0.000145687 0.0457 0.000341131 0.000312498 0.0361772 0.000534505 0.000918451 0.0286817 0.000116812 8.57175e-05 
0.0515862 0.000260879 0.000164116 0.0320998 8.67338e-05 0.000145218 0.0457753 0.00034472 0.000310335 0.0352288 0.000538618 0.000946085 0.0285676 0.000116776 8.80345e-05 
0.0517217 0.00025932 0.000163502 0.0321894 8.63712e-05 0.000144819 0.0460271 0.000344096 0.000311266 0.035493 0.000540854 0.000941839 0.0286551 0.000116084 8.84136e-05 
0.0510676 0.000261401 0.000161995 0.0320383 8.18357e-05 0.000141015 0.045329 0.00034642 0.000316898 0.0353413 0.00055433 0.000956753 0.0285528 0.000114483 8.66203e-05 
0.0509303 0.000263907 0.000164321 0.0321307 8.07646e-05 0.000141493 0.0454728 0.000351152 0.00031709 0.0343733 0.000563436 0.000967386 0.0284412 0.000115794 8.89232e-05 
0.0510022 0.000260441 0.000164273 0.0321267 8.1e-05 0.000141248 0.0457245 0.000349399 0.000318923 0.0345299 0.000571721 0.000963566 0.0285194 0.000114917 9.01257e-05 
0.0502457 0.000265851 0.000163599 0.0320562 7.71865e-05 0.000136345 0.0451976 0.000352306 0.00032047 0.0346946 0.000570021 0.000984663 0.0286203 0.00011362 8.73073e-05 
0.0499403 0.000268287 0.00016166 0.0319894 7.67622e-05 0.000136633 0.0452744 0.00035596 0.000324033 0.0340873 0.000586671 0.000992128 0.0287164 0.000114561 8.78283e-05 
0.049963 0.000264836 0.00016215 0.031754 7.7107e-05 0.000137576 0.045674 0.000352299 0.00032411 0.0342232 0.000593158 0.000988625 0.0288291 0.000113342 8.89572e-05 
0.0496211 0.00027264 0.000163275 0.0317656 7.43389e-05 0.00013062 0.0449237 0.000354193 0.000331946 0.0343288 0.000586658 0.00100298 0.0289452 0.000113588 8.58224e-05 
0.0492085 0.000270309 0.000163442 0.0317024 7.39462e-05 0.00012927 0.0452511 0.000355325 0.000333546 0.0339426 0.000603941 0.00100182 0.0289945 0.000114788 8.64944e-05 
0.0493616 0.000270038 0.000162937 0.0314818 7.35191e-05 0.000129411 0.0454405 0.000352022 0.000336829 0.0340616 0.000606026 0.00100466 0.0290448 0.000113936 8.72061e-05 
0.049936 0.000278357 0.000168011 0.0317967 7.20758e-05 0.000121108 0.044438 0.000350409 0.00034049 0.0344513 0.000594547 0.00100786 0.0294099 0.000115855 8.40543e-05 
0.0499434 0.00027924 0.000170547 0.0315569 7.13852e-05 0.000121896 0.0446614 0.000355874 0.000340991 0.0339828 0.000596378 0.00102138 0.0294737 0.000116781 8.47671e-05 
0.0498215 0.000278041 0.000169029 0.0314159 7.17432e-05 0.00012202 0.0448504 0.0003568 0.00034063 0.0341596 0.000598006 0.00102697 0.029497 0.000115698 8.6104e-05 
0.0516221 0.000291062 0.000180316 0.0319233 7.10413e-05 0.00011111 0.0441811 0.000348451 0.000347495 0.0346753 0.000588695 0.00102982 0.0298838 0.000117898 8.29921e-05 
0.0516626 0.00028658 0.000183598 0.0317859 7.05564e-05 0.00011315 0.0446983 0.000353669 0.000346663 0.0342182 0.00059775 0.00102485 0.0299916 0.000117631 8.32695e-05 
0.0514621 0.00028184 0.000180036 0.0316871 7.00424e-05 0.000114094 0.0448864 0.00035471 0.000344786 0.0343158 0.000604348 0.00101967 0.0300941 0.000117826 8.33783e-05 
0.0546452 0.000293913 0.00020011 0.0324336 6.95328e-05 0.000101676 0.0443729 0.000341295 0.000348461 0.0348038 0.000585911 0.0010345 0.0306189 0.000118104 8.11365e-05 
0.0544834 0.000294579 0.000202806 0.0327445 6.89266e-05 0.000102374 0.0444942 0.000345195 0.000351696 0.0342665 0.000585733 0.00103605 0.0307366 0.00011851 8.11522e-05 
0.0541612 0.000292803 0.000203419 0.0323525 6.94337e-05 0.000102745 0.044627 0.000345784 0.000354709 0.0343422 0.000596459 0.00103363 0.030773 0.000118044 8.11712e-05 
0.0578314 0.000311802 0.000230928 0.0334742 6.96526e-05 8.9253e-05 0.0441412 0.000333286 0.000357059 0.0349869 0.000583471 0.00103978 0.0317331 0.000120158 7.91207e-05 
0.0586153 0.000314505 0.000234953 0.033551 6.94086e-05 8.79662e-05 0.0446168 0.000333118 0.000356595 0.0345345 0.000590226 0.00104533 0.031926 0.000121943 7.97879e-05 
0.0585891 0.000311476 0.00023469 0.0333774 6.95254e-05 8.77411e-05 0.0450573 0.000334345 0.000355847 0.0345032 0.000596017 0.00105344 0.0319352 0.000121181 8.01216e-05 
0.0618438 0.000325388 0.00025611 0.0343293 6.93535e-05 7.97788e-05 0.0443976 0.000324767 0.000355667 0.0349304 0.000586335 0.00106128 0.032911 0.000123004 7.61257e-05 
0.0622053 0.000330159 0.000257849 0.0342359 6.93969e-05 8.00101e-05 0.0448941 0.000325427 0.000357875 0.0344821 0.000590409 0.00106268 0.0331299 0.000124048 7.64491e-05 
0.0620246 0.000326764 0.000255251 0.033834 6.93081e-05 8.09909e-05 0.0453332 0.000326322 0.000356457 0.034548 0.000598777 0.00106051 0.0332166 0.000124258 7.65121e-05 
0.0637989 0.000330753 0.000270906 0.0344856 6.79341e-05 7.60328e-05 0.0444425 0.000325338 0.000358558 0.03507 0.000590071 0.00106888 0.0336118 0.00012456 7.34841e-05 
0.0634753 0.000331047 0.00027012 0.0344154 6.77391e-05 7.71138e-05 0.0449062 0.000332836 0.000359587 0.0345646 0.000587959 0.00107825 0.0336732 0.000126467 7.33746e-05 
0.0631644 0.000323537 0.000264596 0.0341361 6.72476e-05 7.845e-05 0.0450912 0.000334223 0.000356414 0.0346261 0.000595627 0.00107054 0.0337365 0.000125527 7.33472e-05 
0.0644501 0.000328983 0.000275966 0.0349125 6.57633e-05 7.37196e-05 0.043997 0.000334091 0.000365158 0.0352342 0.000589277 0.00108404 0.0338017 0.000125426 7.12731e-05 
0.0646279 0.000330113 0.000273872 0.0346122 6.66042e-05 7.42383e-05 0.0447863 0.000332821 0.000365879 0.034959 0.000595323 0.00109222 0.0337938 0.000125695 7.21047e-05 
0.0645523 0.000325552 0.000271961 0.0344623 6.59868e-05 7.44322e-05 0.0450261 0.000332947 0.000362061 0.0349205 0.000603497 0.00108807 0.0338317 0.000125646 7.20729e-05 
0.0652229 0.00032667 0.000283468 0.0354217 6.49136e-05 7.12791e-05 0.0439838 0.000337097 0.000368405 0.0354695 0.000609952 0.00107942 0.0339808 0.000124842 7.0475e-05 
0.0648778 0.000327765 0.000284408 0.0354736 6.44589e-05 7.07258e-05 0.0440772 0.000333623 0.000373365 0.034995 0.000618835 0.00107435 0.033895 0.00012611 7.03061e-05 
0.0650114 0.000327243 0.000286591 0.0354476 6.42943e-05 7.02119e-05 0.0443254 0.000328859 0.000373089 0.0350992 0.000623301 0.00107136 0.0341985 0.000125994 6.96865e-05 
0.0652311 0.000325788 0.000291435 0.0361236 6.31763e-05 6.81159e-05 0.0432944 0.000331586 0.000376948 0.0352036 0.000633133 0.001063 0.0341133 0.000125698 6.93169e-05 
0.0652552 0.000324203 0.000286662 0.0358715 6.33889e-05 6.89187e-05 0.0439856 0.000331068 0.000378669 0.0347465 0.000644682 0.00106365 0.0339777 0.000125377 7.0919e-05 
0.064803 0.000329588 0.000288222 0.0354125 6.23867e-05 6.96525e-05 0.0443089 0.00032885 0.000382554 0.0346825 0.000637012 0.0010706 0.0341018 0.000124141 7.0274e-05 
0.065408 0.000324389 0.000288404 0.0360097 6.15101e-05 6.75422e-05 0.0434173 0.000329729 0.000382886 0.0349719 0.000639045 0.00105575 0.0339834 0.000124884 6.9834e-05 
0.065634 0.000325238 0.000286339 0.0362512 6.16074e-05 6.7508e-05 0.04413 0.000329026 0.00039015 0.0342943 0.000658786 0.00106464 0.0339439 0.000124722 7.05259e-05 
0.0654069 0.000329021 0.00028622 0.0364704 6.17291e-05 6.73143e-05 0.0446809 0.000329545 0.000392332 0.0346185 0.000661537 0.00106928 0.034283 0.000123948 7.1011e-05 
0.0657016 0.000329995 0.000287774 0.0368546 6.14911e-05 6.59804e-05 0.0437389 0.000328163 0.000397959 0.03482 0.00066688 0.00106558 0.0341697 0.000124152 7.05877e-05 
0.0662469 0.000332919 0.000288832 0.0370413 6.15855e-05 6.56731e-05 0.0447119 0.000328508 0.000396136 0.0342091 0.000684187 0.00107113 0.0341983 0.000126107 7.08655e-05 
0.0660652 0.000331779 0.000289473 0.0369306 6.19732e-05 6.5785e-05 0.0451116 0.000329709 0.000392321 0.034382 0.000687054 0.00108136 0.0343915 0.000125923 7.0883e-05 
0.0665441 0.000329949 0.000286981 0.0372765 6.07476e-05 6.49537e-05 0.0442466 0.000326051 0.000396344 0.0342031 0.000701952 0.00106237 0.0341288 0.000125338 6.9351e-05 
0.0671358 0.000334402 0.000289799 0.0374686 6.06591e-05 6.47345e-05 0.0450371 0.000328276 0.000394742 0.0338586 0.000711319 0.00105908 0.0341001 0.000127872 6.93344e-05 
0.0668599 0.000335987 0.000291956 0.0371876 6.06618e-05 6.48517e-05 0.0453432 0.000328071 0.000396323 0.0341669 0.000707225 0.00106488 0.0343902 0.000127083 6.9958e-05 
0.0668907 0.000331661 0.000282926 0.0380051 6.01193e-05 6.28398e-05 0.0442316 0.000331016 0.00039656 0.0340113 0.000736215 0.00105022 0.0343038 0.000127139 6.84913e-05 
0.066748 0.000337845 0.0002806 0.0380266 6.02746e-05 6.25009e-05 0.0446966 0.000334044 0.000398538 0.0331866 0.000771301 0.00104557 0.0344504 0.000129061 6.86696e-05 
0.0670552 0.000337834 0.000283315 0.037955 6.01278e-05 6.22614e-05 0.0450225 0.00033415 0.000395696 0.0334871 0.000770305 0.00104699 0.0345029 0.000129743 6.89046e-05 
0.0671501 0.000333594 0.000268057 0.0387879 5.9969e-05 6.12897e-05 0.0439206 0.000335702 0.000392819 0.0330915 0.000808293 0.00101774 0.034559 0.000129261 6.77156e-05 
0.0678914 0.000336116 0.000265626 0.039064 5.96146e-05 6.12735e-05 0.0445528 0.000341039 0.00039334 0.0323334 0.000827793 0.00101337 0.034331 0.00013077 6.81807e-05 
0.0680053 0.000335779 0.000270642 0.0389795 5.98514e-05 6.13417e-05 0.0446339 0.000343841 0.000393181 0.0325694 0.000824201 0.00101471 0.0345106 0.000130408 6.81595e-05 
0.0676326 0.000336505 0.000253176 0.0398298 5.94962e-05 5.95371e-05 0.0432768 0.000347296 0.00038706 0.0320095 0.000868502 0.000986861 0.0344645 0.000131451 6.69275e-05 
0.0678362 0.00034057 0.000243751 0.0406064 5.8942e-05 5.96293e-05 0.0436213 0.000355485 0.000381348 0.0311608 0.000902064 0.000987873 0.0343608 0.000132807 6.6421e-05 
0.0677489 0.000337936 0.000245377 0.0403164 5.84077e-05 5.99958e-05 0.043897 0.000354188 0.000382197 0.0314773 0.000882208 0.00100129 0.0345045 0.000132756 6.59275e-05 
0.067254 0.000337285 0.000231837 0.040979 5.81683e-05 5.82511e-05 0.042721 0.000356859 0.000376582 0.0308763 0.000936744 0.000968431 0.0345066 0.000133153 6.51763e-05 
0.0677091 0.000340066 0.000231822 0.0413008 5.77922e-05 5.81861e-05 0.0433924 0.000354942 0.000379209 0.0306096 0.000942916 0.000964405 0.0345077 0.000136241 6.49692e-05 
0.0676058 0.000341634 0.000233345 0.0410134 5.79815e-05 5.82352e-05 0.0436203 0.000351991 0.000380621 0.0309814 0.000920083 0.000981297 0.0345741 0.00013662 6.50041e-05 
0.0671143 0.000341428 0.000214817 0.0419856 5.78121e-05 5.70161e-05 0.0423136 0.000360586 0.000376548 0.0301326 0.0010112 0.000925452 0.0347336 0.000135527 6.38121e-05 
0.0666364 0.000341883 0.000209123 0.0426316 5.67516e-05 5.77801e-05 0.042457 0.000374459 0.000370182 0.0295053 0.00106936 0.000899424 0.0347996 0.000136535 6.32081e-05 
0.0666891 0.000341443 0.000217307 0.0419753 5.68103e-05 5.77869e-05 0.0431576 0.00036245 0.000377209 0.0301476 0.00102548 0.000919749 0.0348938 0.000133998 6.42326e-05 
0.0661481 0.000336649 0.000201285 0.0433533 5.67314e-05 5.67763e-05 0.0418317 0.000377668 0.000372375 0.0291282 0.00114012 0.000865366 0.0347018 0.000134476 6.34067e-05 
0.0670355 0.000339271 0.000204677 0.0437838 5.64376e-05 5.63929e-05 0.042476 0.000379478 0.00037579 0.0287754 0.00116334 0.000872048 0.0342293 0.000137126 6.30953e-05 
0.0671225 0.000340678 0.000209799 0.0436947 5.65835e-05 5.61386e-05 0.0425344 0.000378044 0.000375366 0.0291326 0.00113434 0.000885307 0.0342869 0.000135916 6.29437e-05 
0.0668214 0.000334599 0.000201551 0.044372 5.61452e-05 5.56293e-05 0.0415693 0.000386409 0.00037115 0.0285203 0.00122082 0.000841108 0.0341865 0.000135564 6.23994e-05 
0.0676947 0.000335426 0.000201951 0.0447073 5.6264e-05 5.49968e-05 0.0423526 0.000390624 0.000372303 0.0282047 0.00125074 0.000843894 0.0339351 0.00013834 6.18459e-05 
0.0678873 0.000337559 0.000202878 0.0444076 5.61989e-05 5.44203e-05 0.0428596 0.000388183 0.000373106 0.0284856 0.0012242 0.000851144 0.0342539 0.000137718 6.21102e-05 
0.0675661 0.000331045 0.000196678 0.045216 5.55337e-05 5.3513e-05 0.0416701 0.000397418 0.000369197 0.0279296 0.00130897 0.000812924 0.0341661 0.000139844 6.03858e-05 
0.067746 0.000332596 0.000194982 0.0456966 5.56898e-05 5.3666e-05 0.0424441 0.000404363 0.0003706 0.0278431 0.00133369 0.00079895 0.0340908 0.000141062 6.05411e-05 
0.0675684 0.000333048 0.00019633 0.0457742 5.58901e-05 5.38037e-05 0.0426918 0.000405215 0.000368711 0.0279543 0.00133528 0.000801769 0.0343643 0.000140046 6.15869e-05 
0.0671632 0.000327114 0.00019112 0.0464005 5.59749e-05 5.3867e-05 0.0416233 0.000410803 0.000369458 0.0275449 0.00141329 0.000762609 0.0340899 0.000140332 5.90419e-05 
0.0674732 0.000325068 0.000191606 0.0461493 5.52872e-05 5.33173e-05 0.0421139 0.000417887 0.000376183 0.0273018 0.00139828 0.000764987 0.0338679 0.000144043 5.84493e-05 
0.0675819 0.000321953 0.00019157 0.0458583 5.50438e-05 5.28378e-05 0.0424688 0.000418628 0.000374306 0.0273762 0.00138265 0.000774076 0.034216 0.000143475 5.81713e-05 
0.0675353 0.000319357 0.000188028 0.0462184 5.49038e-05 5.29819e-05 0.0416514 0.000415894 0.000377312 0.0270849 0.00143126 0.000748997 0.0339265 0.000145313 5.72766e-05 
0.0677024 0.000316123 0.000189089 0.0463298 5.49794e-05 5.29637e-05 0.0421379 0.000422935 0.000376267 0.0268739 0.00146843 0.000734917 0.033494 0.000149331 5.69093e-05 
0.0679798 0.000314938 0.000191613 0.0461519 5.46454e-05 5.25441e-05 0.0424811 0.000425613 0.00037637 0.0269894 0.0014472 0.000742449 0.033651 0.000148524 5.69982e-05 
0.0678596 0.000316468 0.00018443 0.0468339 5.38434e-05 5.25973e-05 0.0415074 0.000424219 0.000373548 0.0267093 0.0014767 0.000718793 0.0333377 0.000148609 5.60078e-05 
0.0675318 0.000316378 0.000185372 0.0465314 5.38044e-05 5.29105e-05 0.0421406 0.000423489 0.000375795 0.0264752 0.00149635 0.000723547 0.0330114 0.000153069 5.59852e-05 
0.0679299 0.000314015 0.000184369 0.0462324 5.45e-05 5.30919e-05 0.0424972 0.000417893 0.000373235 0.026776 0.00148676 0.000728013 0.0334096 0.000149373 5.6488e-05 
0.0681298 0.000315971 0.000178429 0.0464682 5.41004e-05 5.28794e-05 0.0417823 0.00042091 0.000372202 0.0266438 0.00150987 0.00071705 0.0333242 0.000148861 5.54952e-05 
0.0680355 0.000312119 0.000179664 0.0463317 5.29417e-05 5.31927e-05 0.0425885 0.000422572 0.000373154 0.0261406 0.00153331 0.00071422 0.0330966 0.000151349 5.55571e-05 
0.0680126 0.000309053 0.000179582 0.0464716 5.26638e-05 5.30978e-05 0.042964 0.000425713 0.000369414 0.0263372 0.0015328 0.000719046 0.0334329 0.000151451 5.56145e-05 
0.0682902 0.000311601 0.000173814 0.04659 5.2398e-05 5.21133e-05 0.0423067 0.000422695 0.00036793 0.0260788 0.00156156 0.000712216 0.0335144 0.000150068 5.60798e-05 
0.0679396 0.000314539 0.000180552 0.0458981 5.18475e-05 5.17106e-05 0.0430375 0.000421736 0.000377568 0.0256636 0.0015993 0.000717758 0.0330483 0.000153722 5.60143e-05 
0.0682436 0.000314214 0.000184145 0.0453647 5.18749e-05 5.19926e-05 0.0433612 0.000413553 0.000380965 0.0259354 0.00157925 0.000729789 0.0331844 0.000153192 5.56505e-05 
0.0683142 0.000314063 0.000174785 0.0457202 5.1927e-05 5.11104e-05 0.0427138 0.000411355 0.000378354 0.0257607 0.00161088 0.000716163 0.0333354 0.00015351 5.49736e-05 
0.0691189 0.000320398 0.000179461 0.045409 5.17307e-05 5.09605e-05 0.043313 0.000409699 0.000384258 0.0259605 0.00161116 0.000716518 0.0332013 0.00015814 5.42147e-05 
0.0693487 0.000320836 0.000178847 0.0453872 5.19089e-05 5.067e-05 0.0433251 0.000410359 0.00038325 0.0260487 0.00160206 0.000712338 0.0334022 0.000159295 5.35351e-05 
0.0698907 0.000319437 0.000169909 0.0451511 5.16598e-05 4.99661e-05 0.0423837 0.000405012 0.000385438 0.0259302 0.00162534 0.000694115 0.0336076 0.000159154 5.31417e-05 
0.0702337 0.000319398 0.000175181 0.0444359 5.26402e-05 5.00172e-05 0.0431835 0.000404887 0.000386923 0.0256853 0.00164389 0.0006999 0.0331327 0.000164001 5.23042e-05 
0.0705083 0.000316605 0.00017486 0.0440517 5.29495e-05 4.97731e-05 0.0436211 0.00040395 0.000386534 0.0260905 0.00162308 0.000709856 0.0335629 0.000162803 5.25985e-05 
0.0708563 0.000313649 0.000171271 0.0439784 5.33518e-05 4.942e-05 0.0426551 0.000403533 0.00038957 0.0259683 0.00164562 0.000702289 0.0334829 0.000163918 5.19506e-05 
0.0719186 0.000313493 0.000169547 0.0437755 5.42131e-05 4.9207e-05 0.0433988 0.000413031 0.000388209 0.025761 0.00169015 0.000694406 0.0332915 0.000166683 5.22363e-05 
0.0721083 0.000311165 0.000166927 0.0439687 5.4515e-05 4.91788e-05 0.0435883 0.000415143 0.000385952 0.0259554 0.0016816 0.000694686 0.0334736 0.00016519 5.22423e-05 
0.0718939 0.000312065 0.000166706 0.0433897 5.42343e-05 4.88308e-05 0.0424616 0.000409676 0.000393808 0.0259437 0.00166689 0.000689713 0.0332581 0.00016477 5.1709e-05 
0.072808 0.000317508 0.000168113 0.0430315 5.43272e-05 4.82204e-05 0.0430348 0.00041609 0.000400334 0.0255495 0.00170888 0.000684912 0.0330433 0.000168403 5.10503e-05 
0.0723636 0.000313373 0.000166808 0.0431818 5.40958e-05 4.80087e-05 0.0431053 0.000424641 0.000394678 0.0258569 0.00169893 0.000678659 0.0334048 0.000167741 5.08387e-05 
0.0729855 0.000308207 0.000167039 0.0425299 5.33656e-05 4.75462e-05 0.042162 0.000420601 0.000395405 0.0257803 0.00167544 0.000681488 0.0331822 0.000166948 5.07436e-05 
0.0738598 0.000304917 0.000165047 0.0421296 5.38448e-05 4.71017e-05 0.0428487 0.000428232 0.000388606 0.0253559 0.00170347 0.000689107 0.0330915 0.000168192 5.1795e-05 
0.0736379 0.000303694 0.000163688 0.0423354 5.3991e-05 4.73049e-05 0.042986 0.000427671 0.000389206 0.0255157 0.00170131 0.000690934 0.0333124 0.000167155 5.16977e-05 
0.0742846 0.000296882 0.000160857 0.0419107 5.37551e-05 4.60258e-05 0.0424 0.000420965 0.000391499 0.0255505 0.00170098 0.000687758 0.033299 0.000164014 5.22755e-05 
0.0739125 0.000299284 0.000157983 0.0418564 5.28908e-05 4.51806e-05 0.0437242 0.000422288 0.00039162 0.0253464 0.001756 0.000681208 0.0334073 0.000165095 5.29481e-05 
0.0740193 0.000299869 0.000161262 0.0417553 5.354e-05 4.52452e-05 0.0437194 0.000419843 0.000392301 0.0255189 0.00175588 0.000688835 0.0335122 0.000166728 5.22012e-05 
0.0746797 0.000283667 0.000156892 0.041323 5.31768e-05 4.4118e-05 0.0425084 0.000420516 0.000392046 0.0255886 0.0017454 0.000680117 0.0336622 0.000161789 5.33073e-05 
0.0747574 0.000282127 0.0001553 0.0408478 5.28785e-05 4.333e-05 0.0432496 0.000425564 0.000392805 0.025559 0.00173961 0.000693172 0.0335236 0.000163273 5.36263e-05 
0.0746209 0.000285091 0.000159809 0.040472 5.29322e-05 4.27451e-05 0.0435251 0.00042149 0.000397571 0.0256691 0.00172201 0.000698547 0.0335589 0.000162709 5.39699e-05 
0.0757662 0.00027173 0.000154548 0.0399522 5.22676e-05 4.23642e-05 0.0423984 0.000416002 0.000402714 0.0255977 0.00172215 0.000691475 0.0334807 0.000160875 5.40119e-05 
0.0755108 0.000266981 0.000156719 0.0393434 5.18506e-05 4.23234e-05 0.0429403 0.000415407 0.000406615 0.0253332 0.00173651 0.000698787 0.0332547 0.000160909 5.45832e-05 
0.0760361 0.000270829 0.000158359 0.0394656 5.21727e-05 4.20924e-05 0.0431912 0.000412066 0.000403933 0.0256473 0.00172662 0.000700645 0.0335338 0.000160403 5.4819e-05 
0.0769991 0.000260522 0.000155359 0.0390255 5.15622e-05 4.14076e-05 0.041702 0.00041434 0.000411474 0.0253765 0.00169382 0.000699994 0.0331224 0.000160033 5.55746e-05 
0.0770148 0.000261116 0.000156019 0.0390597 5.1028e-05 4.08456e-05 0.0421708 0.000426887 0.000405529 0.0252937 0.00173145 0.000704325 0.0330626 0.000161602 5.57933e-05 
0.0768312 0.000263645 0.000157624 0.0391059 5.13217e-05 4.13387e-05 0.0427237 0.000421064 0.000406007 0.0253846 0.00173532 0.000706853 0.0331915 0.000160485 5.58673e-05 
0.0774538 0.000259943 0.000156549 0.0389405 5.10247e-05 4.08944e-05 0.0412227 0.000423676 0.000413624 0.0251169 0.00174421 0.000695722 0.0327866 0.000158186 5.78853e-05 
0.0774245 0.000264099 0.000154656 0.0394127 5.10696e-05 4.08399e-05 0.0419485 0.000436366 0.000410239 0.0250862 0.00177598 0.000692045 0.033022 0.000157304 5.8226e-05 
0.0772331 0.000267433 0.000155187 0.0394126 5.11157e-05 4.10708e-05 0.0422753 0.000431588 0.000411346 0.0252346 0.00178017 0.000700158 0.0333343 0.000156849 5.84404e-05 
0.0778352 0.000259063 0.000150533 0.039235 4.97304e-05 4.04213e-05 0.0410389 0.000433364 0.000413395 0.0252113 0.0017586 0.000695967 0.0327333 0.000154132 6.04605e-05 
0.0777106 0.000261998 0.000151052 0.0391555 5.0402e-05 4.0162e-05 0.0421227 0.000438652 0.000415044 0.0252389 0.00177881 0.000705522 0.032981 0.000156095 6.02878e-05 
0.0775452 0.000262756 0.000152762 0.0393098 5.02334e-05 4.00375e-05 0.0423819 0.000437142 0.000414363 0.0254314 0.00177424 0.000702828 0.0333863 0.00015511 6.07512e-05 
0.0776836 0.000261948 0.000151508 0.0391858 4.95961e-05 4.01167e-05 0.0411962 0.000433695 0.000419892 0.0254337 0.00175638 0.00069366 0.0333638 0.000153519 6.12582e-05 
0.0777042 0.000268506 0.000150875 0.0392716 5.08764e-05 4.07527e-05 0.0422345 0.00043779 0.000414693 0.0254307 0.0017728 0.000702442 0.0339213 0.00015309 6.17068e-05 
0.077815 0.000272178 0.000151901 0.0393531 5.11604e-05 4.06828e-05 0.0428858 0.000429524 0.000416614 0.0255691 0.00175716 0.000716653 0.0343498 0.000152977 6.19922e-05 
0.0779917 0.000272949 0.000145752 0.0396448 5.08661e-05 4.06535e-05 0.04168 0.000432982 0.000416529 0.0256094 0.00174468 0.000703144 0.0342219 0.000149309 6.38074e-05 
0.0785705 0.000274957 0.000144519 0.0395296 5.16087e-05 4.10792e-05 0.0425204 0.000429158 0.000429345 0.0253263 0.00176573 0.000719024 0.0339518 0.000151731 6.47842e-05 
0.0785922 0.00027331 0.000143557 0.040081 5.14314e-05 4.16747e-05 0.0429482 0.000436468 0.000425996 0.0253716 0.00178478 0.000724503 0.034301 0.00015105 6.48024e-05 
0.0791173 0.000276624 0.000140547 0.0405225 5.07866e-05 4.10651e-05 0.0415876 0.000440978 0.000424364 0.0254975 0.00176231 0.0007105 0.0340347 0.000149457 6.56817e-05 
0.0779209 0.000283884 0.000140541 0.0401505 5.11224e-05 4.10816e-05 0.0427034 0.000439819 0.00042504 0.0252284 0.00176717 0.000714839 0.0338947 0.000150387 6.71998e-05 
0.0776703 0.000287729 0.000139415 0.0403305 5.10302e-05 4.08114e-05 0.0428715 0.000440162 0.0004267 0.025301 0.00176809 0.000719998 0.034116 0.000150113 6.80935e-05 
0.0780188 0.000292544 0.000136651 0.0407306 4.98623e-05 4.0449e-05 0.0415338 0.000439858 0.000425204 0.0253544 0.00174676 0.000717597 0.0335994 0.000149201 6.97517e-05 
0.0776476 0.000299855 0.000136506 0.0405213 5.06177e-05 4.01275e-05 0.0428316 0.000438068 0.000433377 0.0252083 0.00175325 0.000724992 0.0334285 0.000151352 7.08076e-05 
0.0774161 0.000303022 0.000137928 0.040567 5.03149e-05 4.05355e-05 0.0432523 0.000432648 0.0004335 0.0253021 0.00175973 0.000727662 0.0336054 0.000152026 7.06494e-05 
0.0779216 0.000303168 0.000135224 0.0406888 5.00475e-05 4.03379e-05 0.0423385 0.000431563 0.000431008 0.0253522 0.00176815 0.000717077 0.0335736 0.000149785 7.27207e-05 
0.0786167 0.000301014 0.000132192 0.0402223 5.0575e-05 4.03507e-05 0.0431718 0.000423073 0.000444125 0.0253228 0.00177234 0.000729977 0.0330876 0.000155388 7.23739e-05 
0.0784167 0.000296425 0.000130861 0.0403591 4.99237e-05 4.04039e-05 0.0433624 0.000420754 0.000445621 0.0254341 0.00179019 0.000728957 0.0333463 0.000154648 7.29283e-05 
0.0790074 0.000297446 0.000127893 0.0406135 5.01808e-05 4.00556e-05 0.042451 0.000410058 0.000443991 0.0256042 0.00175534 0.000734893 0.0329462 0.000151808 7.36469e-05 
0.0790271 0.000292585 0.000127479 0.0405669 4.98767e-05 3.96011e-05 0.0435612 0.000401631 0.000450617 0.025525 0.00174113 0.000749052 0.0328684 0.000154191 7.42316e-05 
0.0794667 0.000291551 0.000127022 0.0407583 5.01747e-05 3.94718e-05 0.0437504 0.00040307 0.000450021 0.0255225 0.00175618 0.000744607 0.0331058 0.000154187 7.41983e-05 
0.079992 0.000292135 0.000126427 0.0409587 5.13482e-05 3.90733e-05 0.0426618 0.000395305 0.000450379 0.025459 0.00172252 0.000749554 0.0328007 0.000151853 7.4298e-05 
0.0798479 0.000289836 0.000126833 0.0407266 5.10911e-05 3.81451e-05 0.0433354 0.000391626 0.000454614 0.0253445 0.00173934 0.00075154 0.0324801 0.000155406 7.423e-05 
0.0796687 0.000288357 0.000127292 0.0403684 5.08626e-05 3.8496e-05 0.0433322 0.000396736 0.000451026 0.0253301 0.00174442 0.000754246 0.0325421 0.00015479 7.44953e-05 
0.0796209 0.000284678 0.000124831 0.0406615 5.2195e-05 3.784e-05 0.0426094 0.000386357 0.000454863 0.0254992 0.00171867 0.000768354 0.0323216 0.000150796 7.6664e-05 
0.0795853 0.000285149 0.000123364 0.0407198 5.13214e-05 3.79001e-05 0.0432088 0.000388586 0.000460478 0.0252277 0.00175024 0.00077533 0.0324341 0.000149725 7.78885e-05 
0.0803448 0.000283851 0.00012479 0.0405718 5.08333e-05 3.73997e-05 0.0433913 0.000383606 0.000462736 0.0252945 0.0017469 0.000785113 0.0325062 0.000149214 7.84729e-05 
0.0807717 0.000279693 0.000123243 0.0408661 5.04458e-05 3.70158e-05 0.0424689 0.000380624 0.000463155 0.0254403 0.0017203 0.000783199 0.0326218 0.000148041 8.02257e-05 
0.0803912 0.000280251 0.000122878 0.0408426 5.00839e-05 3.61124e-05 0.0433217 0.0003728 0.000474763 0.0253868 0.00172113 0.00079137 0.0325591 0.000151553 8.06226e-05 
0.080787 0.000279397 0.000122599 0.0411257 5.02118e-05 3.62471e-05 0.043379 0.000369226 0.000478007 0.0253952 0.00171722 0.00079805 0.0327504 0.000151261 8.0822e-05
