0.0390133 0.000181196 0.000262665 0.0288696 0.000198544 0.000222326 0.0442205 0.000289332 0.000334481 0.0469974 0.000401808 0.000439725 0.0367472 0.000271147 0.000175957 
0.0419913 0.000242236 0.000252411 0.0284146 0.000214217 0.000245756 0.04821 0.000312959 0.0003069 0.0501987 0.000384226 0.000415668 0.0343977 0.000279784 0.000186719 
0.041683 0.000211907 0.000266873 0.0274427 0.000205627 0.000233695 0.0487403 0.000308063 0.000311968 0.0489769 0.000394045 0.000449501 0.0348913 0.000269431 0.000187872 
0.0430821 0.000212835 0.000262865 0.0280122 0.000188007 0.000220749 0.0504726 0.000305885 0.000340401 0.0504965 0.000420202 0.000462989 0.0360191 0.000281222 0.0001834 
0.0466655 0.00028477 0.000245076 0.0294858 0.000192008 0.000235489 0.0517243 0.000305017 0.00033953 0.0545374 0.000400306 0.000435169 0.0359113 0.000289151 0.000201949 
0.0460553 0.000257674 0.000248212 0.0280686 0.000192274 0.000222049 0.0518825 0.000298439 0.00034542 0.0528957 0.000393018 0.000472364 0.0362487 0.000284724 0.00020158 
0.0466858 0.000254384 0.000230885 0.0291001 0.000178931 0.000211682 0.0522511 0.000292662 0.000369605 0.0532029 0.000403458 0.000492738 0.0376237 0.000287474 0.000195588 
0.0502572 0.000325639 0.000213237 0.0298411 0.000187558 0.000209271 0.053341 0.000285708 0.000386319 0.0552827 0.000368033 0.000468071 0.0383051 0.000287738 0.000212061 
0.0500637 0.000311056 0.000216025 0.0287212 0.000188079 0.000205088 0.0532035 0.000278074 0.000395783 0.0544644 0.000361742 0.000492149 0.038649 0.000283838 0.00021349 
0.0490637 0.000265449 0.000210216 0.0285637 0.000168051 0.000185723 0.0531078 0.000273896 0.000423543 0.0532706 0.000397949 0.000538043 0.0394152 0.000270218 0.00019359 
0.0530821 0.000328796 0.000194502 0.0292139 0.000173078 0.000180975 0.0539403 0.000272287 0.000440409 0.054773 0.000356105 0.000517662 0.0405979 0.000270547 0.000212052 
0.0527242 0.000307538 0.000195527 0.0282445 0.000170946 0.000175635 0.0540481 0.000261975 0.000462785 0.0537107 0.000356045 0.000551935 0.0411454 0.000270974 0.000211488 
0.0487016 0.00023738 0.000205237 0.0276604 0.000154077 0.000174106 0.0534235 0.000264229 0.000451257 0.0516984 0.000422616 0.000605891 0.0399885 0.000253987 0.000176958 
0.0539167 0.000314967 0.000188128 0.0283036 0.00015784 0.000170233 0.0540363 0.000251569 0.000484009 0.0536889 0.000367628 0.00057647 0.04218 0.000251966 0.000199267 
0.0526978 0.000284261 0.000191869 0.0275185 0.000156857 0.000167636 0.0537636 0.00025154 0.000492199 0.05278 0.000376088 0.000608823 0.0418726 0.000251387 0.000193195 
0.0495664 0.000226044 0.000197789 0.0268309 0.000147268 0.000167334 0.0530536 0.000262171 0.000488029 0.0511071 0.000427592 0.000696755 0.0401551 0.000239597 0.000168796 
0.0558364 0.000306008 0.000181316 0.027577 0.000152748 0.000166209 0.0538967 0.000247545 0.000508222 0.052521 0.000354359 0.000670042 0.0421488 0.000230314 0.000191993 
0.0539286 0.000278422 0.000185674 0.0273337 0.000151023 0.000164384 0.0537081 0.000250091 0.000508056 0.0521027 0.000371367 0.000681301 0.041641 0.00023242 0.00018374 
0.0505468 0.000228942 0.000194699 0.0268172 0.000141386 0.000159991 0.053495 0.000262389 0.000508078 0.0506487 0.000402509 0.000789868 0.0402823 0.000220746 0.000159835 
0.0569052 0.000300405 0.000178067 0.027322 0.000146382 0.00015425 0.0543444 0.000253107 0.000505761 0.0522377 0.000340733 0.000748661 0.0420771 0.000213771 0.000183902 
0.0550671 0.000272587 0.000183681 0.0272369 0.000143812 0.000154028 0.0541806 0.000257196 0.000507063 0.0515007 0.000359281 0.000770567 0.041544 0.00021571 0.00017724 
0.0511918 0.000221253 0.000191599 0.0265466 0.000138474 0.000149486 0.0535894 0.000266319 0.00051743 0.0494296 0.000403002 0.000877541 0.039424 0.000207954 0.000150455 
0.0565843 0.00028763 0.000171678 0.0269908 0.00014461 0.000149296 0.0545078 0.000265875 0.00051313 0.0512817 0.000359919 0.000818523 0.0412658 0.000201829 0.000169001 
0.053517 0.000255969 0.000175609 0.0269412 0.000142078 0.00014926 0.0543914 0.000268053 0.000523722 0.0502671 0.000383499 0.000850466 0.0402947 0.000202355 0.000159506 
0.0495533 0.000208241 0.000182322 0.0265761 0.000134546 0.000145716 0.0537032 0.000268729 0.000538421 0.0476499 0.000429855 0.000981351 0.0377433 0.000192593 0.000135929 
0.0550231 0.000269726 0.000173235 0.0265681 0.000141351 0.000147078 0.0543742 0.000281892 0.00051354 0.0490908 0.000386049 0.00092368 0.0401485 0.000182434 0.000153384 
0.0517193 0.000240455 0.000180436 0.0263643 0.00013805 0.000147271 0.0544392 0.000283918 0.000524284 0.0479296 0.000409294 0.000954675 0.0390522 0.000188988 0.000144326 
0.0491966 0.000207186 0.00018619 0.0261719 0.000133108 0.000140793 0.0536664 0.00027898 0.000536663 0.0452583 0.000454371 0.00106349 0.0368362 0.000187841 0.000127874 
0.0533398 0.000253594 0.000175094 0.0264437 0.000137201 0.000141767 0.0539585 0.00027035 0.000527207 0.0466844 0.000423247 0.00100091 0.0385221 0.000182501 0.000141712 
0.0505567 0.0002214 0.000185264 0.0262106 0.000133217 0.000143117 0.0539199 0.000271313 0.00053809 0.0446111 0.000443483 0.00105562 0.0371351 0.000188051 0.000134165 
0.0479684 0.000197739 0.000190997 0.0260399 0.000127703 0.000138519 0.0529387 0.000256691 0.000558787 0.0421945 0.00049351 0.00117375 0.0351658 0.000188802 0.000120931 
0.0513512 0.000229199 0.000182295 0.0259711 0.000131602 0.000137348 0.0535931 0.000262326 0.000544133 0.0436096 0.00046671 0.00111045 0.0365984 0.000180979 0.000128746 
0.0492725 0.00020261 0.000195967 0.0258283 0.000128072 0.000141336 0.0535569 0.000267182 0.000551107 0.0413732 0.000487995 0.00116912 0.0352475 0.000186564 0.000123987 
0.0472274 0.000181813 0.000204752 0.0258577 0.000120302 0.000135365 0.0525453 0.000250851 0.000582874 0.0387981 0.000545344 0.00130251 0.0335128 0.000191268 0.000116888 
0.0491456 0.000198543 0.000198611 0.0260143 0.000120596 0.000132542 0.0527181 0.000246387 0.000574489 0.0389948 0.000530039 0.00124472 0.0342748 0.000188133 0.000120573 
0.0476807 0.000184122 0.000209049 0.0258414 0.000117623 0.000136261 0.0525266 0.000248297 0.000587947 0.0374507 0.000552789 0.00129687 0.0332827 0.000191743 0.000117888 
0.0472873 0.000177986 0.000208159 0.026113 0.000113691 0.00013008 0.0520598 0.000236314 0.000604939 0.0368004 0.000593333 0.00138129 0.0328589 0.000189705 0.000117616 
0.0476624 0.000184046 0.000211006 0.0261005 0.000115457 0.000130279 0.0522252 0.000238826 0.000599214 0.0364098 0.000593907 0.00135845 0.0329255 0.000192241 0.000119265 
0.0470444 0.000176468 0.000220323 0.0259489 0.000115398 0.000133164 0.0520909 0.000244393 0.000608224 0.0353131 0.000593797 0.00139988 0.032049 0.000197541 0.000116823 
0.0469125 0.000172209 0.000221049 0.0259521 0.000111665 0.000125661 0.0513622 0.000236921 0.000614985 0.0347474 0.000617215 0.00148222 0.0317179 0.000194287 0.00011833 
0.0476484 0.000175365 0.000222438 0.0259563 0.000111873 0.000122871 0.0511419 0.000236914 0.000609713 0.0343303 0.000621466 0.00147186 0.0316379 0.000194381 0.000120166 
0.0468695 0.000167025 0.000230226 0.0258103 0.000111773 0.000124127 0.0508395 0.000240482 0.000615389 0.0335973 0.000620817 0.00149888 0.0310899 0.000198235 0.000119177 
0.047305 0.000166863 0.000228506 0.02581 0.000109671 0.000118027 0.0501667 0.000236939 0.000622494 0.0334577 0.00062834 0.00156488 0.0310791 0.000194818 0.000120698 
0.0479688 0.000170495 0.000228642 0.0257657 0.00011105 0.00011617 0.050304 0.000240894 0.000620751 0.0327141 0.000616404 0.00154532 0.0308121 0.00019644 0.000121383 
0.0471067 0.000163961 0.000238332 0.0255474 0.000110359 0.000118567 0.0503372 0.000245081 0.000630076 0.0319537 0.000612267 0.00158179 0.0301942 0.000202647 0.00012072 
0.0471595 0.000164689 0.00023558 0.0255134 0.000107196 0.000112416 0.049644 0.000239957 0.000642476 0.0319719 0.000608524 0.0016492 0.0300848 0.000198791 0.000123195 
0.0474656 0.000167674 0.000239156 0.0253693 0.000105944 0.000110942 0.0496079 0.000243283 0.000646863 0.0313121 0.000598544 0.00164951 0.0298532 0.000201876 0.000123856 
0.0472755 0.000165666 0.000242781 0.0255494 0.000106305 0.000110977 0.0497824 0.000242536 0.000648038 0.0312321 0.000600816 0.00166437 0.0299658 0.000204946 0.00012319 
0.0477604 0.00016884 0.00023951 0.0254482 0.000104472 0.000102682 0.0491712 0.000236389 0.000661013 0.0313638 0.000604381 0.00170688 0.0302314 0.00020101 0.000124818 
0.0481023 0.000167298 0.000247955 0.025292 0.000103171 0.000103159 0.0486265 0.000238264 0.000676933 0.0302764 0.000604361 0.00173476 0.0295912 0.000204541 0.000125406 
0.0477408 0.000165063 0.000248343 0.0254097 0.000103782 0.000103374 0.0491061 0.000242616 0.000675265 0.0303966 0.000599114 0.00175123 0.0295792 0.000205594 0.000125989 
0.0486347 0.000172114 0.000240913 0.0250249 0.000102792 9.64994e-05 0.0485635 0.00023233 0.000685209 0.0308283 0.000601761 0.00177541 0.0298965 0.00020283 0.000125866 
0.0484739 0.000167767 0.000246578 0.0247968 0.000102432 9.71815e-05 0.0479794 0.000236637 0.000701619 0.0297705 0.000597732 0.00178571 0.0293136 0.000207391 0.000126597 
0.0482751 0.00016693 0.000248789 0.0247672 0.000103245 9.67043e-05 0.0483422 0.000237109 0.000703678 0.0298071 0.00059806 0.00177994 0.0296564 0.000206813 0.00012689 
0.0491083 0.000169101 0.000243605 0.0246791 0.00010052 9.09771e-05 0.0478259 0.000230264 0.000698998 0.0302547 0.000600473 0.0017843 0.030103 0.000204135 0.000126536 
0.0489428 0.000164699 0.000258158 0.0242278 9.95431e-05 9.16271e-05 0.0472634 0.00024031 0.000710428 0.0288596 0.000602449 0.00181798 0.0293543 0.000208288 0.000128233 
0.0486498 0.000162857 0.000258065 0.024302 0.00010026 9.10888e-05 0.0476248 0.000243374 0.000710436 0.0290926 0.00059516 0.00183505 0.0294173 0.000209232 0.000128452 
0.0491829 0.000163095 0.000255863 0.0240833 9.70162e-05 8.51388e-05 0.0473273 0.000244129 0.000709489 0.0291624 0.000595384 0.00187522 0.0298572 0.000207765 0.000128046 
0.0491892 0.000160993 0.000260538 0.0238874 9.55787e-05 8.62876e-05 0.0468921 0.000247561 0.000716007 0.0278793 0.000597384 0.001902 0.0293152 0.000213525 0.000126957 
0.0490539 0.000160647 0.00026102 0.0240109 9.51356e-05 8.58446e-05 0.0473481 0.000248851 0.000712592 0.0282758 0.000597184 0.00191049 0.0295804 0.000214849 0.000126997 
0.0494098 0.000162618 0.000258286 0.0240987 9.22128e-05 8.17556e-05 0.0467035 0.000249883 0.000717183 0.0282895 0.000604125 0.00193194 0.0299518 0.000215401 0.000127089 
0.0495643 0.000162785 0.000265674 0.0239951 8.86823e-05 8.21274e-05 0.0464073 0.000262091 0.00071655 0.0275359 0.000598268 0.00194766 0.0297176 0.000218709 0.000126591 
0.0492899 0.000162179 0.000267018 0.0240434 8.7597e-05 8.11906e-05 0.0467798 0.000265323 0.00071648 0.0276318 0.000595647 0.00197269 0.0299405 0.000220431 0.000126469 
0.0498659 0.000159914 0.000267535 0.024162 8.51293e-05 7.72536e-05 0.0462295 0.000270695 0.000715774 0.0273546 0.000604043 0.00201302 0.0301236 0.00022159 0.000125542 
0.0503857 0.00015826 0.000271972 0.0239117 8.20903e-05 7.61272e-05 0.0464416 0.000281835 0.000712848 0.0265243 0.000606737 0.00203953 0.0299164 0.000226485 0.00012378 
0.0505308 0.000158677 0.000272409 0.0241271 8.14539e-05 7.63385e-05 0.0466318 0.000286354 0.000708927 0.0266813 0.00060758 0.00203943 0.0303143 0.000226713 0.000124082 
0.0507673 0.000155957 0.000272537 0.0241046 7.9366e-05 7.44138e-05 0.0461604 0.000294285 0.000713352 0.0266996 0.000611199 0.00205345 0.030628 0.00022821 0.000124871 
0.0510281 0.000153088 0.000275993 0.0241946 7.70401e-05 7.37015e-05 0.0463723 0.000304291 0.000712632 0.0261543 0.000610805 0.00205006 0.0303965 0.000229626 0.000123132 
0.0511402 0.000152131 0.000279468 0.0240862 7.68097e-05 7.35436e-05 0.046832 0.000306696 0.000715914 0.0261783 0.000618885 0.00204412 0.0305859 0.000231455 0.000123534 
0.0510636 0.000151243 0.000275487 0.0239067 7.44453e-05 7.16016e-05 0.0464667 0.000315632 0.000713332 0.0261569 0.000609206 0.00207398 0.0308405 0.000232467 0.00012556 
0.0512424 0.000150075 0.000276031 0.0239229 7.33595e-05 7.1705e-05 0.0464595 0.000321759 0.000704088 0.0258593 0.000608941 0.00207895 0.0305217 0.000232696 0.000125017 
0.0508733 0.000149959 0.000282709 0.0237688 7.24496e-05 7.09624e-05 0.046937 0.000330439 0.000699798 0.02593 0.000607561 0.00208545 0.0309532 0.000236114 0.000123953 
0.0507467 0.000148732 0.000278611 0.0236771 7.07086e-05 6.89026e-05 0.0464832 0.000331891 0.000714632 0.0261144 0.0006021 0.00210505 0.0310861 0.000236111 0.000125729 
0.0510698 0.000149228 0.000279714 0.0237498 6.94219e-05 6.92986e-05 0.0463551 0.000333931 0.000716161 0.0256559 0.00059559 0.00210986 0.0307009 0.000234041 0.00012582 
0.0513105 0.000147895 0.000284437 0.0239108 6.82202e-05 6.92697e-05 0.046981 0.000339207 0.000712653 0.0258311 0.000597434 0.00212195 0.0311432 0.000236545 0.00012544 
0.0511008 0.000146836 0.00028246 0.0236598 6.72999e-05 6.81245e-05 0.0461707 0.000336512 0.000723662 0.0258438 0.000599568 0.00214274 0.0310724 0.000237139 0.000128724 
0.0510391 0.000145123 0.000281847 0.0235689 6.66066e-05 6.81841e-05 0.0461826 0.000342241 0.000728845 0.0253694 0.000602558 0.00212513 0.0308907 0.000237173 0.000128021 
0.0510022 0.000146381 0.000282964 0.0235271 6.68501e-05 6.88341e-05 0.046634 0.000347723 0.000726408 0.0255709 0.000604035 0.00211459 0.0310965 0.000239926 0.000127422 
0.0510338 0.000144294 0.000279132 0.0231754 6.60844e-05 6.75626e-05 0.0455402 0.000341402 0.000744508 0.0256251 0.000598128 0.00213585 0.0308537 0.000237766 0.000130462 
0.0509693 0.000142666 0.000277894 0.0231702 6.54217e-05 6.82737e-05 0.0452344 0.000346694 0.000750792 0.0252882 0.000590676 0.00214574 0.0304056 0.00023656 0.000133 
0.0506792 0.000141923 0.00028146 0.0231908 6.48271e-05 6.78632e-05 0.0456927 0.000356115 0.000748485 0.0254751 0.000594502 0.00215742 0.0308073 0.000238891 0.000132676 
0.0505116 0.000139366 0.000279544 0.0228039 6.41207e-05 6.73464e-05 0.0446544 0.000346011 0.000762718 0.0255971 0.000598486 0.00215562 0.0307394 0.000237954 0.000135816 
0.0505331 0.000138885 0.0002819 0.0227839 6.27439e-05 6.75268e-05 0.0445231 0.000351309 0.000774793 0.0252527 0.000580819 0.00217873 0.0306141 0.000237765 0.000135397 
0.0507547 0.000136775 0.000279647 0.0227353 6.26511e-05 6.77535e-05 0.0449388 0.000346693 0.000780978 0.0253825 0.000580939 0.00218619 0.0308225 0.000237911 0.000137561 
0.0511456 0.000133666 0.000275998 0.0225697 6.28842e-05 6.705e-05 0.0441732 0.000336664 0.000783305 0.0256224 0.000592832 0.00219251 0.0308649 0.000234102 0.000140631 
0.0513049 0.000134383 0.000275606 0.0224258 6.26212e-05 6.67112e-05 0.0438879 0.000342241 0.000792723 0.0252099 0.000590244 0.00220126 0.0304747 0.000235478 0.00014027 
0.0512435 0.000133898 0.000276475 0.0224307 6.29974e-05 6.65309e-05 0.0443333 0.000348295 0.000791063 0.0253134 0.000589044 0.00221447 0.0306457 0.000240229 0.000138777 
0.0512561 0.000131667 0.000271108 0.0221615 6.27496e-05 6.48735e-05 0.0438459 0.000337366 0.00079131 0.0254607 0.000598367 0.00222876 0.0307244 0.00023465 0.000142241 
0.0512009 0.000130597 0.000273236 0.0222074 6.17772e-05 6.58643e-05 0.0439987 0.00034329 0.000797939 0.02534 0.000588638 0.00224034 0.0302844 0.000238143 0.00014303 
0.0510242 0.000131952 0.000274133 0.0222067 6.15268e-05 6.57481e-05 0.0443864 0.000342088 0.000798663 0.0255141 0.000588051 0.0022417 0.0303908 0.000241191 0.000142471 
0.0508491 0.000131262 0.000268868 0.0220452 6.12353e-05 6.44744e-05 0.0435321 0.000333876 0.000805307 0.025696 0.000596346 0.00223871 0.0304493 0.000237408 0.000144477 
0.0508411 0.000129923 0.000265491 0.0219644 6.01535e-05 6.54567e-05 0.0438775 0.000343258 0.000814552 0.0252224 0.000585863 0.00225759 0.0306152 0.000236766 0.000142778 
0.0507134 0.000128961 0.000268799 0.021926 6.08876e-05 6.52112e-05 0.0438765 0.000342234 0.000820962 0.0252978 0.00058429 0.00226553 0.0307384 0.000237546 0.000142479 
0.0506288 0.000128842 0.000262789 0.0220233 6.10758e-05 6.41353e-05 0.0432695 0.000336125 0.000821931 0.0253578 0.000601847 0.00226941 0.0308579 0.000231607 0.00014598 
0.0507774 0.000128315 0.000264651 0.0219759 6.04118e-05 6.45481e-05 0.0437476 0.000344142 0.000824522 0.0248667 0.000580734 0.00230078 0.0306305 0.000233996 0.000146035 
0.0507121 0.000127745 0.000265978 0.0219163 6.13209e-05 6.46257e-05 0.043849 0.000343276 0.00082275 0.0251031 0.000576331 0.00231772 0.0308473 0.000230624 0.000146666 
0.0507794 0.000129272 0.000264576 0.0217928 6.06662e-05 6.38914e-05 0.0432813 0.000338397 0.000825293 0.0252103 0.000578156 0.00232985 0.0309641 0.000227363 0.000149076 
0.0505561 0.000129575 0.000263165 0.0216254 5.81328e-05 6.35579e-05 0.0439543 0.000351057 0.000832337 0.0247322 0.000546298 0.00237888 0.0310241 0.000229214 0.000148668 
0.0505481 0.000129279 0.000262216 0.021604 5.8102e-05 6.29388e-05 0.0444816 0.000350175 0.00082803 0.0249474 0.000549112 0.002362 0.0311905 0.000228602 0.000147757 
0.0506352 0.000127921 0.000262075 0.021442 5.76007e-05 6.09976e-05 0.04404 0.000342987 0.000832305 0.0250787 0.000570961 0.00235034 0.0311091 0.000224298 0.000151082 
0.0503224 0.000127159 0.000263553 0.0215538 5.50583e-05 6.14131e-05 0.0448835 0.000355702 0.000842726 0.024589 0.000547554 0.00238264 0.0310804 0.000225651 0.000151656 
0.0508669 0.000126229 0.000262534 0.0215155 5.62861e-05 6.10053e-05 0.0451157 0.000350959 0.000844754 0.0247208 0.000552743 0.00238341 0.031169 0.000227206 0.000151228 
0.0509394 0.000124825 0.000260779 0.0214812 5.58889e-05 6.05087e-05 0.0446887 0.000343124 0.000845738 0.024721 0.000553463 0.0023694 0.0311807 0.000224552 0.000155293 
0.0507616 0.000124593 0.000267447 0.0216808 5.41463e-05 6.02668e-05 0.0450681 0.000354699 0.000855424 0.0243053 0.000525427 0.00239466 0.0309422 0.000228773 0.000155202 
0.0507838 0.000125619 0.000269818 0.0217933 5.47978e-05 6.01002e-05 0.0452857 0.000351136 0.000859907 0.0244704 0.000525164 0.0023959 0.0312019 0.000231874 0.000153684 
0.0509443 0.000122713 0.000267655 0.0216779 5.44289e-05 5.96521e-05 0.0452526 0.000346203 0.000851005 0.0246693 0.000525028 0.00240237 0.0315486 0.000229457 0.000156379 
0.0503649 0.000121422 0.000273938 0.0218358 5.21254e-05 5.97454e-05 0.0457926 0.00036191 0.000861161 0.0241544 0.000496254 0.00244673 0.0315191 0.000230753 0.000158984 
0.050463 0.000123234 0.00027602 0.0218435 5.25987e-05 5.94664e-05 0.0459884 0.000352641 0.000863498 0.0242664 0.000504918 0.00244016 0.0315661 0.000231382 0.000158619 
0.0499252 0.000120101 0.000272835 0.0217283 5.2542e-05 5.90248e-05 0.0461963 0.000339628 0.000861068 0.0245187 0.000509918 0.00245549 0.0319397 0.000228445 0.00016227 
0.0496115 0.000115622 0.000277844 0.0215945 5.01078e-05 5.85525e-05 0.0469302 0.00036141 0.000861491 0.0241504 0.000483414 0.00247633 0.0316828 0.000228122 0.000166526 
0.0497565 0.00011816 0.000281207 0.0216297 5.02227e-05 5.90811e-05 0.047395 0.000361156 0.00085709 0.024302 0.000483279 0.00248304 0.0318602 0.000227996 0.000166317 
0.049201 0.000113753 0.00028355 0.0212283 5.09505e-05 5.86834e-05 0.0468356 0.000344891 0.000869848 0.0246279 0.000484617 0.00248041 0.032245 0.000225407 0.000166708 
0.0490216 0.000110192 0.000286214 0.0210499 4.94475e-05 5.87243e-05 0.0473083 0.000362928 0.000871012 0.0240313 0.000463124 0.00251908 0.0318447 0.00022801 0.00016905 
0.0488933 0.000110081 0.000290029 0.0212035 4.96919e-05 5.84052e-05 0.0478902 0.000358855 0.000866934 0.0241504 0.000462173 0.00250686 0.03179 0.000230927 0.00016715 
0.0481158 0.000108696 0.000290185 0.0206372 5.1258e-05 5.83422e-05 0.0471926 0.000342142 0.000875615 0.0245543 0.000462369 0.0025113 0.0320072 0.000231813 0.000167461 
0.0474049 0.000107293 0.000291757 0.02049 4.9141e-05 5.81374e-05 0.0475315 0.000361445 0.000882889 0.0239533 0.000446344 0.00257015 0.0316041 0.000235687 0.00017029 
0.0473399 0.000107974 0.000292875 0.0205041 4.94227e-05 5.832e-05 0.0479055 0.000353549 0.000892645 0.0240346 0.000448214 0.00256048 0.0317523 0.000236992 0.00017049 
0.0471672 0.000105368 0.000294297 0.0197394 5.09087e-05 5.81309e-05 0.0476642 0.000336384 0.000890426 0.0244741 0.000451667 0.00255195 0.032068 0.000232252 0.000174262 
0.0465845 0.000104222 0.000292575 0.0194296 4.96022e-05 5.80779e-05 0.047875 0.000355446 0.000902337 0.0240268 0.000435721 0.00257122 0.0316176 0.000234322 0.000177018 
0.0466916 0.000105385 0.000292922 0.0196227 4.91361e-05 5.78494e-05 0.0480054 0.000356874 0.000899213 0.024134 0.000442465 0.00256919 0.0319745 0.00023681 0.000176089 
0.0462783 0.000104154 0.000287722 0.0189628 4.96499e-05 5.77105e-05 0.0477177 0.0003405 0.000906175 0.0247605 0.000441989 0.00258775 0.0322658 0.000235065 0.000178656 
0.045774 0.000104185 0.000284804 0.018821 4.8482e-05 5.78793e-05 0.0478029 0.000353626 0.000923918 0.0243973 0.000430411 0.00262523 0.032156 0.000233598 0.00018292 
0.0458386 0.000104865 0.000283499 0.0186117 4.91743e-05 5.77569e-05 0.0479652 0.000348621 0.000926239 0.024811 0.000436142 0.00260247 0.0323231 0.000235303 0.000181882 
0.0450272 0.000104118 0.000283253 0.0178916 4.97999e-05 5.73986e-05 0.0473065 0.000326573 0.000937242 0.0258889 0.000443925 0.00257558 0.0325776 0.000235018 0.000182018 
0.0438648 0.000103287 0.000282437 0.017637 4.87239e-05 5.78629e-05 0.0476406 0.000345999 0.0009581 0.0255805 0.000427923 0.00260872 0.0321181 0.000238372 0.000184668 
0.0441389 0.000105988 0.000282118 0.0177793 4.84786e-05 5.76226e-05 0.0481438 0.000339717 0.000958045 0.0255262 0.000428769 0.00260409 0.0323458 0.000239337 0.000184175 
0.0440307 0.000103715 0.000279182 0.0171106 4.88613e-05 5.72671e-05 0.047711 0.000325323 0.000954518 0.0260445 0.000437653 0.00259728 0.032467 0.000239218 0.000184408 
0.0437727 0.000105905 0.000277375 0.0169046 4.84757e-05 5.75436e-05 0.048292 0.000335148 0.000968355 0.0258822 0.000424813 0.00262998 0.0319086 0.000241353 0.000188142 
0.0435726 0.000106403 0.000278966 0.016919 4.9371e-05 5.78108e-05 0.0484857 0.000337448 0.000967249 0.026135 0.000423949 0.00263293 0.0318562 0.000246057 0.000185885 
0.0426863 0.000105815 0.000275649 0.0166151 4.91764e-05 5.71011e-05 0.0480447 0.000328695 0.000959881 0.0269747 0.000424758 0.00265416 0.0318926 0.000245586 0.000188188 
0.0421425 0.000106404 0.000271844 0.0163598 4.86956e-05 5.70746e-05 0.0484371 0.000340857 0.000985039 0.0266921 0.000410254 0.0026771 0.031547 0.000252033 0.000190875 
0.0426757 0.000107288 0.000273586 0.0165477 4.95129e-05 5.68134e-05 0.0485617 0.000337856 0.000984193 0.0268776 0.000413879 0.00266509 0.0316799 0.000253999 0.000189174 
0.0418471 0.000105232 0.000272245 0.0163154 4.95447e-05 5.71651e-05 0.0478151 0.000335286 0.000978577 0.0272438 0.000417071 0.00266793 0.0315106 0.00025586 0.000189287 
0.0412257 0.000104017 0.000271506 0.0160261 4.93255e-05 5.73259e-05 0.0479236 0.000346838 0.000994303 0.0267584 0.000410431 0.00268795 0.0310021 0.000259517 0.000190703 
0.0416952 0.000105751 0.000271985 0.0159881 4.93838e-05 5.67025e-05 0.0480637 0.000345642 0.000998247 0.0267579 0.000412277 0.00269328 0.0309557 0.000261619 0.000189347 
0.0417827 0.000106233 0.000271109 0.0157286 4.92458e-05 5.61656e-05 0.0475392 0.00032703 0.00098042 0.0268357 0.000425559 0.0026848 0.0305562 0.00026262 0.000187357 
0.0414789 0.000106211 0.000271686 0.0155626 4.86873e-05 5.63601e-05 0.0478519 0.000344343 0.000995786 0.0264258 0.000427424 0.00271204 0.0300999 0.000264114 0.000192114 
0.0411711 0.000104715 0.00027114 0.0154838 4.83523e-05 5.66926e-05 0.0481469 0.000350671 0.000996899 0.0267059 0.000422806 0.00272308 0.0303285 0.000265006 0.000192132 
0.0410536 0.0001057 0.000270256 0.0152669 4.92533e-05 5.53242e-05 0.0475811 0.000337107 0.000984886 0.0269265 0.000426085 0.00270392 0.0298652 0.000268747 0.000189888 
0.0399604 0.000105891 0.000272789 0.0150604 4.93664e-05 5.53806e-05 0.0479614 0.000353708 0.00100615 0.0266514 0.000418835 0.00273009 0.0294789 0.000273932 0.00019242 
0.0401307 0.000106194 0.000274189 0.0150262 4.9588e-05 5.50661e-05 0.0481772 0.00035195 0.0010105 0.0268122 0.000417328 0.00272282 0.0297653 0.000276035 0.00019254 
0.0398999 0.000105287 0.000273118 0.0148494 5.03978e-05 5.40589e-05 0.047586 0.000342216 0.00099563 0.0270185 0.00041697 0.00272485 0.0295889 0.000279133 0.000191372 
0.0391897 0.000103893 0.000272493 0.0147329 5.06936e-05 5.46691e-05 0.0479629 0.00035797 0.00100816 0.0269195 0.000408466 0.00274397 0.0293534 0.000284547 0.000191808 
0.0393438 0.000105046 0.000269063 0.0146998 5.03366e-05 5.60295e-05 0.0480101 0.00036049 0.00100968 0.0271018 0.000413303 0.00273857 0.0295098 0.000286712 0.000190742 
0.0389046 0.000104906 0.000270801 0.0145596 5.04293e-05 5.5072e-05 0.0478196 0.00035413 0.000995537 0.0271037 0.000409196 0.00276771 0.0293404 0.000284572 0.000190524 
0.0378075 0.000102065 0.000275848 0.0143357 4.9947e-05 5.52297e-05 0.0485566 0.000381483 0.00101712 0.0271006 0.000395703 0.0027708 0.0295171 0.000288472 0.000194951 
0.0379064 0.000103432 0.000276495 0.0143348 4.91299e-05 5.49754e-05 0.0485706 0.000388218 0.00102196 0.0270521 0.00039551 0.00278454 0.0297235 0.000290081 0.00019358 
0.0380338 0.000104759 0.0002706 0.0142546 5.04842e-05 5.34479e-05 0.0480086 0.000370515 0.00100679 0.0270742 0.000394827 0.0027947 0.0294646 0.000289385 0.000192791 
0.0370064 0.000102179 0.000271266 0.0140799 5.04369e-05 5.36104e-05 0.0485316 0.000389004 0.00102527 0.0272355 0.000376225 0.0028027 0.0291564 0.000294508 0.000196648 
0.0369371 0.000101873 0.000274356 0.0140227 5.05577e-05 5.33461e-05 0.0486426 0.000393637 0.00102739 0.0274778 0.000373774 0.00279184 0.0289682 0.000297723 0.000196877 
0.0367759 0.000101639 0.00027411 0.0140006 5.05967e-05 5.23205e-05 0.0481032 0.000382425 0.00101299 0.0274825 0.000366555 0.00281419 0.0288503 0.000296919 0.000196791 
0.036105 0.000100189 0.000273486 0.0139313 4.99579e-05 5.23294e-05 0.0488128 0.000404022 0.00103522 0.0271938 0.000357593 0.00285362 0.0287321 0.00029421 0.00020241 
0.0362049 0.000100265 0.00027429 0.0138609 5.03933e-05 5.26323e-05 0.048876 0.000405335 0.00103716 0.0273967 0.000357696 0.00284822 0.0287428 0.000298724 0.000201292 
0.0353812 9.88892e-05 0.000270141 0.0137673 5.04688e-05 5.17424e-05 0.0483967 0.000402211 0.0010168 0.0275838 0.000346058 0.00288404 0.0287752 0.000298101 0.000200372 
0.0348785 9.71347e-05 0.000268307 0.0136784 5.09729e-05 5.27894e-05 0.0486552 0.000417746 0.00102486 0.0272105 0.000335686 0.00288227 0.0284924 0.000299769 0.000203965 
0.0347068 9.80973e-05 0.000267442 0.0135789 5.11173e-05 5.31612e-05 0.0489124 0.00041677 0.00102047 0.0273542 0.000336362 0.00288537 0.0284712 0.00030629 0.000202896 
0.0347989 9.96582e-05 0.000263907 0.0136295 5.08018e-05 5.27577e-05 0.0483618 0.000408285 0.0010124 0.0275257 0.000327958 0.00290762 0.0288152 0.00030151 0.000202572 
0.0335687 9.71398e-05 0.000266091 0.0135788 5.15769e-05 5.37984e-05 0.0488233 0.000436411 0.00103052 0.0272129 0.000314704 0.0029444 0.0285043 0.000304891 0.000207115 
0.0336876 9.7973e-05 0.000267716 0.0136176 5.14395e-05 5.37665e-05 0.0488525 0.000436292 0.00103451 0.0275552 0.000312689 0.0029462 0.0287769 0.000309221 0.000206222 
0.0338836 9.54733e-05 0.000267264 0.0137948 5.11574e-05 5.34175e-05 0.048305 0.000431939 0.00101975 0.0273672 0.000310741 0.00295938 0.0290447 0.000301012 0.000206283 
0.0333185 9.29574e-05 0.000266229 0.0139145 4.96453e-05 5.32803e-05 0.0490325 0.000448774 0.00103963 0.0269363 0.000303588 0.00301076 0.0291302 0.000296096 0.000209853 
0.0333533 9.58561e-05 0.000265979 0.0137613 5.02442e-05 5.33105e-05 0.0494866 0.000438713 0.00104367 0.0273691 0.000297296 0.00300573 0.0289638 0.000303539 0.000210245 
0.0336752 9.55543e-05 0.000261517 0.013872 4.937e-05 5.41486e-05 0.0486625 0.000423375 0.00103685 0.027178 0.000297247 0.00302074 0.029131 0.000295974 0.000208579 
0.0331126 9.27377e-05 0.00026355 0.0139189 4.9259e-05 5.43155e-05 0.0493531 0.000451144 0.00104718 0.0267909 0.00029114 0.0030481 0.0292138 0.000299683 0.000210838 
0.0330922 9.20548e-05 0.000264392 0.0139781 4.84963e-05 5.52475e-05 0.0498203 0.000448421 0.00104639 0.0267305 0.000298372 0.00304902 0.0291582 0.000301564 0.000208382 
0.0336092 8.92525e-05 0.000266128 0.0146598 4.60853e-05 5.51801e-05 0.0486904 0.000447515 0.0010261 0.026149 0.000303623 0.00308138 0.0299472 0.000285717 0.000210048 
0.0335925 8.92967e-05 0.00026422 0.0145861 4.64461e-05 5.54045e-05 0.0490871 0.000452568 0.00104136 0.0259498 0.000301449 0.00308537 0.0297683 0.000285912 0.000209435 
0.0336889 9.02828e-05 0.000261828 0.0145575 4.65959e-05 5.50659e-05 0.0490722 0.000459711 0.00103632 0.0260296 0.000303612 0.00309165 0.0298011 0.000289716 0.000210072 
0.0337287 8.70319e-05 0.000261626 0.0149326 4.556e-05 5.49677e-05 0.0480253 0.000455907 0.00102988 0.0258275 0.000300234 0.00310456 0.0302493 0.000276981 0.0002113 
0.0331649 8.17455e-05 0.000261556 0.0150841 4.43934e-05 5.5399e-05 0.0481935 0.000491436 0.00104811 0.0250747 0.000308358 0.00313706 0.0304391 0.000276336 0.00021357 
0.0331046 8.36709e-05 0.000260116 0.0149015 4.55395e-05 5.48622e-05 0.0483465 0.000487693 0.00105457 0.0253328 0.000301102 0.00314279 0.0302242 0.000281485 0.000212646 
0.033399 8.02608e-05 0.000260124 0.0153025 4.3945e-05 5.43436e-05 0.047537 0.000479582 0.00103944 0.0251703 0.000301709 0.00310934 0.0307209 0.000271862 0.000212619 
0.0329946 7.6536e-05 0.000261714 0.0154278 4.43947e-05 5.49527e-05 0.0477414 0.000504868 0.0010611 0.0248712 0.000305569 0.00312922 0.0308098 0.000274525 0.000213398 
0.0328133 7.84862e-05 0.000256071 0.0153151 4.52061e-05 5.55698e-05 0.0480323 0.000506348 0.00106892 0.0252773 0.000298957 0.00313547 0.0309512 0.000274714 0.000215602 
0.0332448 7.91937e-05 0.000255717 0.0153667 4.45384e-05 5.51146e-05 0.0475034 0.000482884 0.00105188 0.0253046 0.000295703 0.00310683 0.0307957 0.000270966 0.00021308 
0.0333891 7.86153e-05 0.000253792 0.0154235 4.40713e-05 5.53262e-05 0.04804 0.000489694 0.00106433 0.024852 0.00029835 0.00312727 0.0306996 0.000271231 0.000213522 
0.0333063 8.04716e-05 0.000251352 0.0151979 4.42544e-05 5.55665e-05 0.0485247 0.000483872 0.00106598 0.0252332 0.000291776 0.00313431 0.0302649 0.000278582 0.000214578 
0.0331121 8.06536e-05 0.000247193 0.0150765 4.39087e-05 5.50452e-05 0.0482762 0.000470239 0.00104929 0.0254496 0.000292041 0.00314057 0.0302518 0.000278145 0.000213002 
0.0335334 7.87921e-05 0.00024505 0.015499 4.24359e-05 5.43434e-05 0.0486228 0.000491612 0.0010588 0.024644 0.000299926 0.00315411 0.0305484 0.000273658 0.000216536 
0.0338869 8.08959e-05 0.00024301 0.0155611 4.28724e-05 5.47626e-05 0.049049 0.000478206 0.00106501 0.0248604 0.000293615 0.00314934 0.0304883 0.000275385 0.000216902
