0.0294358 0.000245824 0.000343853 0.0410679 0.000168133 0.000185624 0.0293606 0.000225446 0.000467277 0.0448397 0.000390939 0.000430743 0.0259461 0.000165054 0.00014868 
0.029128 0.000259032 0.000370203 0.0390896 0.000161783 0.000202875 0.0314082 0.000238033 0.00046455 0.043913 0.000392434 0.000428287 0.0236258 0.000174587 0.00014935 
0.0291067 0.000257422 0.000370433 0.0393381 0.000149918 0.000190356 0.0297745 0.000214664 0.000469669 0.0434202 0.000399272 0.000433051 0.0225423 0.000169059 0.000146853 
0.0248046 0.000266268 0.000396429 0.0417729 0.000126394 0.000151508 0.0247819 0.000160252 0.000544041 0.043442 0.000426352 0.000480723 0.0204559 0.000134119 0.000128783 
0.0248829 0.000268228 0.000398512 0.0412048 0.000132765 0.000155904 0.0252727 0.000164445 0.000540066 0.0429688 0.000421136 0.000481068 0.0205298 0.000138781 0.000128888 
0.0249182 0.000267804 0.000399295 0.041428 0.000130432 0.000153343 0.02505 0.000161056 0.000542473 0.0428092 0.000422954 0.000482927 0.0203756 0.000137593 0.000128325 
0.0245926 0.00026896 0.000395953 0.0419118 0.000125324 0.000148665 0.0243802 0.000154247 0.000544491 0.042853 0.000427288 0.000490407 0.020098 0.000130912 0.000124073 
0.0246649 0.000268382 0.00039701 0.0414648 0.000124733 0.00014741 0.0245884 0.000154008 0.000540147 0.0422469 0.000427447 0.000486697 0.0202398 0.000133027 0.000124114 
0.024709 0.000267765 0.000396391 0.0415953 0.000125901 0.000146913 0.0246965 0.000154436 0.000543309 0.0420953 0.00042503 0.000484569 0.0203767 0.000133064 0.000123865 
0.024207 0.000273488 0.000390918 0.041808 0.000118767 0.000145847 0.0239389 0.000150633 0.000541849 0.042632 0.00042783 0.000500587 0.0199232 0.0001256 0.000119094 
0.024205 0.000272214 0.000392665 0.0412677 0.000114879 0.000145851 0.0238166 0.000150845 0.000539841 0.0420871 0.000425206 0.000510157 0.0198023 0.000126202 0.000116867 
0.0239925 0.000276554 0.000389575 0.04102 0.000116427 0.000144417 0.0239985 0.00015176 0.000536238 0.0417767 0.000426389 0.000502067 0.0201114 0.000125587 0.00011758 
0.0241076 0.000268861 0.000385129 0.040595 0.000107404 0.000137628 0.0236474 0.000146983 0.000526756 0.0418561 0.000431458 0.000532936 0.0195768 0.000124024 0.000112002 
0.0243376 0.000269471 0.000386643 0.0405659 0.000103277 0.000137828 0.023533 0.000148447 0.000519778 0.0411616 0.000433784 0.000538945 0.0194205 0.000125442 0.000112384 
0.0244082 0.000268548 0.000388615 0.0404373 0.000103181 0.000138541 0.0236399 0.000148612 0.000523849 0.0409266 0.000438464 0.000539672 0.0194873 0.000125586 0.000112156 
0.0244281 0.000265892 0.000380147 0.0403026 9.73816e-05 0.000129056 0.0235032 0.000143565 0.00051969 0.0407319 0.00043187 0.000572782 0.019071 0.000119889 0.000109262 
0.0243193 0.000259774 0.000378021 0.0396849 9.4554e-05 0.000129948 0.0234649 0.000144274 0.000520962 0.0392003 0.000432099 0.000580656 0.0191195 0.000114431 0.000111538 
0.024238 0.000256717 0.000376153 0.0393243 9.33912e-05 0.0001324 0.0235258 0.000143094 0.000514678 0.0389208 0.00043554 0.000586131 0.019247 0.000112859 0.000111402 
0.0238403 0.000255134 0.000369156 0.0385247 8.44244e-05 0.000125518 0.0234615 0.000131808 0.000518819 0.0381888 0.0004337 0.000621427 0.0190889 0.000105604 0.000108359 
0.023562 0.000248391 0.000366731 0.0385416 8.26763e-05 0.000128424 0.0235165 0.000131016 0.000526056 0.0370632 0.000432022 0.000628162 0.0190904 0.000103018 0.000109381 
0.0236549 0.000246792 0.000365651 0.0383839 8.37095e-05 0.00013008 0.0235503 0.000131134 0.000526235 0.0369187 0.000433907 0.000629893 0.0191415 0.000104142 0.000108887 
0.0235502 0.000245522 0.000352817 0.0387487 7.79903e-05 0.000121232 0.0232503 0.000123213 0.000519724 0.0367432 0.000429788 0.00065497 0.0190678 0.000103031 0.00010628 
0.02324 0.000232844 0.000352995 0.0389719 7.75009e-05 0.000119826 0.0235842 0.000123047 0.00052193 0.0362052 0.000432518 0.000659867 0.0191434 0.000102169 0.000106534 
0.0232915 0.000232764 0.000352938 0.0385239 7.81116e-05 0.000122135 0.0236139 0.000124299 0.000521621 0.0361665 0.000437173 0.00066294 0.0193353 0.000101004 0.000107338 
0.0229417 0.000222046 0.000349969 0.0417684 7.35873e-05 0.000103451 0.0240805 0.000113866 0.000541081 0.036987 0.000418858 0.000683046 0.0186405 0.000106512 0.00010363 
0.0228863 0.000215029 0.000350882 0.042569 7.31733e-05 9.97584e-05 0.0243943 0.000113624 0.00054212 0.0365814 0.000420202 0.00067966 0.0185185 0.000108202 0.000101702 
0.0229105 0.000218749 0.000347926 0.0418259 7.42927e-05 0.00010173 0.0243256 0.000115036 0.000543171 0.036197 0.000425128 0.0006878 0.0187666 0.000108333 0.000102597 
0.0223699 0.000203243 0.000352188 0.0450177 7.01661e-05 8.45079e-05 0.0250832 0.000103543 0.000560305 0.0372747 0.000411594 0.00070919 0.0181091 0.000113154 9.8423e-05 
0.0223996 0.000201279 0.000350062 0.0450365 7.00829e-05 8.47885e-05 0.0250407 0.000104082 0.00056798 0.0365055 0.00041349 0.0007078 0.0182868 0.000112781 9.8613e-05 
0.0224021 0.000201469 0.000348415 0.0445648 7.1222e-05 8.63877e-05 0.0250274 0.000106714 0.000567375 0.0364442 0.000415188 0.000709239 0.0185614 0.000112986 9.89169e-05 
0.0222836 0.000196024 0.00034405 0.0471795 6.9053e-05 7.54789e-05 0.0252962 9.85006e-05 0.000586821 0.0368833 0.000410421 0.000735866 0.0181181 0.000116875 9.64863e-05 
0.0221849 0.000191427 0.0003497 0.0472175 6.83801e-05 7.39157e-05 0.0254118 9.66051e-05 0.000601189 0.0364046 0.000406718 0.000733129 0.0181269 0.000119324 9.52631e-05 
0.0221152 0.000191028 0.00035355 0.0471061 6.88226e-05 7.27259e-05 0.0255283 9.71159e-05 0.00060042 0.0365445 0.000408359 0.000733245 0.0182296 0.000119635 9.62485e-05 
0.0223684 0.000187054 0.000349544 0.0481716 6.63028e-05 6.84869e-05 0.02558 9.372e-05 0.000597298 0.0361853 0.00040883 0.000763886 0.0180866 0.00012158 9.45729e-05 
0.0226135 0.000179359 0.000346001 0.0478278 6.66336e-05 6.9074e-05 0.0257151 9.34308e-05 0.000600483 0.0352864 0.000419496 0.000768591 0.0182225 0.00012294 9.47593e-05 
0.0227189 0.000181175 0.000342914 0.0476403 6.67987e-05 6.93911e-05 0.0257471 9.45715e-05 0.000602736 0.0352757 0.000420705 0.000773516 0.0183262 0.000122378 9.5899e-05 
0.0227549 0.000177334 0.000340322 0.048126 6.63621e-05 6.65097e-05 0.0255275 9.26498e-05 0.000610093 0.0347664 0.000424192 0.000805492 0.0181705 0.000124894 9.38125e-05 
0.023105 0.000173756 0.000334582 0.0477966 6.59619e-05 6.6066e-05 0.025849 9.09201e-05 0.000614765 0.0335176 0.000419849 0.00081616 0.0182437 0.000126868 9.34845e-05 
0.0228774 0.000176947 0.000335002 0.0478709 6.64966e-05 6.61879e-05 0.025972 9.33654e-05 0.000612095 0.0334034 0.000416423 0.000825597 0.0182718 0.000125747 9.42237e-05 
0.0231311 0.000173002 0.000331737 0.0478993 6.55943e-05 6.52036e-05 0.025741 9.17604e-05 0.000610288 0.032953 0.000419312 0.000851101 0.0181196 0.000125965 9.21185e-05 
0.0232951 0.000172349 0.000328984 0.0478756 6.48e-05 6.43612e-05 0.0260222 9.01836e-05 0.000606093 0.031805 0.000406586 0.00085606 0.0179498 0.000127128 9.25748e-05 
0.0230666 0.000176802 0.000329608 0.0479959 6.54886e-05 6.43807e-05 0.025936 9.15952e-05 0.000604298 0.0320448 0.000403353 0.000858 0.0181119 0.000125857 9.30677e-05 
0.0232168 0.00017424 0.000324871 0.0478339 6.43738e-05 6.43996e-05 0.0257582 9.15085e-05 0.000612981 0.0317938 0.000408868 0.00089618 0.0178893 0.000125481 9.24202e-05 
0.0233683 0.000172398 0.000329085 0.047712 6.36529e-05 6.50253e-05 0.0260261 9.11147e-05 0.000614372 0.030871 0.000418434 0.000887938 0.0177669 0.000127938 9.36131e-05 
0.0229919 0.000177723 0.000325655 0.0478556 6.32723e-05 6.52949e-05 0.0260165 9.56949e-05 0.000621424 0.0308957 0.000408889 0.000901559 0.0180073 0.000126289 9.41688e-05 
0.023182 0.000178215 0.000323226 0.0484834 6.20317e-05 6.42065e-05 0.0258209 9.54654e-05 0.000622742 0.0306876 0.000409557 0.000937208 0.0178734 0.000124585 9.44882e-05 
0.0235039 0.000180266 0.000317623 0.0488486 6.08045e-05 6.29945e-05 0.0260646 9.49313e-05 0.000626458 0.0297842 0.000403808 0.000935622 0.0175964 0.000127012 9.57159e-05 
0.0230688 0.000185099 0.000311405 0.0488405 6.12691e-05 6.29125e-05 0.0261161 9.92955e-05 0.000627343 0.0299608 0.000395051 0.000945769 0.0177966 0.000125183 9.57631e-05 
0.0232718 0.000181826 0.000313494 0.0489261 6.04724e-05 6.27122e-05 0.0259412 9.79404e-05 0.000627418 0.0296067 0.000405915 0.000971712 0.0176555 0.000125255 9.52359e-05 
0.0232392 0.00018354 0.000309338 0.0486438 5.95418e-05 6.34684e-05 0.0261879 9.97884e-05 0.000626569 0.0287995 0.000400245 0.000974269 0.0175375 0.000127305 9.71832e-05 
0.0231139 0.000185606 0.000305515 0.0488769 5.97058e-05 6.32848e-05 0.0261926 0.000101528 0.000627277 0.0290491 0.000396209 0.000973856 0.0177035 0.000126954 9.76888e-05 
0.0232947 0.000181506 0.000307434 0.048479 5.8171e-05 6.33628e-05 0.0260624 9.9332e-05 0.000625906 0.0284388 0.000408443 0.0010252 0.0173504 0.000126747 9.63578e-05 
0.023479 0.00018279 0.000309268 0.048218 5.77803e-05 6.4585e-05 0.0265942 9.94869e-05 0.000623279 0.0279319 0.000406877 0.00102338 0.0172893 0.000129676 9.64139e-05 
0.0233034 0.000184059 0.000307774 0.0482824 5.77978e-05 6.39736e-05 0.0265166 0.00010162 0.000621447 0.027882 0.000397641 0.0010277 0.01748 0.000127081 9.71115e-05 
0.0234167 0.000184283 0.000305331 0.0475537 5.53445e-05 6.49907e-05 0.0262369 9.88617e-05 0.000618655 0.0274482 0.000398767 0.00106603 0.017222 0.000126814 9.64929e-05 
0.0240452 0.000187518 0.000307525 0.0472592 5.40442e-05 6.56217e-05 0.0264598 9.88522e-05 0.000609816 0.0267944 0.000396559 0.0010816 0.0170275 0.00013049 9.78329e-05 
0.0237832 0.00019637 0.000303666 0.0469981 5.37545e-05 6.67104e-05 0.0264307 0.000102677 0.000604873 0.0267931 0.000384293 0.0011051 0.0171517 0.000127821 9.97233e-05 
0.0243893 0.000191522 0.000306203 0.0469325 5.24303e-05 6.57765e-05 0.0262736 9.88338e-05 0.000607503 0.0264669 0.000396114 0.00113167 0.0168869 0.000131516 9.89463e-05 
0.0245458 0.000193931 0.000305843 0.0468176 5.24489e-05 6.70532e-05 0.0267792 9.96909e-05 0.000614427 0.0258425 0.000397834 0.00113614 0.0169315 0.00013231 0.000100487 
0.0240994 0.000198734 0.000298099 0.0470478 5.25252e-05 6.68017e-05 0.0266249 0.00010327 0.00061581 0.0257906 0.000386866 0.00113283 0.0171524 0.000128777 0.000102908 
0.0240891 0.000196501 0.000299533 0.0465464 5.18624e-05 6.6306e-05 0.0260481 0.000101425 0.000618081 0.0256001 0.000395343 0.00114146 0.0169254 0.000129786 0.000102286 
0.0243431 0.000194022 0.00030013 0.0454012 5.13489e-05 6.74649e-05 0.0266492 0.000100691 0.000620947 0.025145 0.000395752 0.0011582 0.016932 0.000133246 0.000100668 
0.024113 0.000199159 0.000294376 0.0453422 5.19205e-05 6.77216e-05 0.0267468 0.000103998 0.000619578 0.0252944 0.000388589 0.00116876 0.0171617 0.000131641 0.000100797 
0.0243795 0.000191798 0.000301704 0.0452245 5.17478e-05 6.60165e-05 0.0266456 0.000101552 0.000619532 0.0251729 0.000396729 0.00118534 0.0169718 0.000133763 9.88562e-05 
0.0243149 0.000188275 0.000302312 0.0441754 5.15283e-05 6.71094e-05 0.0269389 0.000101404 0.000613495 0.0246547 0.000395531 0.00120344 0.0170392 0.000134619 9.84279e-05 
0.0240659 0.000195624 0.000292773 0.0448434 5.31008e-05 6.6619e-05 0.0270759 0.00010403 0.0006094 0.0249621 0.000380676 0.00121327 0.017395 0.000127925 0.000100506 
0.0242053 0.000192068 0.00028865 0.0450507 5.233e-05 6.57901e-05 0.0269034 0.000101231 0.00061021 0.0247416 0.000390742 0.00122718 0.0171337 0.000131728 9.98033e-05 
0.0242 0.000194444 0.000291448 0.0444227 5.17996e-05 6.62492e-05 0.0273849 0.000102558 0.000608855 0.0244524 0.000385327 0.00123749 0.0172025 0.000134944 9.90542e-05 
0.0239072 0.000199267 0.000287189 0.0447439 5.35185e-05 6.54562e-05 0.0275818 0.00010219 0.000606973 0.0247031 0.000372676 0.00124323 0.0174891 0.000128856 0.000100599 
0.0238995 0.000200229 0.000288335 0.0446303 5.26332e-05 6.44199e-05 0.0269828 0.000102559 0.000611477 0.024411 0.000370588 0.0012757 0.0173223 0.000130283 9.94762e-05 
0.0234409 0.000204237 0.00028653 0.0448083 5.22944e-05 6.37397e-05 0.0271002 0.000106071 0.000613078 0.0236228 0.000362055 0.00128192 0.0172922 0.000131786 0.000100031 
0.0231459 0.000207764 0.000284816 0.0445855 5.39898e-05 6.38203e-05 0.0271773 0.000108206 0.000608194 0.0237383 0.000358142 0.00126883 0.0174769 0.000128684 0.000101844 
0.023056 0.000213493 0.000287424 0.0440893 5.25511e-05 6.29524e-05 0.0265822 0.000110766 0.000617665 0.0234214 0.00035377 0.00129999 0.0173326 0.000129445 0.000101113 
0.0230751 0.000214286 0.000291928 0.0441634 5.12277e-05 6.40923e-05 0.0268725 0.000112536 0.000620075 0.0227797 0.000352049 0.00131133 0.0171174 0.000132671 0.000101241 
0.0229122 0.000214602 0.000289544 0.0439726 5.20823e-05 6.37651e-05 0.0269114 0.000112488 0.000614913 0.0228424 0.000348047 0.00131537 0.0173026 0.000129344 0.000102078 
0.0227532 0.000217451 0.000278676 0.0441849 5.2235e-05 6.16624e-05 0.0262049 0.000111067 0.000632162 0.0224259 0.000347845 0.00133264 0.0172499 0.000130883 0.000100122 
0.0223733 0.000220415 0.000278309 0.0437417 5.29196e-05 6.21968e-05 0.0263457 0.00011466 0.000629981 0.0221472 0.000348293 0.00132805 0.0174702 0.00013225 0.000101726 
0.0224853 0.00021916 0.00027676 0.0438777 5.40695e-05 6.15372e-05 0.026499 0.000114201 0.000627572 0.0223705 0.000344131 0.00134337 0.0177456 0.000128661 0.000102634 
0.0225141 0.000220177 0.000274656 0.0440707 5.39897e-05 6.02226e-05 0.0259268 0.000112805 0.000629461 0.0221722 0.000348288 0.00134744 0.0174641 0.000131315 9.92051e-05 
0.022649 0.00022273 0.000278372 0.0441159 5.29658e-05 6.12763e-05 0.0260257 0.000116091 0.000626207 0.0219393 0.000345724 0.0013504 0.0176296 0.000129982 9.94767e-05 
0.0225016 0.000227728 0.000275984 0.0437679 5.391e-05 6.07706e-05 0.0260778 0.000116521 0.000630419 0.0219258 0.000345474 0.00135219 0.0179197 0.000127707 9.90693e-05 
0.0220903 0.000237188 0.00027093 0.0438751 5.42845e-05 6.06685e-05 0.0256245 0.000119517 0.000632809 0.0217782 0.000342977 0.00134651 0.0179111 0.000128836 9.83776e-05 
0.0220022 0.00023791 0.000273641 0.0438943 5.47467e-05 6.03652e-05 0.0259027 0.000121112 0.000636301 0.0214386 0.000337967 0.00135724 0.0180524 0.000130417 9.78484e-05 
0.0220074 0.000238088 0.000274668 0.0434235 5.40266e-05 6.05171e-05 0.0259496 0.000122346 0.000631693 0.0216033 0.000343246 0.00136463 0.0182601 0.000131028 9.72469e-05 
0.0218084 0.000240323 0.000275917 0.0436384 5.36806e-05 6.04669e-05 0.0255722 0.000124555 0.000636096 0.0215543 0.000344783 0.0013685 0.0181095 0.000131604 9.71884e-05 
0.0215736 0.000247908 0.000278949 0.0433063 5.29417e-05 6.08568e-05 0.0257869 0.000127909 0.000634282 0.0211653 0.000347433 0.00136768 0.0183473 0.000131861 9.7727e-05 
0.021448 0.000255413 0.000276904 0.042978 5.25434e-05 6.20772e-05 0.0260016 0.000129144 0.000632244 0.0212188 0.000349605 0.00135942 0.0186238 0.000129975 9.79792e-05 
0.0212658 0.000258844 0.000267292 0.0433263 5.24452e-05 6.15295e-05 0.0254848 0.000131168 0.000631716 0.0211853 0.000349881 0.00137127 0.0185991 0.000128762 9.80272e-05 
0.0211109 0.000263123 0.000267921 0.0425607 5.21294e-05 6.3371e-05 0.0257365 0.000134963 0.000621523 0.020866 0.000350524 0.00137278 0.01877 0.000129938 9.90291e-05 
0.0212431 0.000261145 0.000274222 0.0418923 5.16904e-05 6.38869e-05 0.0259785 0.000135115 0.000614744 0.0209748 0.000353702 0.00135867 0.0190086 0.000131112 9.96355e-05 
0.0211637 0.000258125 0.000268151 0.0421312 5.11268e-05 6.33003e-05 0.0256173 0.000138164 0.000619833 0.0207601 0.000355532 0.00137934 0.0188825 0.000129134 9.80824e-05 
0.0214896 0.000255362 0.000267408 0.0418063 5.0412e-05 6.35729e-05 0.0260549 0.000141473 0.00061895 0.0205452 0.000363282 0.00136128 0.0188206 0.000133021 9.86611e-05 
0.0214777 0.000253051 0.00026478 0.0415616 5.06247e-05 6.35893e-05 0.0262789 0.0001411 0.000621178 0.020609 0.000364933 0.00136699 0.0190864 0.000134073 9.7847e-05 
0.0214 0.000253155 0.000263881 0.0409539 4.95703e-05 6.32876e-05 0.025944 0.00014372 0.000613603 0.0204676 0.000378263 0.00137605 0.0190019 0.000132203 9.57844e-05 
0.0215623 0.000251647 0.000265525 0.0403385 4.819e-05 6.31195e-05 0.0264416 0.000144396 0.000616669 0.0201849 0.00038879 0.001371 0.0188976 0.000135818 9.48916e-05 
0.0215888 0.000251182 0.000264592 0.0405914 4.7863e-05 6.24281e-05 0.0263722 0.000145646 0.000619347 0.0202954 0.000384038 0.00137666 0.0192679 0.000137089 9.44682e-05 
0.021247 0.000257074 0.000257455 0.0403079 4.73557e-05 6.23401e-05 0.0260072 0.000148827 0.000618548 0.0202081 0.000396139 0.00139755 0.0191806 0.000134449 9.21765e-05 
0.0212178 0.000260179 0.000258505 0.0386961 4.59275e-05 6.36022e-05 0.0264413 0.00014945 0.000620331 0.0199329 0.000420254 0.00139175 0.0192127 0.000135158 9.28567e-05 
0.0212159 0.00026205 0.000258851 0.0388029 4.55853e-05 6.32441e-05 0.0265132 0.000152143 0.000625369 0.0200292 0.000427142 0.00139266 0.0193224 0.00013374 9.46609e-05 
0.0208308 0.000261101 0.000253642 0.0380434 4.5151e-05 6.34213e-05 0.0261993 0.000152947 0.00062005 0.019884 0.000440365 0.0014059 0.0191609 0.000134846 9.40271e-05 
0.021046 0.000269139 0.000260847 0.0370734 4.34891e-05 6.54255e-05 0.0263964 0.000158462 0.000622147 0.0194152 0.000461149 0.00141483 0.0192624 0.000134088 9.55319e-05 
0.0210508 0.000268552 0.000262168 0.0369787 4.29334e-05 6.47121e-05 0.0265193 0.000158003 0.000617837 0.0195099 0.000460386 0.00141614 0.019408 0.000133662 9.57786e-05 
0.0206647 0.000265713 0.000254054 0.0363937 4.26016e-05 6.40387e-05 0.0261298 0.00015757 0.000616956 0.0194122 0.000477554 0.00140156 0.0192555 0.000134697 9.44534e-05 
0.0204759 0.000263846 0.000250074 0.0356449 4.16907e-05 6.575e-05 0.0264251 0.000158992 0.000615639 0.0190239 0.000488925 0.00140413 0.0191195 0.000133348 9.57561e-05 
0.0206062 0.000266728 0.000251858 0.0356797 4.19244e-05 6.65054e-05 0.0264651 0.000159311 0.000615641 0.0190187 0.000481315 0.00141395 0.0191586 0.000136436 9.47015e-05 
0.0204056 0.000263307 0.000245044 0.0357996 4.23088e-05 6.71331e-05 0.0261296 0.000158954 0.000617176 0.0189608 0.000494889 0.0014035 0.0190664 0.000137749 9.29195e-05 
0.0206083 0.000267784 0.000237295 0.0359838 4.28785e-05 6.67767e-05 0.0264567 0.000164005 0.000613199 0.0184247 0.000516086 0.00140046 0.0189584 0.000139704 9.31887e-05 
0.0206337 0.000267883 0.000237962 0.0363428 4.30407e-05 6.54169e-05 0.0264203 0.000162333 0.000613556 0.0186411 0.000520657 0.00140134 0.0190588 0.000142145 9.35081e-05 
0.0204315 0.000268828 0.000229792 0.0361026 4.35397e-05 6.60213e-05 0.0257721 0.000164184 0.000610354 0.0184891 0.000532943 0.00138726 0.0186763 0.000141654 9.1399e-05 
0.020538 0.000266902 0.000227863 0.0356404 4.22638e-05 6.5846e-05 0.0260428 0.000169178 0.000612418 0.0182129 0.000552728 0.00139243 0.018856 0.00014347 8.99624e-05 
0.0206099 0.000263413 0.00022506 0.0359153 4.19855e-05 6.56878e-05 0.0261295 0.000165422 0.000616313 0.0183318 0.000543171 0.00139308 0.0191264 0.000143574 9.01371e-05 
0.0204155 0.000264022 0.000224227 0.0361371 4.26279e-05 6.62677e-05 0.0254958 0.00016471 0.000622801 0.0181188 0.000561429 0.00140298 0.0189417 0.0001426 9.01204e-05 
0.0203392 0.000262292 0.000226567 0.0354472 4.21036e-05 6.81483e-05 0.0255869 0.000171832 0.000618021 0.0176396 0.000569196 0.00141201 0.0190297 0.000142296 9.2121e-05 
0.0203595 0.000258227 0.000224106 0.035415 4.16624e-05 6.77011e-05 0.0255928 0.000171689 0.000620324 0.0178134 0.000571037 0.00140626 0.0191356 0.000144535 9.17356e-05 
0.0200962 0.000259391 0.000223436 0.0352007 4.2175e-05 6.65808e-05 0.0249399 0.000174691 0.000620376 0.0176216 0.000585552 0.00139583 0.0189306 0.000143624 9.27909e-05 
0.0201575 0.000260825 0.000225778 0.0348781 4.23667e-05 6.67568e-05 0.0250507 0.000177297 0.00061981 0.0173512 0.000593171 0.00140257 0.0190641 0.000143875 9.19745e-05 
0.0202397 0.000264521 0.000226262 0.0349498 4.20727e-05 6.67537e-05 0.0253778 0.000176425 0.000616494 0.0175356 0.000597579 0.0013994 0.0192924 0.000145574 9.01659e-05 
0.0199124 0.000262435 0.000222261 0.0347279 4.21672e-05 6.59342e-05 0.0247148 0.000180414 0.000611812 0.0175823 0.000600137 0.00139053 0.0189754 0.000146732 9.00746e-05 
0.0196253 0.000261339 0.000227812 0.0339729 4.14698e-05 6.6169e-05 0.0252744 0.000185031 0.000613566 0.0169651 0.000621769 0.00140521 0.0190988 0.000149204 9.08811e-05 
0.0198171 0.000263763 0.000231278 0.0340478 4.08997e-05 6.63681e-05 0.0253075 0.000187122 0.000612235 0.0169252 0.000624621 0.00139925 0.0192809 0.000150145 8.97949e-05 
0.0194107 0.000259694 0.000230026 0.0337912 3.99325e-05 6.57683e-05 0.0243829 0.000188595 0.000611048 0.0168478 0.000641093 0.00140042 0.0189144 0.000148867 8.98621e-05 
0.019758 0.000267003 0.000237857 0.0338119 3.88389e-05 6.52307e-05 0.0251565 0.000194846 0.000601869 0.0165812 0.000659232 0.00141886 0.0189207 0.000150524 9.10828e-05 
0.0197023 0.000269015 0.000237125 0.03394 3.8201e-05 6.57848e-05 0.0254025 0.000194679 0.000598152 0.0166591 0.000660167 0.00142578 0.0191371 0.000149874 9.1654e-05 
0.0191413 0.000265647 0.000236705 0.0336287 3.71019e-05 6.47168e-05 0.0244769 0.000197258 0.000605075 0.0166528 0.000663126 0.00141987 0.0186127 0.00014718 9.24753e-05 
0.0192344 0.000272498 0.000237802 0.0335316 3.62982e-05 6.41811e-05 0.0248496 0.000199491 0.000603535 0.0163696 0.00066937 0.00143232 0.018709 0.000150063 9.1939e-05 
0.0194837 0.000274357 0.000237394 0.0336188 3.59671e-05 6.52154e-05 0.0249078 0.00020169 0.000598416 0.0163485 0.000680557 0.00141907 0.0187117 0.000148796 9.22282e-05 
0.0190752 0.000269148 0.000233605 0.0331808 3.45778e-05 6.36802e-05 0.0243037 0.000201224 0.000600813 0.0164909 0.000676369 0.0014185 0.0183489 0.000147728 9.27333e-05 
0.0190155 0.000271975 0.000235705 0.0331265 3.48201e-05 6.40663e-05 0.0249048 0.000207373 0.000601602 0.0161859 0.000714058 0.00142992 0.0186069 0.000146456 9.29821e-05 
0.0190295 0.000270832 0.00023834 0.0328317 3.46757e-05 6.41216e-05 0.0248972 0.000215242 0.000600932 0.0162856 0.000730623 0.00143031 0.0187669 0.000146202 9.2405e-05 
0.018439 0.000263091 0.000235597 0.0323909 3.41767e-05 6.29342e-05 0.0243248 0.000214472 0.000604992 0.0163023 0.000733062 0.00142448 0.0184156 0.000146446 9.13655e-05 
0.018843 0.000269623 0.000235239 0.0325697 3.49169e-05 6.32485e-05 0.0250237 0.000213548 0.000607461 0.0159986 0.000747636 0.00141519 0.0184499 0.00014931 9.11698e-05 
0.0189346 0.000273533 0.000235947 0.0327792 3.44025e-05 6.43729e-05 0.0251185 0.000214221 0.000602185 0.0160816 0.000742084 0.00142162 0.0186355 0.000150467 9.21998e-05 
0.0182792 0.00027024 0.000231566 0.0326275 3.33227e-05 6.26232e-05 0.0245685 0.000210863 0.000606687 0.0161182 0.000744487 0.00141829 0.0185024 0.000146848 9.2391e-05 
0.0181342 0.000273577 0.000238302 0.0320013 3.45971e-05 6.27891e-05 0.0252686 0.000212274 0.000608032 0.0157633 0.000782399 0.00141641 0.0186041 0.00014854 9.11243e-05 
0.0184596 0.000273212 0.000239997 0.031779 3.53622e-05 6.39744e-05 0.0253815 0.000215438 0.00060382 0.0157977 0.000799818 0.00140875 0.018635 0.000149347 8.97389e-05 
0.0180796 0.000262986 0.000234895 0.0315114 3.53064e-05 6.33947e-05 0.0250164 0.000210302 0.000605462 0.0156922 0.000803876 0.00139658 0.0185752 0.000149263 8.95325e-05 
0.0178055 0.000266108 0.000243418 0.0314253 3.65274e-05 6.4239e-05 0.0253738 0.000213259 0.000607675 0.0154527 0.000827634 0.00140754 0.0184828 0.000153992 8.90874e-05 
0.0177792 0.000266442 0.000238662 0.0308044 3.686e-05 6.39943e-05 0.0253763 0.000209845 0.000605178 0.0155713 0.000841075 0.00139261 0.018644 0.000155763 8.87346e-05 
0.0175912 0.000262186 0.000230485 0.0306023 3.57615e-05 6.31771e-05 0.024993 0.000206751 0.000608532 0.0154852 0.000853218 0.00138387 0.0183892 0.000153104 8.98007e-05 
0.0174627 0.000262645 0.000231048 0.0302014 3.63349e-05 6.30352e-05 0.0252159 0.000206948 0.00060842 0.015276 0.000847149 0.00140057 0.0183358 0.000156074 9.0149e-05 
0.0174707 0.000263031 0.000224853 0.0295848 3.68851e-05 6.23303e-05 0.0253193 0.000205815 0.000607835 0.0154847 0.000835288 0.001402 0.0184732 0.000157039 8.94858e-05 
0.0172251 0.00025855 0.000217484 0.0291845 3.77745e-05 6.2057e-05 0.0249785 0.000204112 0.000613994 0.0153961 0.000879008 0.00137616 0.0182589 0.000156345 8.89126e-05 
0.0173778 0.00025843 0.000225097 0.0289774 3.76445e-05 6.32036e-05 0.0251771 0.000207791 0.000609076 0.0151816 0.000894575 0.00137253 0.0181774 0.000157294 8.84119e-05 
0.0173628 0.000255499 0.000224991 0.0288285 3.70201e-05 6.27651e-05 0.0251943 0.000209295 0.00061019 0.0153444 0.000879499 0.00137681 0.0183147 0.000159298 8.82873e-05 
0.0172087 0.000253616 0.000214159 0.0287324 3.70163e-05 6.20474e-05 0.0246594 0.000208143 0.00061399 0.0152444 0.000901268 0.00136496 0.0181003 0.000159434 8.81396e-05 
0.017344 0.00025745 0.000214367 0.0285913 3.66672e-05 6.20602e-05 0.024701 0.000208409 0.000612395 0.0150844 0.000909385 0.00136511 0.0181594 0.000162014 8.85433e-05 
0.0172655 0.000261433 0.000214811 0.0284204 3.6421e-05 6.1956e-05 0.0247994 0.00021049 0.000610228 0.0152774 0.000900781 0.00136786 0.0182286 0.000162713 8.86047e-05 
0.0169051 0.000256401 0.000207132 0.0283437 3.61505e-05 6.19348e-05 0.0243025 0.000205526 0.000618704 0.0151013 0.000938494 0.00135772 0.0181026 0.000163084 8.89822e-05 
0.0169957 0.000256866 0.000207758 0.0280255 3.61908e-05 6.19565e-05 0.0247474 0.00020881 0.000616445 0.0150702 0.000950914 0.00134814 0.0180597 0.000164107 8.83391e-05 
0.016883 0.000256228 0.000204191 0.0277761 3.68418e-05 6.15327e-05 0.0249491 0.000210024 0.000621544 0.0150831 0.000977511 0.00134822 0.0181684 0.000164424 8.8054e-05 
0.0167996 0.000257037 0.000201566 0.027513 3.67276e-05 6.0594e-05 0.0243372 0.00020624 0.00062899 0.0148696 0.00103438 0.00133576 0.0180719 0.00016359 8.78462e-05 
0.0166654 0.000260915 0.000202996 0.0274334 3.61627e-05 6.04497e-05 0.0244416 0.000204094 0.00063556 0.0147098 0.00104553 0.00133919 0.0180133 0.00016637 8.72171e-05 
0.0167148 0.000256972 0.000204482 0.0272858 3.56958e-05 6.00526e-05 0.0248015 0.000203843 0.000633781 0.0148351 0.00105939 0.00133821 0.0183322 0.000166242 8.73054e-05 
0.0164851 0.000258727 0.000201418 0.0274983 3.55667e-05 5.92694e-05 0.0242413 0.000202064 0.000637629 0.0145851 0.00110412 0.00131208 0.0181949 0.000165292 8.83707e-05 
0.0166838 0.000257946 0.000202643 0.0278161 3.57028e-05 5.83129e-05 0.0244785 0.000203982 0.000644582 0.0145397 0.00111317 0.00130783 0.0183826 0.000167059 8.86857e-05 
0.0168798 0.000253143 0.000202237 0.0277172 3.56759e-05 5.85991e-05 0.0247792 0.000207004 0.000638302 0.014774 0.00110455 0.00130392 0.0186338 0.000165741 8.79916e-05 
0.0167907 0.000253065 0.000206278 0.0280824 3.61005e-05 5.94896e-05 0.024258 0.000203199 0.000644386 0.0145968 0.00114591 0.00128154 0.0183712 0.000164664 9.02403e-05 
0.0172505 0.000257754 0.000205299 0.0278233 3.53366e-05 5.96863e-05 0.0248081 0.000201717 0.000643942 0.0145799 0.00113723 0.00128073 0.018363 0.000167055 8.84248e-05 
0.0174997 0.00026201 0.000206505 0.0273582 3.49805e-05 6.03022e-05 0.0250413 0.000200902 0.000639005 0.0146905 0.00112823 0.00127695 0.0183889 0.000166377 8.80614e-05 
0.0172887 0.000266802 0.000208444 0.0274958 3.45007e-05 5.94278e-05 0.0243843 0.000190038 0.000653831 0.0145181 0.00115774 0.00126472 0.0182513 0.000174715 8.75912e-05 
0.0171531 0.000266809 0.000207302 0.0274811 3.47206e-05 5.95506e-05 0.0248035 0.000192791 0.000654567 0.0144302 0.0011766 0.00128249 0.0182477 0.000177957 8.7473e-05 
0.0170559 0.000266428 0.000206126 0.0273357 3.44793e-05 5.97405e-05 0.0250602 0.000192094 0.000650351 0.0146612 0.00117234 0.0012892 0.0184115 0.000177583 8.69908e-05 
0.0170755 0.000270724 0.000206369 0.0272618 3.4425e-05 5.90568e-05 0.0245434 0.000186273 0.000645813 0.0142701 0.00121284 0.00126672 0.0182887 0.000178045 8.72231e-05 
0.0169953 0.000276755 0.000210007 0.0267213 3.45405e-05 5.82359e-05 0.0250486 0.000184198 0.000648231 0.0141423 0.00122018 0.00129364 0.0183179 0.000179971 8.68498e-05 
0.0170009 0.00027764 0.000210848 0.0264075 3.46543e-05 5.74566e-05 0.0251868 0.000187732 0.000642502 0.0143812 0.00120323 0.00130749 0.0184742 0.000178168 8.78454e-05 
0.0171315 0.0002796 0.000212666 0.0269662 3.49242e-05 5.63131e-05 0.0246342 0.000186063 0.000641806 0.0140686 0.00123472 0.00129047 0.0183253 0.000178539 8.66724e-05 
0.017196 0.000274143 0.000214856 0.0265477 3.42609e-05 5.452e-05 0.0251981 0.00018101 0.000647931 0.0139494 0.00122317 0.00133042 0.0185893 0.000175947 8.76612e-05 
0.0170202 0.000281212 0.000212284 0.0263907 3.41528e-05 5.48143e-05 0.025477 0.000180732 0.000648728 0.0141299 0.00121407 0.00131853 0.0187692 0.000174731 8.76857e-05 
0.0170252 0.00027678 0.000215472 0.0264336 3.38367e-05 5.52281e-05 0.0250517 0.000175221 0.000652126 0.0139153 0.00123638 0.00129054 0.0186389 0.00017474 8.64768e-05 
0.0169469 0.0002752 0.000214306 0.0258335 3.3226e-05 5.47636e-05 0.0255764 0.000176538 0.000651925 0.0139724 0.00125542 0.00128866 0.0187855 0.000174029 8.65237e-05 
0.0169905 0.000275725 0.000215574 0.0255472 3.31841e-05 5.41243e-05 0.0256555 0.000175661 0.000657386 0.0142806 0.00122765 0.0012905 0.0188384 0.000176293 8.65991e-05 
0.017208 0.000276432 0.000217657 0.0260019 3.2398e-05 5.41117e-05 0.025199 0.000166723 0.000663004 0.0140627 0.0012439 0.00128688 0.0187337 0.000177409 8.56203e-05 
0.0172677 0.000277594 0.000226089 0.0261957 3.23035e-05 5.47007e-05 0.0255676 0.000162597 0.00066276 0.0137869 0.00126436 0.00128483 0.0186182 0.000181561 8.48579e-05 
0.0172334 0.00027951 0.000222157 0.0258302 3.26361e-05 5.36001e-05 0.0256622 0.000165843 0.00065313 0.0139259 0.00127619 0.0012757 0.0187855 0.000182802 8.39283e-05 
0.0172425 0.000287152 0.000228218 0.0264092 3.16648e-05 5.47907e-05 0.0251032 0.000162191 0.000652765 0.0135097 0.00131543 0.00125224 0.0186062 0.000182708 8.53807e-05 
0.0171418 0.000292333 0.000231616 0.0261939 3.12097e-05 5.5261e-05 0.0251763 0.000166411 0.000654612 0.0133242 0.00133708 0.00126044 0.0184232 0.000184297 8.60929e-05 
0.0171204 0.000294805 0.000232144 0.0261764 3.17561e-05 5.38859e-05 0.025198 0.000166547 0.000655772 0.0133226 0.00131891 0.00126221 0.018591 0.000181001 8.53971e-05 
0.0172112 0.000293231 0.000234096 0.0268802 3.0854e-05 5.3871e-05 0.02467 0.000167697 0.000651006 0.0130622 0.0013565 0.00124783 0.0183735 0.000179272 8.57799e-05 
0.0176129 0.000293071 0.000237955 0.0268184 3.14728e-05 5.4909e-05 0.0247849 0.000180545 0.000646723 0.0127438 0.00139135 0.00125661 0.018315 0.000180289 8.64874e-05 
0.0178191 0.000296328 0.000237064 0.0265064 3.10508e-05 5.35863e-05 0.024935 0.000177483 0.000645104 0.0130175 0.00135825 0.00127017 0.0186611 0.000177904 8.68192e-05
